123507
90629
97896
89425
85982
86356
86010
99952
84446
141702
119855
87252
147701
150908
93855
121605
143499
95649
131977
116615
143466
145981
131601
74330
86883
121439
84700
143601
145676
145318
105691
94364
84194
143913
98466
104100
95291
79680
72279
73718
85373
77726
82387
93399
139846
104627
83710
132401
107140
84728
104027
165882
142316
94314
142808
94565
140819
103457
102614
75214
77303
82679
95881
99916
80652
77882
79296
96070
73823
75350
84670
83881
73303
71101
78935
75240
81010
98932
77381
75567
78015
99735
94064
73603
79177
85223
82313
71982
99053
75983
83441
68301
94332
84139
77259
72792
103245
76812
74785
74550
75122
77028
85760
74240
105399
78094
91664
105542
76768
79440
