55680
42838
39282
60335
45142
57089
65109
42704
39905
62698
58070
39955
68662
49898
48116
45693
61517
46107
46815
53953
40224
47352
66646
55887
62336
48453
65239
38518
62917
48889
69509
36616
62184
82989
45467
50827
61086
47623
61079
49085
37303
69498
52720
47069
54818
60363
33398
52742
52974
32525
35278
141625
54658
53547
53679
124596
67408
52093
34451
37673
53508
38179
84321
57350
52488
37648
37740
49630
38950
53948
48090
40527
47256
55209
33433
52395
47951
52723
52899
48571
37522
36994
34765
48627
37494
56364
34015
33136
44738
33379
37352
47452
69827
48629
52657
60473
43727
36127
47247
48346
68633
49776
66273
48592
33671
43986
47310
47517
54326
50864
