59061
52915
49895
51943
73179
83762
80513
65824
50659
64326
62786
43744
72499
81892
52381
60176
45189
44730
64116
45724
42559
91184
71415
47790
41026
46247
63569
54015
47004
40378
45192
97022
60314
44729
37478
37718
68130
39043
42374
33928
50743
86202
73808
33812
38802
48836
57153
34690
36426
50728
55094
36146
35917
35687
44668
52631
62552
53465
48045
51517
67782
42532
67559
54640
49491
53096
45897
48395
48166
37036
57889
34597
36451
37416
37524
72786
48570
54301
58814
37655
33546
34172
63630
41640
49981
56959
48360
49110
49860
37922
47817
36763
59417
34744
49227
56010
38212
41199
50677
33858
68916
65184
41207
51409
49324
34497
38494
48488
63856
71567
