76994
48020
50262
47548
46682
46454
49448
68138
47499
44171
45551
68472
43482
44710
68795
48237
47989
46164
44031
44847
83965
64049
42429
67935
43275
121903
45154
44689
41414
66222
45444
42723
69928
43262
93541
40954
47102
45660
41240
70641
45919
46470
68453
120339
41719
120163
121001
42395
67216
41439
42571
41214
42391
40569
67874
40775
42167
67774
42972
42477
45707
43520
63461
39673
41894
43581
77067
64997
42623
79939
67195
46109
41363
44278
64454
42604
42606
42741
42661
41263
63277
62924
45356
65903
41822
40024
65749
42259
40774
41603
42068
88079
64783
119507
78647
67101
42690
46956
43073
66305
43722
42073
63402
41660
43333
46618
66920
43584
42367
43659
