198142
137093
124188
128491
123271
135205
125438
134916
148973
134011
138128
125267
135328
122487
124488
120755
133724
128077
132784
126766
123244
152094
118655
143159
122227
119941
207324
116044
118731
130804
113788
112421
110725
119087
110199
109777
113519
112507
111805
111180
119353
109597
105861
108971
104216
143866
111789
145418
107580
110958
120437
181994
162460
114687
107776
180850
116915
114154
113063
111491
114600
110756
106639
114251
109324
108269
108025
122642
107772
109042
110331
109388
109972
112997
135505
110493
109206
111108
105626
110129
109854
108395
112228
108873
112280
107074
110651
111275
109042
103214
127799
102532
111913
112132
131944
129116
111225
112496
99781
109857
110646
113145
112283
113000
110395
107693
116734
110754
113738
108231
