1755016
2154531
2134021
2118831
2116855
2008639
2105686
2276216
2165792
2409710
2087107
2050695
2657920
2704223
3539849
1870340
1708883
1906770
1776124
1769294
2733884
1793200
1782739
1584584
2725217
1959054
1862618
1779898
2826718
2245426
2042619
1954664
1989587
2076910
1940034
1947327
1695787
1394912
1479364
1496246
1461922
1401172
1658309
2456451
2241277
2444226
1704815
1401491
1420233
1372074
1379279
1304987
1348452
1396364
1356089
1309373
1389559
1497381
1754933
1357507
1444842
1387143
1378729
1393626
1585847
1756446
1364412
1845549
1632884
1355399
1400635
1377292
1360897
1326482
1347875
1473405
1415911
1373598
1450406
1345336
1292563
1431912
1398366
1328139
1321595
1366839
1363003
1364282
1341323
1385379
1794617
1714037
2610522
1873672
1650743
1345940
1398975
1291951
1369695
1359885
1376751
1745445
1786373
1466519
1712832
2530809
1710768
1433236
1744608
2566901
