838312
823030
857806
1109968
1094748
1105578
1080772
1118798
1185949
1268862
1071952
1048165
1274001
1687152
7622321
943495
758369
985053
933548
716310
1183587
881983
920236
780845
1058481
945242
1035584
747915
1327258
1172408
1207701
1054110
1127506
1024044
1058490
1063696
3379074
690364
778579
748654
694241
747981
923192
1394272
888289
1448058
1262884
749743
753400
778916
718261
744599
733942
763774
731137
730058
763291
895176
2169985
730607
732563
688879
701762
726778
920915
725884
749630
861344
774297
776072
747241
747209
749256
741717
730839
725653
943989
730962
724906
727938
1286077
724714
714169
747503
749826
703795
715749
712994
763201
750086
972356
741401
1299917
992169
933592
749740
731579
770605
780279
731531
719936
745145
1495765
725450
889374
1398837
868326
921013
939159
1446217
