58869
44369
45418
44471
65469
45011
66421
64421
44186
50559
46027
44314
67022
48549
61199
48500
56613
58822
62668
42339
39471
97349
72420
52664
57545
42375
139646
53182
40766
37562
41068
79245
59244
37714
40615
36273
77724
36507
51682
33945
40803
75539
53827
55247
37882
40354
58809
37011
47435
40882
43850
143531
36784
55026
37671
130063
60159
38675
40771
42019
40522
40636
78534
64163
40009
54045
53696
71425
40252
45814
57889
34501
34906
36332
34773
53373
34418
39649
62270
35109
48716
35721
56047
34676
42066
55114
41025
41594
39551
34945
62913
33920
56067
34170
41494
56629
52717
53926
40096
57152
67116
56052
35873
39847
34888
35298
36341
41751
58572
39677
