3288197
2935297
2813095
2802657
2659236
2772066
2748308
2763847
2779281
2657322
2803241
2661648
2767860
2717197
2705876
2747217
2728207
2699667
2519311
2745816
2849206
2441824
2469194
2338954
2412140
2708945
3227712
2714219
2480244
2360775
2384729
2178816
2198711
2155623
2108727
2058013
1998404
1980685
1996382
2036485
2123633
1924473
1976851
1923851
2017304
1944724
1921799
2054141
1992514
1980692
2490010
2520782
2252042
2229688
3279431
2134620
1958808
2019612
1950956
2026684
2012124
2169005
1987125
1987704
1973661
1974975
1917715
1889933
1964498
1989977
1939633
1939500
1926433
1869029
1925898
1977571
1896872
1968892
1894717
1905517
1891211
1901950
1986506
1951521
1961273
2010818
1997522
1934091
1991115
1853291
1876791
1986181
1905415
1928906
2098774
1975333
1919222
2120870
1985787
2121900
1904599
1941056
1975873
2044002
1958400
1942438
1931749
1904544
1973369
1990617
