42249
59923
40042
55330
39729
38818
62733
62607
57854
37731
52379
39474
57903
118561
59770
121216
48481
61306
36785
36139
56826
125551
34725
61823
46446
46645
35539
55695
38172
54077
39461
37003
48803
45888
74387
53486
46781
55583
49136
42156
34841
39332
50213
39887
39782
38128
34569
52693
51556
50425
34387
57852
46530
35771
54115
50521
38866
54068
58533
62484
57872
37898
53522
55459
56519
39687
82838
61236
46988
70978
52146
56973
37377
37392
58380
56917
44296
53689
58873
50607
49897
35078
46042
32618
55352
45842
45922
46563
45239
38861
36060
80988
58734
133926
73242
56037
44708
35395
33327
45910
57095
38380
46880
45741
53871
52683
50379
58468
51361
51141
