44136
64643
42798
44573
51921
60457
39839
66842
54945
54089
42669
48077
37516
119820
61690
122079
47387
46431
53396
41139
59551
113436
35322
48801
48027
35620
41657
48187
33821
50663
37891
34625
62451
34927
74719
34274
41037
57993
36816
54723
47475
48591
59034
46112
52870
47532
36732
37139
48653
41515
52241
47776
52576
50306
55205
52274
40009
53294
49091
34104
40002
41657
57390
34134
34485
34434
86266
58560
34720
72420
57849
37914
52427
51045
56748
47292
35171
33175
38227
34481
70296
44296
51058
62288
34650
47111
56716
33891
49731
47995
34459
104049
61580
39842
72468
59469
34375
40105
47017
38221
46423
48126
57472
47755
35411
39639
51287
34643
50313
30975
