122891
117490
121845
122953
116301
105177
120648
105957
104834
121528
121334
104146
113360
205813
184885
214826
116504
178306
163061
106961
169792
203614
161486
113282
160370
202144
175789
107483
172311
202992
161723
106169
106433
103956
108167
105558
104331
107664
103508
111521
114642
118229
106408
193623
166946
202513
204476
172807
106688
106179
116276
101614
123070
105235
105283
105436
106604
168617
106902
106751
105479
109371
106458
107017
171445
104806
105284
106158
171986
104849
104418
105023
103969
105094
107606
105009
160138
104130
107249
104126
104753
103613
104056
105202
105350
105851
105292
107389
104446
105336
159553
106244
161143
201774
170514
101613
103815
105822
105301
106012
105668
104490
105788
107497
106268
203932
159011
167788
114926
202580
