86343
77431
84198
96937
74086
95262
85742
83572
78193
97117
93424
78424
114502
100009
133034
169547
129835
147623
140847
95965
130385
160600
128412
99409
127347
162835
128249
94332
139724
158657
129828
115755
80766
83305
77376
78815
114686
82313
75520
83557
84616
79246
101113
160948
125812
162929
160817
70440
83121
114757
79783
116835
75579
83744
82392
81178
85449
130436
97181
73587
95142
78780
85006
82358
131848
112538
118140
123566
131653
115835
76400
83432
110265
81762
81486
79769
130873
114315
80938
96629
80639
89797
79498
113351
79138
96059
69992
77144
71584
89657
97500
114184
144791
161398
138841
96718
77619
77147
80974
75675
81197
82221
81129
79562
111980
163439
132505
130649
110864
158557
