57484
44724
42900
49608
68606
65632
58394
47368
49476
69674
45336
48146
47429
52190
48521
60614
57936
41231
41233
45730
46230
72577
63373
53152
40945
56943
37454
40874
58033
36691
41155
82680
59065
36195
36474
36427
63460
33693
40289
34250
36180
71577
56701
51379
34874
49933
40078
33629
34413
30481
36347
119568
33069
38396
50376
124447
60655
38576
36303
35245
37014
41511
76153
56588
39934
36631
30757
55034
32907
39632
33389
45973
36158
50970
31109
56768
34147
47790
62801
33995
30312
41991
30203
48363
47811
36377
47518
47828
33365
47619
39252
33174
50731
47699
34092
56972
44220
48149
34382
34565
68453
56384
34208
37157
47907
37267
38227
35044
56392
50502
