441208
275136
266344
256594
263922
253110
270330
262997
261451
257280
249985
255012
273425
258850
254493
247629
253002
253217
247943
248991
237250
227199
250653
231578
233766
230171
329535
235192
232106
241613
229770
227806
212041
267473
219926
218871
203495
210763
200285
228253
221901
203742
208087
196670
194534
195199
212886
205303
204192
191524
202633
259831
214755
215616
201929
190355
202197
199921
224038
194302
194731
218248
227128
195723
196666
196119
194718
206559
202391
196768
199463
210329
210684
197365
200888
205577
197542
207125
200323
197956
191048
208708
222810
191448
216278
203021
202341
196027
207392
199087
199495
192813
201929
195249
194336
209978
211106
193768
201320
191486
202906
200099
206814
205738
209844
191491
209414
206697
204975
209217
