50720
42374
43155
57775
72356
74423
68413
72163
57104
44865
42261
65761
78527
43134
58926
58697
49651
48532
61385
59541
105188
41486
69995
40968
45784
40002
44551
41519
39214
39574
39110
71436
59040
36778
36749
33895
63797
33808
69387
35674
33376
81576
56446
58268
33589
34334
50737
33126
39276
39029
37892
56103
33822
66249
39142
69862
61672
40838
33023
36259
50313
52329
86929
54442
47980
51971
40353
56177
36276
51012
55969
33830
34618
70191
36152
59717
36043
35595
52098
33513
55454
47988
56032
34792
35607
63521
33339
45668
35483
34673
48013
31790
33997
36710
33928
56283
56572
41254
36086
33745
39472
34680
37348
36248
35636
47844
48289
33773
55926
33578
