52732
48272
45244
43578
55471
44255
51674
44953
44867
48115
40432
54615
63105
62148
56392
69062
63361
41900
40825
50715
38864
90894
65827
45944
42030
61900
59957
40349
48859
67459
54795
80591
58542
51997
38655
47328
63770
53866
40569
36643
38910
75729
58751
52260
58778
65583
46666
48447
52534
37403
42554
38153
53043
60460
49506
35522
55686
37429
38017
33396
63066
38123
72297
68636
42092
42472
34742
68313
60577
34108
34619
55439
34011
52834
36221
58793
42723
55138
63438
55585
35768
36803
33383
36766
40264
56735
47576
40699
40673
38913
47630
34137
57051
52416
34711
52422
45040
41392
36041
34431
69064
51196
48017
48367
38796
36532
33782
40493
51820
59377
