139925
89522
88886
86650
94644
84452
86005
98718
95054
154404
120550
93167
154243
89599
101345
144495
126790
97857
105665
108823
106869
159302
125768
118821
106496
111369
93107
140517
147765
169609
114851
99619
82300
150863
96596
96238
83610
78341
76963
89528
77064
101663
77503
83349
131913
97085
91813
140271
97966
84423
96980
163750
148340
99392
145017
165242
146960
95488
96155
77601
77495
77834
80364
98004
79807
82545
79493
70158
80837
79154
82111
75332
85136
77605
92417
84281
77571
93649
81315
89685
80121
95569
85390
82519
94579
81249
81907
82999
136874
77753
75133
97249
98710
75760
77665
86382
92932
82423
80488
81732
83336
81507
79629
82443
97764
80240
88602
95057
76112
77739
