1381468
894242
892349
819566
792672
850593
812194
839251
811814
841760
810406
796683
792872
798213
802196
837708
813868
837765
726883
735862
772621
810910
739586
667316
797281
769131
1027547
743499
710652
834061
627848
615823
622255
646102
607069
598060
598525
619202
575658
562740
589350
606692
674506
571352
620951
579252
565935
708238
560007
557209
690875
860188
653438
611253
766051
615985
633555
545438
631981
605752
638059
607871
681374
568353
566237
582153
549928
576729
575753
542049
586427
620468
631806
584741
606552
602848
605928
611983
577027
599705
550860
549233
612431
639158
595159
616234
591414
596307
574857
563240
600865
582080
565523
606251
614004
596351
601668
589833
600231
596624
593882
574563
552048
591417
594800
592954
654688
589294
644108
637398
