38839
53325
39005
54761
47099
46179
56793
57545
54399
54414
52477
47781
49689
36606
61428
51878
50128
51594
36005
34231
56247
36486
35094
60051
35906
116642
38056
50561
35202
138216
36254
37646
41637
39077
66659
51728
55516
54542
39958
48315
46242
48503
52578
31807
32568
113917
127740
49329
51742
48696
33755
46217
36949
30721
77596
38800
34731
37741
49056
43410
45954
47579
63249
48549
45657
43968
68131
57573
37216
75170
45621
45994
35125
42724
55655
49056
36790
48997
49771
48983
47178
33501
54272
54679
49834
37737
75280
37930
36903
35071
33829
70613
58835
51428
71887
62101
37085
35772
49066
58700
42356
34519
58235
37280
48088
52649
55692
49858
40469
39750
