783809
520421
501802
483975
488096
480690
488361
465286
475322
483085
479568
467157
483537
481457
489484
477311
489652
509261
485056
483096
449981
551191
463103
466271
461144
431318
601884
488261
433053
426415
436748
445013
406230
409613
370935
376891
387578
410348
390805
360750
414420
428405
415149
372348
407592
362834
382342
359335
353564
385596
422200
454577
344567
361433
429005
410576
465723
361661
366702
359234
397467
390568
422254
383946
373476
377372
406360
420501
357474
360109
406058
362419
372642
348168
379476
402404
358817
364894
380355
358610
384854
364757
382855
402271
371031
388694
361256
361205
351184
370827
406634
361001
401817
372381
369294
400596
366644
359849
371901
394746
381029
393120
360473
371174
352169
372536
363870
365877
384300
364740
