147183
104354
107413
91805
114639
106662
96129
103744
102038
162767
102134
110515
142712
95544
100537
105664
114841
92401
104849
128409
173338
148169
101987
113986
108616
102652
202018
169032
162658
157228
115468
126756
97505
145054
110682
110638
81052
79484
80602
80586
81396
88482
82391
79381
144662
125933
80778
146378
108546
76709
99877
175549
145962
113754
156085
176918
143030
108152
106395
76731
78262
76171
84579
107120
92997
95117
77807
98383
98019
78630
78779
80473
85674
80867
93892
90500
78517
109385
93902
93119
80023
126966
90867
78180
126155
79703
78046
79231
101241
85765
77080
84643
78213
79326
80218
86308
108335
75638
86135
82685
77973
75292
80136
93983
107523
93574
87073
107819
77629
95292
