270779
187594
180499
170949
172161
169182
172783
167078
175824
165257
165111
169476
165206
185637
174999
167806
175238
170216
169481
162589
157105
166893
173191
155763
161761
156938
238011
154266
153062
173052
154543
154612
155920
165103
140265
149593
153169
144523
136147
138969
144393
144291
135871
134418
133654
146574
133942
173722
134354
141516
135954
219289
150400
141923
131309
211267
142654
144352
149721
135345
134295
146639
173152
141937
135392
134890
138547
137588
136505
145893
132560
133153
136335
133470
141427
140559
135929
144115
138339
133500
133125
133694
130146
137241
156727
134425
153321
132674
129776
135448
136581
139196
147740
134938
144446
133550
141964
140137
135877
132811
136362
137928
131245
130872
133942
146084
144749
161548
133757
143052
