106337
82391
98522
100118
107929
85904
96027
93120
95210
95846
94852
91936
93116
175389
149077
177131
100152
139252
123317
115081
123136
168754
135776
116878
132667
174661
132202
118720
135554
158596
133891
110002
97483
80588
95535
96146
93734
78257
81644
89647
91475
102761
99295
156366
132989
173037
159414
144458
76387
114138
83457
112306
87691
95033
95152
86707
94906
132920
98346
99708
96261
92136
77738
84751
120118
92220
91673
95991
96320
92466
83709
95951
88827
87899
95351
94497
132513
95775
96315
96733
83204
86986
94874
84831
94615
86234
97101
97641
95884
101332
94822
118561
130006
176920
128967
98698
86855
82298
96358
87190
86784
96155
84205
83837
114559
153368
134881
148592
117420
163841
