188840
145434
158229
144245
147860
134471
138953
143330
146241
140021
145137
146795
176192
231753
170295
249473
145572
168378
173230
134309
166010
226722
174937
150230
140879
234120
133294
134902
174634
237243
145047
131125
135021
137166
200982
146034
152050
133890
136011
147125
144125
145941
163967
231477
171984
229395
229965
174140
141729
145586
135618
132992
147558
144483
133235
133846
133485
162316
136406
152657
135263
133342
135251
133912
158949
139701
163083
135956
173145
169306
135767
132775
132537
137088
133303
138421
171900
142746
136017
135400
135155
150888
134814
135140
136903
133598
136127
134660
135063
151168
158188
195042
140540
232619
225866
134037
136742
146627
133798
132759
143951
133089
135084
130324
137617
230986
132613
162045
133570
257383
