116654
107891
105953
108950
103883
102965
98101
95702
91924
152614
94743
95697
121121
186815
155535
205138
100404
158506
160610
91423
159270
189634
163515
88748
166785
180098
167929
88636
154630
184922
165086
89804
93497
106098
94577
94137
94606
89901
91027
101074
118327
100200
93873
192520
161784
181092
187192
155793
93795
91413
91486
89805
98882
93540
92789
86253
95362
155683
89630
93184
93663
95045
92092
87371
164818
95660
92801
123716
145544
92475
89615
92974
103231
110757
94258
93462
167545
92138
89814
91384
92497
89385
94661
105317
93746
88275
93583
92602
91680
95108
160215
93010
159043
183413
159598
95888
89699
94020
95984
88624
102013
92212
89770
91985
88067
184684
179925
154808
112725
194826
