465467
452041
458797
391871
404816
382326
419164
429171
539179
674542
585491
608126
657378
917975
727490
630028
442606
506549
507527
438877
538722
710631
496064
431820
539896
775321
558252
442322
511631
725705
685986
582849
602555
586127
650823
582186
588182
388405
421882
429868
446720
357768
507348
825696
554569
824134
778528
483724
407037
442152
391853
371077
408414
393222
395051
414180
442238
558684
427087
410222
405456
392709
439423
395320
520855
412362
519420
385034
486303
545563
395816
411795
408677
398892
413632
393796
472830
411068
395111
387681
395065
395827
405506
441482
423821
363247
395519
410518
408782
413633
524032
557675
515918
515891
593287
439248
390789
390406
409561
410898
390729
396245
411096
395423
567921
810390
472970
538360
507877
775914
