306079
270756
281926
265092
250339
272102
278519
250131
252499
371598
306993
293389
397342
513488
398365
469263
269969
374330
365748
246835
365578
434733
362992
318782
315851
424146
358838
258879
362066
460185
392673
279858
293628
295085
360979
299070
278731
250596
261564
259623
287415
282647
378653
411451
382270
444642
427512
382340
270013
250246
246507
273143
250966
265001
263360
247959
248033
396260
280384
249092
245776
246560
262616
249986
368479
279781
346476
263403
362908
344415
261364
245580
246889
258936
263143
243613
331550
270078
245555
287619
244661
251635
244764
308456
245756
248229
277646
249038
280438
276013
380598
379916
360807
480276
475181
278660
243816
248441
245752
265131
236026
248267
264760
249462
308888
450779
344705
363491
278361
415872
