2097126
1517103
1505332
1493720
1511547
1497885
1431134
1486736
1443026
1581412
1462003
1528136
1499078
1470924
1459165
1528709
1470765
1511645
1425076
1509757
1272584
1311119
1374230
1301930
1339070
1290010
1795590
1381612
1246371
1336324
1124611
1069533
1143449
1238764
1114046
1096628
1092812
1109219
1039594
1126011
1009675
1033262
1006159
969566
1216442
1014915
995519
1198142
946572
1034448
1211586
1677601
1175334
997902
1590164
1173382
1172978
1010506
1084228
1069894
1092368
1109456
1087045
1053102
992970
966384
1001677
1048083
1020634
1024992
1067031
1098657
1048047
958527
1060189
1086854
1155431
1029190
1142786
998960
988721
951682
1070542
1095769
1116678
1096768
1101626
1090560
993691
998153
1119296
942019
1026297
1019793
1139451
984026
1098508
1137890
1071219
1069835
1019425
1003539
1008329
1140201
1035395
1068715
1042599
1071609
1125198
1087541
