80045
56570
56429
55738
83981
76847
75703
52552
52515
84590
53829
55517
85992
54066
58438
57206
57410
52175
55070
55475
50804
86353
104375
50341
50656
74806
80340
54284
76198
51736
101811
77982
71587
49819
44921
46784
68085
43447
44374
43606
43864
79039
72552
44330
54442
43138
48297
44319
43280
47455
43667
43722
44003
67110
45096
121628
68529
47877
45918
47293
61690
59167
80301
66403
66769
57694
44467
65684
44228
44462
66586
44840
48978
47344
43632
65589
44084
44036
69092
47671
48237
46509
84526
43838
44229
66836
44137
44760
43544
44634
45958
41694
70470
44202
44247
63776
47658
44276
43521
43413
77652
76176
43739
43808
41862
44384
43864
44175
77862
45767
