108117
40394
40618
48229
50150
50098
57442
36173
36727
40382
48379
59077
36173
117639
54221
58745
50339
39226
39006
33963
56031
136330
35471
40295
36404
139417
45109
36609
49265
137635
39763
54341
34267
36752
67829
44713
40866
34813
37523
37772
37422
46992
56627
37296
32230
129407
135348
37113
40045
34703
32748
33967
35702
47497
59738
33657
44254
62126
32840
34162
35670
52351
48249
34689
35329
33673
70946
59505
47768
67154
55976
34337
35681
35844
38095
33894
33348
49233
33842
32941
56683
37475
39218
34017
32642
49576
39875
44926
32670
50840
34821
70195
46232
41016
37376
55527
50044
44862
43015
34519
33824
36450
67561
49236
36504
34758
141831
36125
33104
32790
