697458
43365
48755
55217
50274
53566
54522
46205
45194
44481
60292
41935
47188
56809
53561
41511
48101
48456
40913
59304
56336
70940
45732
39573
43954
45372
40938
37305
39336
39245
40581
67743
60066
51469
34831
34789
39474
50797
58347
31793
35842
83033
35467
52664
36997
39620
32084
32599
34783
35801
35990
35479
38181
40284
37016
38569
59863
38341
34481
48340
53926
55843
97635
48311
38213
35757
33209
49661
35271
35732
33914
34227
51592
52069
31893
51502
59046
56089
71520
39327
33923
33670
40944
50191
46316
51069
53693
50087
52625
50758
60714
56095
35109
48051
31711
51948
52909
48097
50369
57888
94393
37219
32609
47520
51288
49788
52578
49579
72788
56923
