705912
41711
44802
46221
43207
41005
38255
36171
39629
40695
46604
37899
35577
38469
48005
52873
43629
38779
36431
37853
36614
37323
40056
40316
34378
36847
41905
35518
43193
37747
39766
42227
37387
39145
73401
41104
36119
38270
39748
41340
40949
43265
38421
48829
35553
45768
38622
35962
37841
34820
35034
36674
36810
39453
36264
35983
39646
36284
37602
51715
40001
41031
40722
35701
36086
35202
77744
36853
42082
76369
38854
35706
36590
35419
38373
32447
36434
39938
39779
37398
38413
33475
36119
36989
35202
40155
33386
39419
36641
42481
36205
73954
40033
35262
76192
38842
40918
39762
41344
38287
34208
35839
35421
41172
39509
36225
40515
36588
36930
37091
