97393
90516
91180
87475
79489
70903
82917
69608
76063
90809
118390
89456
96436
67066
132414
174754
138272
131796
134157
85116
130538
172573
125065
95007
127477
164352
124399
94922
136980
173115
138229
87953
83256
75163
73048
85064
113652
70647
84321
91531
91277
92507
94923
161501
128348
158078
173300
130510
99369
92323
76580
108241
78834
85038
78947
95418
88663
128572
93417
78771
75611
75692
87499
66749
133629
117142
96355
86467
134966
81691
102206
78408
75957
73208
78233
70303
125114
82456
82045
85268
69647
74894
82540
113899
70836
68862
79439
79963
92074
75943
93037
114490
79034
172325
146337
88970
82835
80733
79729
83050
79481
65978
79226
80974
103709
167536
94664
136503
106075
163439
