45630
46786
40261
58297
39680
64043
36155
56116
37342
52026
42580
62818
63902
45464
60720
130745
42009
47391
47852
37583
56540
42411
34082
61393
32582
46232
32797
40786
52770
56177
37961
40346
34228
51636
72259
60263
48445
38229
34369
40866
42293
44499
61440
51191
33340
34685
40316
46439
53654
39196
36592
37061
33112
51176
53682
36223
52608
45785
37814
39392
40254
57633
39427
38416
37176
37563
71588
53637
55702
70246
66446
44428
32904
38791
51482
40139
39743
57618
44648
38291
61226
35225
54649
33231
37981
54243
52971
52384
34931
52038
33382
80311
56729
117508
76240
55482
59411
53853
42630
56969
36929
44244
61615
52497
40157
44849
47668
37411
35191
34111
