40786
63393
40632
50553
51042
52679
59599
54441
38261
54974
47871
52919
48124
49395
61277
45110
50639
77690
41668
36555
58307
36067
36256
52002
57804
115032
36027
39996
45962
131024
46114
36075
65840
35745
95351
49031
37357
41723
53595
52977
43826
49304
55151
131780
62078
129888
119474
39811
53959
33664
39889
52328
57981
51289
53424
57959
46830
46802
51940
46492
48857
36819
50702
33148
45981
46837
72673
36678
35399
74107
56101
49397
45482
39187
49787
52066
34220
47968
46324
46775
58485
38959
41860
36167
34399
40047
55513
34138
59302
53747
35068
68440
46145
33423
74030
86166
33838
37036
40807
64909
51181
51296
32776
37821
36838
37163
62516
48589
59616
53079
