1902117.0562836437
2002122.2495845596
1530221.8821729152
1093852.5486764384
1504777.6690993905
1760129.5455345514
1911863.110601281
2220051.5051949206
2134927.412467976
1260859.1494244179
2047837.4836173002
1765754.9485282432
2178886.588953045
2035664.8481394022
2196595.2773201535
2132559.924933891
1806717.3752009973
2076756.9363681674
2165814.7795200553
2183358.441955416
1554726.368159204
2197705.595358446
2129471.890971039
2064409.5788604459
2181358.1135615036
2003245.2573168534
1433280.7797047442
1953621.036591322
2164970.772894566
1110296.8933892923
1460301.6983308753
1088328.7623525315
991099.922694206
1340464.605032104
1911314.98470948
2000280.0392054887
2062323.413557714
1092013.0167951602
1344122.1538213394
1950686.6416978776
1675182.1760616468
1150734.7441341297
1814717.357771527
1620220.3499675957
1886792.4528301887
2043986.5914479601
2027945.0832471456
1935396.465966053
1844984.4098817364
2000760.2889097857
1883664.8583484027
1451694.8537417436
2004369.5255657332
2030869.2120227457
2116850.1270110076
1840332.7321579743
1958787.1190159053
1969977.5422560184
1367558.7708381768
2177415.842877673
1732531.748644294
2167833.683799779
2003807.2337441137
2170044.70292088
2078051.618802211
2008798.5375946646
2111263.5912593687
2102121.0401294907
2107570.3928511213
1537491.735981919
1894154.6387847103
1924075.9625190003
1743071.291615827
1921155.7673096135
1913436.1486357201
1226497.2465136815
705233.5380861373
1323977.2275916855
1345913.1347662823
133426.55401907465
294824.35838849004
748973.9057491237
2083116.3420477035
1968155.2480859691
2141419.332733736
2068337.8836766775
1877158.7325424238
1894872.475082427
2162115.4137207842
1554001.554001554
2245828.3737956746
2174102.0958344205
2302184.773349909
2161834.965518732
2272365.7599927285
1581777.9183802593
2278111.90085657
2055202.7457508682
1855253.1492922208
2285505.3252274077
