6813.623
6164.663
9133.524
5697.6135
8252.84
5494.0055
7925.476
5390.429
6211.7505
6376.0115
6166.3625
5888.9665
6222.0585
5423.0245
5289.5805
5448.67
5475.5405
5468.92
5493.014
5567.71
5337.8685
5488.3775
5553.864
5992.235
5381.3585
5898.6855
6023.441
5860.339
8353.459
5369.0275
5360.038
5370.64
5336.3625
5267.643
6103.564
5998.6425
6361.362
5541.46
7162.406
5995.2775
5387.894
7135.145
5960.3995
6406.6455
6830.4235
6567.875
5636.8675
5801.5795
7029.705
6682.2765
5889.1635
5324.161
7212.0425
6643.7385
5728.8675
5365.345
6033.475
8393.465
5655.0155
6255.7595
5917.529
5355.1215
6688.334
6986.693
9488.5665
5718.0405
5377.7735
5522.735
5716.9535
6247.55
6166.536
5409.379
8635.569
5556.569
5668.926
6301.901
7963.677
5654.2005
6468.48
8621.5895
8474.6075
6606.596
5456.145
5364.586
8505.8425
6955.2695
6360.1175
6312.795
8320.737
6543.2225
9197.2775
7050.648
7599.0645
7855.491
5808.46
6329.575
8036.801
5585.754
7384.171
7606.105
