# pthread create experiment config:
# Clocksource = clock_gettime(CLOCK_REALTIME)
# Experiment = fetch
# Output is in ns
# 100 trials
# 10 throwout
# fetch-type: fib(20)
34947
37644
35711
35117
34463
34063
39055
34159
32124
42699
31376
31009
30155
30128
38271
31213
32935
41738
54563
36969
37994
35431
38975
36865
34783
35748
36316
34610
34730
40246
33775
34970
32584
30178
29036
32875
34553
38001
32371
34266
34072
32677
30018
30332
33225
34503
48035
33736
35721
35000
31443
34296
39142
37267
30241
35564
32044
34603
35411
31416
39075
33952
32958
34697
34383
36422
33963
34552
40854
33936
34049
36442
34306
49317
36719
34229
39122
36907
34663
35084
36078
34162
34326
40360
34399
33955
36699
34260
33812
36435
34183
39349
35988
34436
31667
36556
34707
33806
37323
39425
