# pthread create experiment config:
# Clocksource = clock_gettime(CLOCK_REALTIME)
# Experiment = fetch
# Output is in ns
# 100 trials
# 10 throwout
# fetch-type: null
35424
36178
36669
54600
35388
35618
36719
41431
35581
35611
35784
40633
34763
37133
37613
40387
35307
37831
35008
35200
36959
43083
40580
32734
30779
35274
37883
30776
30375
42853
36089
30819
32431
30602
30662
32611
35777
78113
43326
34950
35267
37954
35704
35894
38795
36288
41451
37100
35135
35184
37219
34853
37093
42182
37376
63486
40236
35371
35231
37122
35337
40553
36916
35167
30825
37880
35280
30612
36315
40286
35303
37316
35183
37410
37186
34773
40390
37950
34913
35528
36629
32611
36996
37200
35624
34760
39529
34510
30335
37703
34186
34967
42512
36168
36092
37149
34817
34837
38114
38935
