162860915
11948372
9025927
20263875
15435807
7194060
5469181
6215087
8642367
16320161
7125606
8152912
10991300
6047548
18639544
19003429
8030841
6251954
6256826
6596332
5656216
4996164
6580780
6527434
6024816
6235662
5402610
5986754
5670690
6285440
7009059
5730500
6755966
6468587
6188863
6224995
8446302
7380731
12368783
8690136
7120031
6342120
5571341
5637208
6009307
5805282
7436319
5975509
5074581
12905867
5335089
6248958
6339143
6378006
4825274
12721176
8326681
5901016
5969116
6255156
11766044
8623047
6472014
7798869
8551710
6552638
5887473
6621335
6753232
7114635
7544117
6191569
6894912
6042575
6074567
11170103
10616020
11359219
11682504
9990571
9324551
11010619
10801405
10792407
9469475
6961396
7195330
8371003
9684399
10992211
13934588
10123340
9691746
9237493
11055037
14381685
8072280
5106815
5042045
5585812
