1589999687440087547
1589999687511979516
1589999687583751408
1589999687655120062
1589999687725900326
1589999687796981077
444504461
433030959
423539965
419192026
416242297
408389572
396737067
390445973
388361682
387135100
388449035
394501966
396391721
399059132
400200994
400067287
401444856
398579411
395364752
392576559
391106003
380409619
381591464
378664881
378342197
382340952
384220794
385714498
394551063
395142842
398222724
396637607
397291604
397727310
397553788
397869648
397260924
395899360
392388555
386653817
388635325
393237890
390900568
403423305
404305680
405377263
405610768
398082186
391862605
393013447
379873971
378131488
377854886
375999947
384728990
386800130
386788911
386316632
387696171
388722238
385024149
390935800
391251542
391089884
394167977
396222115
397946619
399608014
400513944
402514366
403295832
402815153
405529525
406260962
397006702
394181212
385160517
383893604
389298017
385268046
383759821
394700736
397839685
402560576
398652028
393426243
393427037
392188274
390507840
382950508
385268422
385990469
383735467
382952395
