273598778
7181267
8543020
22062567
30936242
9389287
8132302
47572520
11263084
22973781
8467028
7691848
7115560
7778371
6279007
24312318
8667866
8685703
16741442
9605839
14647704
13533238
9017900
10570084
7920139
9602278
15088774
11237029
9455946
8701751
9190378
7789166
19793470
7556778
8830738
9792842
9334765
18053342
22226752
9314881
9922397
8710668
9680177
11623791
15810131
10802097
8509806
9258141
9329185
14981178
13157523
9694421
10938093
12762136
10141631
20084907
8575016
10528691
9913968
9870865
18287296
17705123
9771927
9854421
10360401
7561604
14072979
9153664
8546359
8391882
10409535
11332089
15231756
10313029
14719555
9095559
9608760
9189824
16318070
9817814
11402519
9694962
8934222
17451506
11101449
9716668
12084555
7863791
8640542
20004438
7508360
8251669
10582495
8174250
7758057
18614820
8413902
8699476
16847095
9649964
