1589999711009943331
1589999711097458870
1589999711177938234
1589999711256040453
1589999711333267698
1589999711408130444
1589999711480997518
1589999711558514376
1589999711628719528
1589999711699247398
1589999711773179396
1589999711842332253
1589999711913033661
1589999711985183279
1589999712049080467
1589999712112665625
1589999712189619048
1589999712261011910
1589999712333430040
1589999712405782403
1589999712479248748
1589999712552557934
1589999712619433253
1589999712682929077
1589999712746235649
1589999712809000819
1589999712872512015
1972007098
1952325940
1937467307
1935550513
1930598626
1926382469
1918096058
1921958422
1916524125
1916575810
1917400475
1909949056
1905338434
1897727404
1900562747
1900393768
1909978563
1898931653
1891025899
1883301124
1876116139
1868348426
1866220623
1864877950
1872822385
1874318624
1881881395
1881528276
1876544362
1887000765
1880208271
1877286354
1874535547
1873858703
1879312554
1875587290
1869161856
1871849536
1870614419
1874130868
1880622819
1888755463
1886990832
1895984308
1894297547
1900844896
1908956867
1916518315
1924235940
1930904899
1927184115
1934584901
1935477040
1943072245
1945417512
1951290570
1956991381
1946967581
1945871899
1961500174
1957673481
1953558699
1951706380
1948170705
1952659521
1950042832
1944481098
1945215872
1949251328
1942202008
1939573490
1931462702
1919608519
