1589999694938610221
1589999695016321655
1589999695095767031
1589999695166238586
1589999695234714152
1589999695297151834
439362142
426631771
414849940
403632522
396818419
400425022
392024184
400417573
400145045
400375063
397834444
398684041
398668051
399047257
399086120
399591618
400064846
396554236
395117631
395995184
397496071
400711646
410647448
418889368
427833597
426428739
426367911
426681045
435322137
420139712
407622743
401105118
407809336
408622486
409115881
409335937
407220399
408506441
407482378
414010401
425048390
425872282
427529541
432475359
429072057
429176231
401922949
395735296
392573308
389113748
394673741
408235903
414547611
403717295
421392954
419264358
409263292
423342903
423231343
423530487
423197721
418339265
430334737
434745137
436783217
435027367
440695521
437962901
442011643
431312170
427832135
430720744
426270995
431922590
428916499
434496309
433496556
431851482
424050527
420298351
408326019
408309427
397288660
400242334
406080389
404841955
405786800
408724410
408676589
411108643
412949976
411817195
414753162
414388895
