1589999702874118063
1589999702956951384
1589999703038362602
1589999703117175044
1589999703186685195
1589999703259282883
1589999703328845155
1589999703397619926
1589999703459273551
1589999703521063853
1589999703583869101
1589999703646528404
1589999703708686079
916986627
902602185
883763332
870758118
866476106
856897735
845770400
836183950
828499970
829380728
829808144
837158040
830735880
833322517
834352087
835938661
833841561
837222706
843789642
847785620
856760509
860665535
869505256
870862950
874916149
882168553
876333450
884301381
876756772
888879205
896877472
913858518
921136584
925135994
918273698
912433525
904561035
904460332
899921459
904498003
902926516
904008863
905545729
900431796
899785938
886725043
896474541
878068272
887035296
886936503
900151784
912162779
919008794
919566052
926811345
944084358
937258658
930371394
926558621
928125762
917356182
909971298
901682427
905985760
904054340
898336737
896365763
898251673
903280979
890187441
896955383
903661377
905692993
909547750
904243983
904935917
899911264
904760333
898690279
889969306
891743100
892158443
891434050
892048532
889718852
882558299
885433079
