169440596
19888644
10717835
23086285
40298542
13976778
11437374
10827046
20806673
38941118
17356765
15619142
17537547
13980202
14872785
25920914
12508377
12065238
10201191
8220642
11635285
14330070
11884834
8901566
12344433
11047835
14806381
14035265
12531955
9447698
9280857
7947254
20853738
13730057
12858722
12316941
7750738
17793035
13735595
12565919
9246905
10612716
11138109
7141452
12684526
11418970
13790793
14245126
9062962
17646324
12786036
12777291
12316923
7710577
9298633
15611021
8822777
8505370
10085662
11404210
7375413
15460754
10490960
9961861
6802728
8035497
10213083
6745953
9584535
7288723
10429772
9383182
18999935
12771194
9268181
10654572
7183677
8498578
9629780
9122461
6617820
6622316
10105432
12068116
7679917
8621369
10637598
15539980
16270906
19569391
15011148
15682271
14589752
9921231
11919234
24508198
13321452
15009145
16115754
18015382
