213294495
9904864
10666846
23464061
31046137
7893059
5825999
8952899
19009037
21683095
10941190
8764190
10612178
8923956
9686627
27180185
9640872
7706226
8313822
6111687
6654994
26449657
11346334
11749673
12133757
12154651
12130404
13089165
14702712
10835301
13057047
9885486
28002336
10473525
9184559
10860166
9354093
11527469
18017752
12809903
13971048
13677884
11268042
13185307
13015489
12520892
10453661
8449071
9225791
5937290
6411545
7719591
9967404
6400075
9987604
18525350
11146612
9427710
10893238
8547581
15087381
19294129
8375279
9192378
8583631
10885904
16638873
13711417
11177759
11624348
10266505
7281867
14827748
6435455
9146989
8330214
6841064
6276718
9263236
9252729
8724100
9636073
9358235
13446764
6809475
10057461
10404212
5531509
5658387
12718499
9494159
16774648
13848723
12410737
13493488
13655213
11981083
13700768
14534853
9866294
