4399271
2682141
2247013
2227567
2233934
2222252
2233106
2222251
2243647
2228221
2227587
2235975
2222253
2238145
2222378
2238005
2222254
2234796
2228078
2222288
2222253
2238530
2222315
2236410
2231215
2222289
2229874
2222657
2237870
2231346
2236645
2233071
2238109
2227505
2136149
1905203
1931549
1909326
1922611
1905637
1709389
1481502
1481522
1481582
1503986
1481566
1564938
1559623
1481524
1572287
1910738
1914133
1904788
1904895
1904912
1909427
1915004
1908707
1904809
1904788
1908677
1918335
1904856
1904787
1909702
1908982
1916290
1904843
1904786
1904824
1904815
1904791
1909069
1909023
1916400
1904809
1904865
1904823
1908815
1922342
1904793
1908985
1914375
1913110
1904787
1904818
1904787
1917434
1909131
1904817
1909034
1909295
1904808
1904788
1915806
1908649
1917870
1904819
1904809
1904813
1904791
1904822
1912186
1909351
1904822
1904818
1904826
1909087
1909711
1915392
1724563
1765973
1757686
1486581
1771141
1485302
1763463
1765573
1485318
1766021
1913551
1912604
1909238
1904810
1904818
1916694
1909557
1920392
1904810
1904866
1904810
1904809
1914778
1910390
1909596
1904877
1904866
1904787
1833925
1580165
1913740
1909807
1922528
1904787
1904978
1909806
1909604
1913990
1904824
1481627
1904810
1914630
1908905
1910855
1904835
1904787
1904808
1909632
1865414
1493164
1904790
1904824
1908660
1920867
1904787
1904840
1904892
1913204
1925938
1904968
1904787
1904787
1904818
1912323
1911166
1904806
1904846
1904833
1910994
1911987
1908923
1909081
1630300
1481502
1682091
1481503
1675932
1657491
1481502
1907787
1916755
1909635
1634222
1481502
1695815
1675877
1481542
1731634
1481516
1910652
1904799
1904808
1481561
1481501
1481565
1481529
1481563
1481521
1481524
1580399
1904811
1904788
1904853
1909024
1913269
1904875
1904815
1904809
1910680
1916765
1904798
1909243
1915279
1909521
1904818
1904817
1904788
1914993
1911272
1904814
1904816
1904786
1904813
1909790
1917951
1909675
1904789
1904819
1722280
1537897
1909372
1914403
1908840
1904866
1904817
1904815
1916288
1910538
1905290
1904788
1703521
1481549
1481502
1904788
1904809
1481526
1481526
1481521
1514549
1481525
1904823
1904810
1914631
1913669
1912557
1904789
1904787
1904815
1910277
1910717
1711109
1687632
1481523
1737554
1481562
1767124
1755173
1481502
1774253
1485074
1913350
1904810
1904787
1904818
1916415
1911660
1915971
1904809
1904816
1904806
1913856
1904815
1904813
1904788
1915443
1918237
1909696
1904812
1904810
1904814
1848053
5665488
1485106
1679056
1702736
1494483
1909479
1914484
1586326
1663557
1904817
1904964
1908828
1918967
1485669
1702850
1490894
1661116
1682386
1674949
1904795
1904788
1481529
1481612
1481522
1481502
1481502
1481526
1481525
1481524
1904787
1904787
1904828
1910022
1915210
1913250
1904809
1904823
1904788
1921641
1909034
1908834
1915269
1904787
1904792
1904911
1908748
1918425
1904816
1904888
1904801
1904813
1915165
1910256
1908739
1904880
1904787
1904815
1808961
1598894
1913838
1908862
1904837
1904789
1904851
1923849
1909076
1912091
1904815
1904818
1904812
1904817
1917877
1909121
1904842
1904786
1904840
1914084
1909595
1908889
1904815
1904818
1909234
1913834
1910427
1904859
1904787
1904817
1914115
1914022
1904845
1904844
1904817
1908720
1912452
1904946
1904818
1904922
1913186
1909708
1904794
1904930
1904815
1915280
1920849
1904836
1904786
1904818
1911180
1919666
1904821
1904788
1904838
1916551
1911892
1911951
1904817
1904822
1915483
1912599
1914410
1904814
1904788
1904808
1911562
1928290
1904814
1904787
1904814
1910097
1911285
1904866
1904867
1904886
1923681
1911573
1904824
1904871
1904884
1917928
1904795
1922880
1916260
1904816
1904844
1904822
1909893
1917089
1912701
1904790
1904870
1904787
1908861
1914618
1904853
1904788
1904817
1909201
1914361
1913901
1909910
1913701
1909333
1904785
1904872
1908733
1916264
1912528
1904813
1904866
1904788
1904787
1909099
1909524
1918656
1904788
1904788
1904805
1908994
1922523
1904791
1904789
1904811
1914426
1913185
1910869
1904818
1904812
1904787
1910725
1913912
1904814
1904842
1904789
1912062
1920128
1908960
1904818
1904789
1904787
1908874
1909366
1904815
1904789
1904872
1908831
1909034
1916575
1707766
1614973
1904788
1904789
1914037
1909776
1904834
1904788
1904812
1919191
1917164
1914595
1904817
1904867
1904811
1916285
1909232
1909052
1904857
1904826
1904810
1909779
1904788
1904906
1904788
1911755
1919676
1904874
1904788
1904787
1908865
1922114
1912905
1914623
1904822
1904817
1904934
1909794
1916380
1904817
1904865
1904815
1913843
1904787
1905097
1481652
1481602
1481501
1481521
1481605
1481519
1640393
1904827
1904810
1909263
1911240
1920326
1904890
1904812
1904838
1909134
1916291
1908936
1904815
1904810
1904892
1918869
1919380
1904817
1904788
1704240
1481501
1904806
1904833
1915190
1908991
1904941
1904810
1904788
1915996
1908764
1912650
1908885
1904814
1904789
1481547
1481600
1481523
1481502
1481501
1532067
1798805
1769069
1909473
1798621
1485065
1766692
1767164
1485063
1772939
1779751
1824991
1915371
1914428
1909730
1904809
1904864
1904895
1916504
1909633
1904814
1904810
1908655
1914936
1904787
1904788
1904977
1909339
1917004
1909378
1706979
1481584
1904814
1915278
1909544
1915607
1904965
1904916
1908995
1908913
1916756
1904788
1904827
1904812
1914850
1909263
1909938
1904825
1904787
1904821
1910167
1915611
1904787
1904793
1909939
1910899
1919486
1904786
1904814
1904837
1881357
1668560
1909128
1909089
1904815
1904786
1904943
1911056
1928232
1918531
1904787
1904889
1913765
1904812
1904788
1904831
1911917
1923758
1904813
1904808
1622935
1481528
1904803
1904841
1908903
1645686
1496832
1602329
1492036
1558167
1579154
1764544
1910468
1909516
1914878
1904787
1904837
1908910
1909540
1914099
1904809
1904898
1904787
1904814
1909017
1910728
1904883
1904791
1904835
1909551
1913701
1904805
1904808
1904787
1904806
1916134
1912061
1915947
1904909
1904865
1904864
1911187
1909055
1918035
1904787
1904814
1919135
1916201
1909799
1904787
1904849
1904894
1904810
1915308
1910045
1912418
1904972
1904787
1904788
1909487
1908971
1711196
1904788
1904943
1915717
1914369
1904886
1904888
1904787
1917538
1912144
1904809
1908916
1904788
1904857
1904814
1915818
1909512
1904787
1904789
1904891
1914013
1904811
1921021
1914354
1904899
1904941
1904814
1922188
7876344
1904815
1909698
1908854
1909986
1904787
1904979
1914052
1909757
1912991
1904814
1904788
1904841
1904811
1904787
1904806
1914182
1915554
1924001
1904786
1904787
1909837
1914272
1904798
1915165
1915001
1909585
1904788
1904787
1904879
1919447
1911825
1904788
1913443
1914503
1909610
1904787
1904833
1914430
1909678
1909148
1904811
1904917
1904817
1904787
1904786
1915312
1909710
1909061
1904856
1904816
1904810
1910335
1913542
1914617
1909683
1904813
1904788
1904787
1914568
1908794
1904786
1904788
1904809
1904829
1904875
1909979
1915226
1908970
1904815
1904814
1904870
1914346
1904898
1910031
1915234
1909498
1904808
1904880
1909358
1913553
1831153
1757733
1913559
1909412
1904788
1904789
1904789
1913971
1909430
1904815
1904789
1904833
1904819
1904788
1904805
1915001
1909183
1904837
1904851
1904809
1914458
1914823
1705762
1481503
1481529
1481503
1481521
1481589
1481553
1481569
1481525
1527543
1904820
1904817
1909444
1912606
1904843
1904851
1904816
1912247
1909812
1915875
1904808
1904789
1904821
1918231
1909702
1909833
1904788
1912810
1904814
1909477
1913602
1904839
1904787
1904820
1909628
1913703
1909186
1904900
1904893
1904809
1908471
1904814
1904804
1904833
1910028
1912875
1915962
1904823
1904860
1904866
1909236
1908637
1915234
1904788
1481543
1481642
1524194
1512710
1525960
1586798
1909222
1909426
1904838
1904787
1904818
1911683
1911423
1904944
1904786
1904788
1904810
1910564
1915184
1909702
1904811
1904788
1904961
1915311
1876178
1760678
1914033
1904814
1904787
1904816
1909355
1914829
1904871
1904841
1904814
1908852
1904814
1904805
1909705
1914677
1911525
1904787
1904861
1909671
1916300
1916373
1909463
1904816
1904809
1904818
1910325
1909429
1914628
1904789
1904837
1909574
1904809
1915795
1914441
1911048
1904787
1904787
1904787
1920017
1910613
1904859
1904811
1904809
1911161
1909814
1919007
1904788
1904816
1910347
1909655
1927289
