1333482
1478114
1333361
1338343
1333360
1333358
1392855
1510614
1342368
1333356
1613688
1333352
1337534
1333360
1380954
1400954
1333359
1480655
1333359
1661559
1646044
1485941
1481510
1493500
1481509
1481510
1481507
1481510
1494464
1781328
1428709
1333355
1333358
1333359
1336901
1333360
1368268
1333359
1461350
1495183
1720037
1497114
1333374
1333358
1333359
1333361
1373120
1428254
1333358
1488963
1638646
1333358
1456767
1344964
1333358
1338619
1333360
1369725
1438772
1512909
1729938
1410657
1333359
1452494
1333360
1336100
1333359
1333358
1597135
1807502
1708866
1493488
1333360
1361933
1417528
1333361
1336208
1333361
1486656
1924937
1629287
1413186
1375891
1333359
1333361
1333358
1417687
1362790
1333358
1673432
1701944
1481508
1481581
1481510
1473079
1333358
1342229
1333360
1440621
1900003
1723320
1361328
1333360
1435486
1333361
1335984
1333357
1333360
1972805
1874115
1665073
1333359
1336748
1333358
1364642
1481508
1481509
1471260
1736817
1917695
1696265
1436706
1333359
1447267
1333357
1340852
1333360
1333359
1617601
1875329
1708385
1374698
1333359
1333357
1333358
1415913
1367522
1333360
1506225
1816043
1653166
1444128
1333360
1343275
1333357
1333359
1438623
1333359
1577579
1907895
1680899
1333358
1341792
1333359
1333360
1405272
1396454
1333358
1449289
1348850
1446302
1337893
1333356
1333359
1430925
1375715
1333359
1474111
1333360
1522456
1640037
1481508
1493817
1481510
1492382
1481509
1481511
1488838
1489469
1924569
1678116
1533950
1511794
1702252
1481512
1491395
1481512
1546013
1921157
1917180
1775231
1619791
1481512
1486162
1481509
1491441
1481512
1481506
1654078
1906223
1540962
1473142
1333360
1371414
1428160
1344186
1333360
1333358
1473616
1848804
1665163
1481509
1487380
1481511
1489564
1481510
1481514
1491053
1482811
1943095
1481565
1492282
1481510
1485253
1481510
1481511
1489313
1481510
1504081
1946614
1567773
1481510
1481514
1481511
1490144
1481507
1481511
1485888
1560470
1927339
1509726
1481511
2868845
1482811
1490724
1481510
1486446
1644248
1920418
1552246
1661251
1491616
1481510
1481512
1489847
1481511
1485788
1481510
1816446
1906195
1486050
1333359
1476420
1333362
1337533
1333359
1521807
1950798
1447377
1338811
1552809
1649170
1481510
1486451
1481509
1485534
1481512
1496984
1851399
1904636
1446934
1333365
1333368
1415053
1381490
1333358
1476976
1333358
1342954
1838668
1617301
1333357
1344325
1333360
1333358
1442096
1333359
1426329
1364127
1933043
1511994
1333359
1333359
1480956
1333355
1374109
1416715
1333359
1338411
1835706
1447068
1475943
1333364
1390721
1408475
1333359
1338652
1333357
1519400
1758332
1562788
1333358
1477154
1333356
1341978
1333360
1333361
1437677
1365034
1749727
1836298
1481511
1485984
1481510
1481509
1491484
1481509
1486610
1830726
1916941
1910110
1904800
1909113
1904797
1904797
1909317
1922130
1911261
1559583
1523443
1528809
1594541
1333360
1343945
1333359
1333361
1451233
1333358
1394005
1824250
1594537
1333357
1477002
1333408
1371626
1433921
1333358
1410262
1392671
1598793
1556407
1333356
1338326
1333357
1333360
1433666
1333361
1414251
1387511
1840818
1439390
1333360
1333360
1475716
1333359
1411598
1386747
1333394
1338116
1604130
1454962
1333357
1333358
1343380
1333359
1333359
1337470
1333360
1333359
1389134
1481551
1490133
1481514
1491307
1481508
1481511
1485746
1481508
1549901
1925356
1492150
1337314
1333358
1333361
1463422
1333360
1333361
1475888
1333359
1583965
1435498
1333358
1333362
1337134
1333359
1333359
1349572
1333358
1333360
1378076
1810360
1333415
1338534
1333359
1333519
1342682
1333358
1333360
1345365
1824322
1532245
1492141
1481511
1481511
1490014
1481510
1481513
1481509
1482807
1924521
1734692
1481508
1498329
1481507
1481512
1486096
1481511
1486147
1482628
1943800
1481568
1485840
1481512
1481510
1496965
1481510
1485598
1481510
1510036
1922889
1673109
1489546
1368627
1333356
1343665
1333359
1333357
1490948
1481510
1833304
1726102
1481509
1481513
1490835
1481512
1491506
1481511
1481510
1746330
1904185
1481538
1648991
1569539
1481512
1481510
1481511
1692758
1532163
1554486
1865902
1739092
1481512
1490994
1481509
1481509
1485807
1481511
1481513
1493681
1759280
1554639
1486394
1481509
1481510
1492123
1481508
1481513
1481509
1542825
1916492
1502380
1481510
1484967
1481506
1481510
1499130
1481513
1486220
1541767
1907151
1675796
1481515
1481510
1491405
1481509
1481509
1491128
1481513
1593544
1887384
1481593
1487216
1481511
1481509
1481608
1481511
1492355
1481510
1666106
1904927
1688254
1481509
1481512
1486508
1481512
1490076
1481510
1481510
1491337
1868028
1481540
1481508
1486389
1481507
1481510
1491111
1481511
1490146
1483365
1931451
1721983
1490276
1481513
1481511
1492897
1481510
1481510
1486550
1601530
1921182
1726175
1481509
1489570
1481510
1481510
1491596
1481510
1481511
1606266
1917722
1720660
1486475
1481509
1490738
1481512
1481511
1491406
1481511
1572953
1906968
1573265
1491729
1481513
1481510
1486155
1481510
1492618
1481510
1660989
1838254
1481544
1485701
1481511
1481508
1770091
1481508
1485551
1481510
1565939
1935075
1576715
1481511
1481510
1499684
1481513
1485870
1481510
1481511
1598865
1760675
1481562
1485929
1481511
1481507
1769375
1481511
1485594
1481509
1616627
1930404
1443898
1474896
1333358
1333358
1333360
1333358
1379653
1422491
1333360
1603249
1657506
1485718
1481510
1489906
1481510
1481510
1491088
1481600
1721918
1701748
1764671
1650659
1571812
1481509
1735985
1481511
1760689
1481512
1697987
1892824
1616055
1481507
1491405
1481511
1490721
1481511
1481508
1487324
1570586
1960218
1684522
1481510
1489457
1481508
1481510
1491405
1481509
1487364
1542668
1930778
1676268
1549565
1485270
1481511
1481511
1490557
1481512
1481511
1624579
1796586
1543858
1481510
1481510
1485391
1481510
1561268
1672874
1481508
1627332
1874566
1670637
1481509
1481512
1486021
1481584
1493746
1481513
1496226
1728975
1793974
1533701
1486281
1481510
1484814
1481509
1481510
1497834
1481511
1486340
1862559
1720039
1736551
1481511
1572768
1642434
1481510
1768093
1481508
1835040
1850850
1495563
1568900
1657160
1481512
1485690
1481510
1613236
1603569
1613036
1922166
1433381
1333360
1410772
1388951
1333359
1450977
1350468
1333359
1487333
1556665
1533356
1448898
1333361
1390100
1410659
1333359
1343179
1333357
1333359
1678111
1446864
1333358
1476845
1333359
1333360
1333358
1333360
1376091
1427334
1587314
1590929
1391532
1333360
1342964
1333358
1333359
1477646
1333359
1337856
1502829
1481560
1491066
1380563
1333360
1338053
1333359
1333359
1477297
1333358
1640562
1491334
1481510
1481510
1487039
1359194
1333362
1489952
1333379
1369693
1811586
1492188
1333358
1333357
1476678
1333358
1338304
1333361
1333360
1415181
1583550
1429775
1340432
1333359
1333361
1337292
1333358
1333361
1346528
1333359
1679408
1614490
1333358
1333360
1451154
1333361
1342897
1333358
1333358
1414228
1525093
1507519
1338110
1333360
1333357
1401321
1407114
1333358
1440877
1359784
1591444
1481573
1486276
1481510
1481509
1499653
1481511
1485824
1481511
1506346
1872248
1653749
1489631
1481510
1481511
1491404
1481509
1481511
1481508
1500053
1935368
1631223
1481509
1487163
1481509
1641834
1583981
1481511
1490261
1613764
1927541
1494668
1337342
1333360
1333413
1333360
1333375
1340982
1333358
1333360
1720584
1491792
1420433
1333357
1425140
1381798
1333357
1460559
1333358
1333359
1410511
1446802
1333359
1457962
1349387
1333361
1476577
1333359
1337123
1333361
1451539
1446760
1377294
1421813
1333360
1337327
1333359
1333359
1448229
1358484
1482973
1437422
1337853
1333360
1333361
1470316
1333359
1399459
1412111
1333409
1500334
1556910
1481508
1481512
1485779
1481511
1492614
1481509
1481510
1575259
1871809
1538482
1485906
1481510
1481509
1726174
1498389
1491631
1481507
1630222
1800939
1548622
1333356
1487814
1333356
1355260
1444217
1333358
1397114
1404619
1553574
1481529
1486341
1481511
1489697
1481509
1481512
1491529
1481510
1524302
1927445
1488086
1481510
1481509
1485957
1481510
1481512
1491440
1481508
1556607
1926315
1762795
1481510
1757381
1481510
1485230
1481510
1481510
1771927
1750011
1915136
1441697
1730312
1333361
1337879
1333360
1333361
1491120
1481513
1583260
1924928
