1375870
1333419
1333358
1416572
1396920
1333453
1800371
1333357
1762013
1381550
1518066
1481509
1492727
1481507
1485252
1481507
1481507
1482125
1481507
1917305
1709098
1481508
1485694
1481507
1489918
1481506
1491607
1481507
1481569
1904872
1624530
1486230
1481507
1490116
1481508
1481506
1623388
1728110
1751125
1333356
1694153
1481507
1491112
1481506
1481506
1492414
1481506
1487805
1481508
1481576
1833013
1668147
1481507
1493429
1481508
1486656
1481507
1481508
1848327
1904795
1698926
1481508
1492169
1481507
1481505
1481507
1481507
1486887
1808877
1916904
1683620
1481508
1500195
1481507
1486892
1481504
1486197
1481508
1514476
1922195
1698865
1481507
1490379
1481508
1486369
1481507
1481505
1489029
1509383
1913741
1603218
1338034
1333562
1339777
1333356
1333356
1333357
1333355
1694975
1690644
1633720
1341452
1333356
1333355
1342179
1333355
1336497
1333356
1434167
1949288
1713186
1490359
1481508
1490965
1481507
1481506
1481506
1481507
1998701
1908327
1596786
1339982
1333357
1333356
1341904
1333358
1341746
1333357
1368605
1910691
1705457
1486201
1481504
1481507
1489501
1481506
1490315
1481508
1710108
1904794
1697849
1481508
1497602
1481507
1486170
1481506
1485099
1481507
1930575
1913035
1701126
1486208
1481507
1671810
1553179
1481508
1481507
1481507
1486839
1713605
1713126
1492537
1481507
1487579
1481507
1481506
1487020
1481506
1586156
1869477
1715453
1481508
1487122
1481507
1485987
1481507
1481508
1495636
1563497
1911073
1715988
1481507
1486533
1481506
1491995
1481506
1481507
1492974
1536199
1910861
1904811
3559695
1913664
1904792
1917538
1904797
1917741
1853777
1559589
1904793
1724149
1481508
1481507
1500236
1481507
1891028
1789267
1381350
1828971
1492193
1693813
1481507
1486903
1481507
1486164
1481506
1500260
1481507
1666760
1912132
1724376
1481508
1481506
1481507
1491051
1481507
1487535
1481506
1765871
1904872
1715279
1486216
1481508
1486059
1481508
1481507
1498886
1481506
1806113
1904952
1686260
1481508
1497054
1481508
1481507
1487825
1481506
1486235
1757149
1933279
1716289
1485666
1481505
1481507
1481507
1481507
1492784
1481507
1807865
1904795
1701249
1481508
1495626
1481524
1486765
1481507
1481551
1490523
1758405
1918420
1685314
1486518
1481507
1481507
1481562
1481507
1491811
1481508
1733390
1904872
1654787
1481508
1493152
1481507
1485988
1481504
1481507
1490346
1773249
1916958
1904812
1910119
1904795
1918111
1904795
1914945
1904829
1912637
1582779
1492259
1735043
1481508
1490866
1481507
1487309
1481508
1481507
1491738
1706286
1914212
1723178
1491264
1481507
1500182
1481507
1481507
1487932
1481507
1768849
1905483
1714037
1497807
1481547
1481504
1481507
1481505
1486975
1481506
1597916
1904935
1674660
1481507
1481507
1491992
1481508
1481506
1490967
1481507
1678055
1917192
1726733
1491362
1481507
1481507
1481506
1481507
1487645
1481508
1604118
1781279
1694753
1481507
1496745
1481505
1481506
1487704
1481506
1481507
1541428
1904836
1730958
1481507
1481507
1486091
1481507
1499335
1481506
1481507
1613262
1904893
1703239
1481508
1491399
1481507
1492602
1481561
1487564
1481508
1758456
1918271
1696174
1491204
1481511
1481507
1765386
1481507
1486832
1481505
1526712
1904793
1689531
1481507
1496026
1481506
1486663
1481507
1481507
1487656
1532278
1926771
1722007
1486759
1481507
1491501
1481506
1481506
1493413
1481508
1567140
1904795
1726567
1481507
1492430
1481507
1491834
1481507
1481506
1487489
1573025
1917107
1731529
1481506
1481507
1486488
1481508
1499038
1481508
1481508
1596796
1904829
1719250
1481557
1500070
1481507
1481599
1487730
1481509
1487157
1839884
1920104
1682847
1486102
1481508
1481508
1481506
1481507
1493170
1481504
1481506
1925134
1726621
1481505
1481507
1481506
1481507
1491744
1481507
1481505
1566562
1904921
1657942
1481507
1485826
1481506
1491315
1481506
1481508
1493538
1523236
1912049
1684253
1481508
1481507
1481507
1481508
1492050
1481507
1481508
1553519
1904795
1675092
1481508
1486072
1481506
1499809
1481507
1481508
1494549
1762199
1912548
1915268
1904795
1917329
1904795
1909870
1904793
1915947
1904831
1916230
1818023
1904813
1917291
1904795
1909934
1904796
1915083
1904794
1917165
1882477
1910488
1705692
1481507
1490668
1481504
1481506
1487492
1481507
1492078
1586834
1904883
1732316
1481506
1491706
1481508
1481506
1487752
1481508
1491222
1580667
1915028
1672066
1481506
1481507
1486013
1481507
1481506
1481507
1481506
1533453
1904874
1661551
1486639
1481506
1481506
1481555
1481508
1495304
1481507
1740924
1878575
1607179
1333357
1339524
1333356
1333356
1343991
1333357
1365939
1438330
1465484
1551671
1337828
1333357
1333355
1338340
1333355
1333357
1333355
1333358
1442138
1705057
1481507
1490804
1481505
1481507
1492321
1481507
1486125
1481677
1904873
1671449
1492319
1481506
1481505
1481506
1481506
1492670
1481507
1508429
1978498
1686051
1490596
1481506
1481508
1490476
1481507
1487576
1481507
1576300
1973300
1684850
1481616
1481507
1492735
1481508
1487674
1481600
1481507
1778054
1951861
1717116
1481508
1481505
1500323
1481507
1486815
1481508
1481506
1487689
1904336
1715643
1481506
1481507
1494108
1481504
1493570
1481507
1481508
1572488
1938823
1696855
1481507
1492365
1481507
1481507
1493502
1481505
1487701
1591382
1956323
1625154
1492773
1481507
1481507
1486501
1481507
1491428
1481506
1540254
1976236
1633959
1333373
1333356
1404698
1415526
1333357
1338581
1333462
1344079
1777072
1583431
1486035
1481507
1481589
1486118
1481507
1501359
1481508
1481622
1889469
1716907
1497369
1481507
1485968
1481508
1481508
1491744
1481507
1585263
1904793
1904810
1909608
1904796
1916656
1904795
1915794
1904795
1912275
1848305
1497988
1699433
1481512
1486592
1481507
1481506
1486534
1481507
1499842
1547991
1904827
1720682
1481508
1486941
1481507
1481506
1492304
1481507
1490656
1552209
1904795
1909779
1904795
1916220
1904796
1916255
1481507
1494102
1927083
1840730
1752639
1904890
1917556
1904795
1915806
1904795
1911023
1904795
1945505
1925653
1521605
1904810
1918460
1904794
1915386
1904795
1910733
1904796
1962079
1756356
1835532
1740964
1481507
1481506
1487298
1481507
1486419
1481507
1481507
1614119
1904872
1722925
1481506
1492146
1481507
1672839
1563033
1515280
1702632
1695416
1917581
1918703
1904796
1915746
1904796
1916083
1904796
1910087
1904794
1762845
1749627
1904811
1910016
1904794
1925018
1904793
1910529
1909510
1920446
1646743
1846260
1916464
1904796
1917127
1904796
1910023
1904793
1915780
1904794
1916751
1904794
1725886
1703866
1516961
1486103
1481508
1481507
1739679
1481506
1726825
1904858
1760883
1481506
1486655
1481506
1481508
1730322
1481508
1760740
1771026
1913759
1718601
1486196
1481506
1645930
1584411
1481505
1762818
1481506
1731009
1904795
1577483
1537296
1690522
1481506
1760988
1481506
1487229
1481559
1851302
1904873
1695124
1481508
1487916
1481507
1550989
1666953
1481507
1770818
1593210
1911042
1788113
1591783
1481507
1492214
1481507
3665335
1611189
1904898
1925529
1481568
1695778
1672988
1553796
1481506
1717396
1481506
1493295
1481507
1723259
1904821
1626073
1481506
1487175
1481507
1485697
1481507
1481507
1498997
1512939
1912196
1910172
1904792
1909260
1904795
1920236
1904794
1910736
1881168
1822478
1637556
1904812
1914972
1904794
1904851
1917056
1922497
1851103
1904862
1910702
1904793
1679469
1481507
1487106
1481508
1490939
1481508
1481506
1492799
1481507
1828222
1662205
1486507
1481507
1481508
1493324
1481507
1492503
1481507
1481508
1908517
1910374
1904795
1916802
1904795
1915158
1904795
1911029
1904910
1861743
1656015
1686518
1481507
1491625
1481507
1481507
1486936
1481508
1489400
1532137
1939613
1481523
1492123
1481508
1486142
1481507
1481508
1491939
1481507
1490938
1929799
1849038
1481507
1497861
1481507
1481507
1487218
1481508
1491509
1622895
1916912
1693481
1492061
1481505
1485613
1481508
1481508
1492590
1481508
1490092
1912291
1702864
1481508
1491729
1481508
1481506
1481507
1481508
1488990
1551664
1919765
1682693
1481509
1492354
1481508
1487071
1481508
1481507
1492832
1566104
1915605
1661133
1402358
1333357
1343714
1333356
1333356
1467688
1333357
1333356
1676943
1703601
1481506
1487008
1481507
1489210
1481506
1493570
1481510
1715881
1912342
