1535890
1502766
1481690
1488572
1481855
1481989
1728633
1483085
1493637
1481929
1651922
1494868
1481752
1481628
1485781
1481627
1485288
1481506
1489718
1854727
1704599
1481507
1485845
1481508
1481507
1481508
1481567
1493237
1481629
1928666
1600658
1333357
1336920
1333355
1350590
1333354
1671901
1732679
1911309
1769665
1588585
1344829
1333355
1366097
1446659
1333356
1339128
1333356
1333357
1376671
1675277
1485733
1481506
1481506
1486748
1481507
1491610
1481506
1481508
1900870
1720997
1481508
1682300
1545628
1524175
1698855
1481507
1486091
1731651
1944405
1718236
1488845
1481567
1486648
1481506
1489418
1481568
1481507
1825558
1840559
1674088
1347004
1359410
1663937
1333357
1477977
1333357
1341856
1333411
1540144
1658187
1703081
1705549
1396598
1371664
1436551
1333357
1344669
1457025
1913352
1674471
1481567
1494260
1481507
1485664
1481507
1486134
1481507
1508460
1905274
1660507
1481505
1497909
1481507
1492225
1481507
1486115
1481506
1481568
1959961
1561039
1336693
1333356
1382644
1423578
1333355
1441915
1402127
1333358
1593397
1716683
1481507
1481507
1481506
1481507
1492384
1481507
1481507
1486128
1587159
1700545
1490969
1481507
1481504
1493249
1481508
1486360
1481508
1481508
1967785
1704326
1481505
1481506
1505080
1481507
1486694
1481509
1481506
1486446
1481507
1563099
1481507
1491979
1481508
1486362
1481507
1481507
1492321
1481506
1653528
1481526
1486102
1481508
1481507
1499841
1481506
1486044
1481507
1481505
1808148
1481507
1491021
1481505
1485490
1378320
1333356
1336576
1333354
1484661
1929963
1904808
1909849
1904792
1676799
1481508
1771420
1481506
1836391
1922602
1904837
1491048
1481509
1481507
1490180
1481507
1481558
1481507
1486811
1769244
1928882
1904814
1909950
1904795
1908959
1904795
1926427
1904795
1923133
1933300
1631725
1491023
1481506
1485793
1419920
1333355
1520135
1498285
1333357
1480378
1418800
1910355
1904793
1908749
1904796
1925960
1496400
1493422
1481508
1720684
1928677
1558285
1481507
1481506
1492524
1481506
1486094
1435065
1333355
1407761
1828256
1842422
1531336
1529183
1691849
1481506
1486662
1481508
1569999
1656418
1823785
1691316
1481508
1730090
1495098
1493959
1481576
1481507
1764950
1481505
1890412
1490426
1481507
1493536
1481507
1481507
1486660
1481507
1492050
1481506
1481615
1904817
1802282
1481507
1491917
1481507
1481506
1761742
1481507
1738010
1872079
1797546
1481507
1718633
1507313
1486064
1481506
1481506
1770971
1499905
1730834
1910306
1904794
1910332
1675995
1481508
1766599
1481506
1487315
1514505
1951813
1904792
1914573
1904795
1916531
1904796
1909935
1904795
1915475
1959016
1922617
1560405
1425466
1333423
1338040
1333356
1333357
1455113
1351169
1333356
1486429
1429710
1342361
1333356
1367556
1432234
1333356
1337424
1333357
1333356
1444590
1486441
1481508
1481507
1485858
1481506
1500182
1481508
1481506
1486472
1745603
1801028
1481506
1712401
1513434
1486654
1481506
1481508
1742183
1481624
1787088
1904800
1909362
1904794
1909171
1904793
1916303
1904795
1945427
1839045
1935707
1661391
1598335
1628595
1481507
1765090
1481582
1488377
1481507
1715629
1912039
1904806
1909635
1904795
1915657
1904793
1915382
1904795
1909863
1911000
1956589
1868779
1596105
1504651
1708935
1481508
1492154
1481507
1543277
1673533
1791207
1904823
1916577
1904799
1918135
1904796
1909814
1904794
1950234
1908339
1929398
1649145
1781890
1481507
1763265
1481508
1490647
1481507
1481507
1802290
1911700
1583324
1485138
1481507
1649905
1574815
1481505
1737225
1481507
1486832
1912257
1921021
1904858
1911301
1904793
1910277
1904814
1918042
1938336
1909870
1922676
1909466
1904794
1908978
1904795
1923082
1904794
1910001
1554488
1914111
1908733
1490793
1358369
1333355
1474985
1333355
1366961
1435054
1333357
1422380
1449084
1481511
1729222
1531711
1581383
1636095
1481505
1492659
1481505
1614137
1904806
1562186
1481507
1491951
1481507
1486633
1481508
1481507
1486066
1481508
1652716
1909221
1904794
1917104
1904794
1916095
1904872
1909241
1939138
1910845
1925445
1904795
1919249
1904820
1916288
1904793
1909320
1904792
1924741
1915027
1831128
1522366
1481566
1481507
1486014
1481507
1485758
1481508
1481508
1490575
1686425
1691912
1481508
1485254
1481508
1481507
1481506
1481507
1485907
1481507
1823654
1638490
1490586
1481507
1481507
1486031
1481507
1491049
1481507
1481507
1551118
1904808
1917785
1904792
1909823
1904795
1923105
1904791
1909892
1904793
1937092
1904902
1909260
1904796
1924313
1911691
1904796
1917688
1909034
1930583
1955066
1919955
1904795
1909604
1904794
1909616
1904794
1904793
1905549
1927927
3456957
1618151
1754102
1481508
1485579
1481567
1481507
1767773
1481506
1864064
1905274
1904812
1913175
1481507
1636555
1556228
1486686
1481507
1481507
1822027
1891378
1666066
1481506
1493146
1481507
1708598
1481507
1485586
1481507
1481620
1942775
1717468
1481508
1486197
1481509
1485620
1481507
1499484
1481506
1577277
1930417
1534641
1493368
1481508
1486579
1481507
1481582
1811300
1930794
1924015
1960359
1728428
1481507
1487118
1481506
1633916
1542961
1499739
1481505
1481507
1713443
1563436
1491484
1481507
1481507
1768487
1481507
1485618
1481506
1616952
1925853
1614522
1490719
1481507
1531777
1657520
1481507
1773188
1481508
1486288
1926521
1904796
1916243
1904791
1916429
1904792
1904793
1909890
1924032
1915812
1917507
1667987
1777983
1481508
1680715
1506285
1601416
1574792
1507308
1697118
1763293
1904803
1910325
1904794
1915890
1904795
1924296
1904795
1933291
1929178
1910568
1904801
1904795
1904794
1910152
1904795
1908806
1904797
1934774
1932901
1923707
1916150
1904795
1909575
1904795
1916443
1904794
1915277
1927405
1915049
1929190
1904825
1909361
1904795
1916435
1904795
1909622
1904792
1909391
1988803
1678577
1646236
1481507
1492141
1481506
1623798
1600911
1481506
1760732
1565759
1949203
1904854
1904792
1904795
1909669
1904857
1917849
1911275
1919951
1925779
1921325
1614159
1576458
1521270
1707954
1481506
1763861
1481506
1627169
1802199
1916261
1486737
1481506
1638694
1582785
1481508
1498190
1481507
1487628
1558435
1947320
1904830
1909941
1904795
1909148
1904795
1916691
1904795
1918142
1914922
1947316
1485560
1481507
1481507
1761575
1481507
1493832
1481507
1481507
1481508
1905277
1923226
1904794
1910402
1904793
1909722
1637623
1481505
1546082
1988502
1909267
1909592
1904794
1915935
1904796
1917526
1904821
1910054
1955739
1917705
1942702
1923435
1904796
1910173
1904795
1909652
1904798
1916054
1936012
1946939
1924349
1662033
1485177
1481507
1481507
1923920
1904795
1730186
1481507
1795177
1933513
1904795
1923270
1904792
1912118
1904794
1910032
1904795
1941589
1925202
1910063
1916633
1904796
1909775
1904794
1909000
1904795
1915327
1911064
1947359
1871455
1660800
1481507
1481564
1486007
1481504
1481504
1481568
1481561
1718731
1895165
1548621
1492529
1481508
1578335
1649480
1481506
1486900
1481507
1486443
1588983
1915393
1904806
1909919
1904792
1917748
1904795
1924624
1914099
1945624
1916612
1908929
1904791
1915633
1646580
1481509
1492059
1481504
1607084
1901867
1938920
1514787
1486467
1481507
1481507
1775292
1481507
1487458
1481508
1481508
1907466
1419832
1333355
1343443
1333357
1333357
1478640
1333356
1368665
1434382
1396632
1539530
1481507
1481568
1481561
1481505
1495236
1481507
1481506
1481504
1974756
1904944
1910410
1904795
1910312
1904793
1917025
1904795
1911030
1931493
1915823
1481525
1481508
1612329
1610196
1493169
1481506
1481507
1487419
1481507
1629718
1594533
1481506
1494550
1481507
1481505
1486911
1481506
1481507
1481850
1570204
1651671
1481565
1481507
1498143
1481505
1486878
1481507
1481505
1567793
1917004
1910099
1904795
1909869
1904795
1917269
1904794
1917124
1925170
1922641
1926218
1599776
1499355
1481507
1481506
1487138
1481507
1487767
1481506
1481507
1576869
1373939
1333356
1338278
1333357
1343877
1333357
1333356
1343847
1333356
1363869
1337106
1333357
1375683
1430401
1333356
1350912
1333357
1333356
1338322
1367009
1915028
1904795
1917272
1904791
1910994
1904796
1915370
1904841
1918433
1859044
1695119
1481505
1481508
1481507
1481507
1486226
1481507
1481506
1487512
1837880
1671142
1481507
1486057
1481508
1481507
1493549
1481561
1494734
1481505
1740905
