4393576
2673021
2377396
2222256
2250588
2222256
2248334
2227026
2222256
2228831
2222276
2222288
2230867
2238412
2228695
2226755
2222257
2234230
2233271
2222283
2228001
2222295
2227614
2222256
2222283
2228242
2222256
2229570
2231536
2222283
2231278
2222279
2228908
2222259
2222282
2226322
2222374
1481504
1481525
1481522
1782872
1484574
1630513
1638993
1484732
1576702
1584005
1484416
1522955
1529554
1481749
1481531
1481523
1481519
1481506
1481523
1481521
1481523
1761261
1489072
1481520
1481503
1481522
1481504
1488964
1485893
1488047
1489026
1485607
1488205
1587821
1481520
1481503
1481523
1481504
1481525
1488558
1488938
1484586
1490189
1491610
1485897
1484214
1492806
1486130
1481522
1481518
1481522
1481504
1481522
1481519
1481521
1481522
1481505
1481503
1481521
1481504
1481521
1488539
1489387
1481527
1486924
1490933
1484669
1487833
1489488
1484289
1481524
1481526
1481526
1489102
1484972
1481504
1481518
1481505
1481503
1481522
1481521
1481526
1481522
1481735
1485270
1491544
1485712
1485426
1492142
1486419
1481521
1481521
1481522
1487261
1486270
1491907
1489391
1481503
1481504
1481505
1481503
1481503
1481506
1481779
1481522
1481521
1481521
1481521
1481504
1487025
1487827
1489793
1484523
1481522
1481526
1481523
1481503
1481521
1481504
1481522
1488301
1489334
1484309
1487067
1481504
1481503
1481505
1481519
1481518
1481518
1481521
1481519
1481505
1525386
1481522
1481519
1481504
1481505
1481517
1481526
1481523
1481504
1481521
1488706
1485000
1481522
1481523
1481503
1481522
1481523
1481519
1481524
1481517
1481519
1481525
1481528
1481521
1481519
1481523
1481526
1481521
1481504
1484616
1487351
1490227
1484285
1488633
1489479
1484449
1481505
1481522
1481503
1481522
1490464
1485538
1484190
1481521
1481522
1481505
1481523
1481518
1481525
1481523
1489307
1488895
1486254
1488716
1481526
1481525
1481525
1481580
1481505
1481518
1481661
1481519
1481522
1481505
1481521
1481518
1481521
1485942
1484689
1504860
1481734
1481504
1481521
1481526
1481528
1481505
1481524
1481522
1481506
1481521
1488733
1486035
1489069
1488815
1485794
1487842
1481524
1481522
1481518
1481504
1481766
1486300
1488258
1488513
1486788
1487780
1487855
1481523
1481504
1481503
1481511
1481503
1481507
1484404
1488840
1488507
1484270
1488373
1488500
1481523
1481546
1629287
1481518
1481518
1481522
1481521
1488164
1489945
1485549
1489531
1481734
1481522
1481505
1481503
1481504
1481505
1481503
1481522
1481523
1481518
1481518
1481524
1481526
1481518
1481517
1481522
1481526
1481504
1484439
1488871
1481738
1481522
1481503
1481505
1481504
1481504
1481528
1481503
1481524
1488887
1488841
1493521
1718063
1486142
1484096
1491544
1485442
1481521
1481522
1481521
1481533
1481521
1481528
1481518
1481522
1481504
1481503
1481504
1489444
1484497
1487328
1490151
1491327
1488585
1489072
1484341
1481525
1481525
1481504
1481521
1481520
1481524
1481522
1481504
1481525
1481503
1488232
1489355
1484959
1488864
1698497
1485758
1484142
1499476
1481505
1481522
1481519
1481521
1481523
1481525
1481557
1481536
1481517
1481505
1481505
1481522
1481521
1484735
1488887
1489247
1481704
1481522
1489962
1484229
1495371
1489267
1484392
1488436
1481519
1481518
1486720
1490119
1481521
1481528
1481505
1481529
1481505
1481526
1481536
1481518
1481722
1497781
1481522
1567291
1481504
1481510
1481505
1756121
1486040
1489442
1489618
1488319
1481526
1481521
1481526
1481521
1481514
1481523
1481515
1481526
1481726
1481526
1481503
1488380
1486500
1485020
1501117
1631092
1644600
1649424
1481506
1481503
1481521
1481523
1481525
1481521
1481521
1481517
1481521
1489973
1488482
1486069
1481528
1481589
1481525
1481529
1481503
1481529
1481522
1481504
1481545
1481518
1481521
1481518
1481527
1481525
1481526
1481524
1481505
1488346
1486793
1486023
1488517
1488982
1481529
1481528
1481525
1481529
1481527
1481526
1485458
1484284
1492977
1486917
1484711
1492960
1481521
1481530
1481524
1481506
1481524
1481528
1481529
1481518
1481524
1481526
1481525
1489615
1484113
1487729
1481732
1481526
1481529
1481525
1481521
1481526
1481503
1481525
1484426
1488210
1490829
1485545
1481529
1481528
1481529
1481528
1481528
1481529
1481505
1481523
1481783
1481521
1481526
1481504
1485715
1488501
1489891
1484364
1488694
1481523
1481760
1481522
1481505
1481524
1481522
1486163
1490109
1488257
1485921
1488386
1487639
1481526
1481523
1481521
1481530
1481529
1481529
1481504
1481504
1481505
1486188
1489184
1488269
1486697
1490118
1481522
1481518
1481523
1481529
1481519
1488735
1490160
1481503
1481522
1481525
1481504
1481504
1481503
1481525
1481527
1481505
1481519
1488089
1485474
1488698
1488121
1485795
1488092
1481528
1481522
1481529
1481521
1485994
1485078
1494963
1486758
1486393
1499568
1481523
1481529
1481544
1481521
1487438
1487376
1489601
1485375
1487519
1491143
1481516
1481521
1481534
1481525
1497689
1484743
1496419
1486457
1484935
1493467
1481527
1481522
1481534
1490981
1485847
1485006
1490934
6422259
1494890
1488522
1630879
1489671
1481556
1481523
1481519
1481525
1481519
1481522
1481522
1488878
1484287
1489649
1489433
1488488
1485312
1481504
1481504
1481521
1481506
1481503
1481506
1481504
1481551
1481521
1481519
1488305
1488912
1493134
1487739
1488179
1485580
1481518
1481547
1489303
1485545
1489156
1488467
1485691
1488585
1481503
1481503
1481522
1481739
1481514
1481522
1481518
1481522
1481522
1481529
1492664
1488484
1489495
1488111
1481517
1481528
1481529
1481522
1481519
1481526
1481505
1481526
1481523
1488607
1485732
1488156
1489064
1485509
1488541
1481521
1481522
1481518
1481521
1481729
1481524
1481519
1481503
1481524
1481518
1481521
1481522
1481523
1484260
1485753
1492500
1485741
1484891
1491722
1485574
1481529
1481504
1481519
1481519
1724269
1481524
1481522
1481522
1481519
1481518
1488033
1488559
1485140
1488360
1481543
1488623
1762626
1490647
1488234
1485956
1487987
1487824
1481526
1481503
1487854
1485880
1488326
1481521
1481527
1481522
1481518
1481529
1481525
1481524
1481508
1481518
1481522
1481522
1481505
1598854
1481505
1481503
1481504
1484659
1481532
1481505
1481522
1481522
1492187
1486082
1485656
1489272
1484051
1488684
1481519
1487199
1486122
1488838
1488457
1486180
1488674
1481504
1481503
1481521
1487654
1485946
1488813
1488659
1485761
1488400
1481522
1481515
1481521
1481528
1481740
1481519
1481523
1481517
1481522
1481522
1481504
1481522
1481519
1486287
1481684
1481504
1481521
1484427
1488465
1484143
1487742
1487865
1484284
1481523
1481758
1481523
1481521
1481521
1481522
1481526
1481521
1481522
1481522
1487434
1481740
1481504
1481503
1486286
1481503
1481504
1665215
1481503
1481504
1481523
1492902
1488468
1485211
1488653
1481519
1481525
1481521
1481525
1481525
1481523
1490206
1488983
1485391
1489740
1488951
1481506
1481521
1481521
1481528
1481529
1487341
1481504
1481523
1481519
1481522
1481523
1481505
1481503
1481521
1481524
1487773
1489850
1492303
1488578
1489023
1481528
1481522
1481504
1481504
1481526
1488679
1485230
1489278
1490167
1481526
1481518
1481521
1481522
1481522
1481526
1481757
1481523
1481523
1481522
1486052
1488068
1487967
1485959
1488185
1488260
1485775
1488373
1487898
1486148
1481504
1486966
1481521
1481528
1481528
1481582
1491229
1485945
1493302
1490167
1484089
1481525
1481525
1481518
1481518
1481517
1488791
4858755
1481516
1481521
1481503
1481506
1481522
1481504
1481503
1481525
1487236
1481522
1481522
1481522
1481529
1481529
1481525
1481522
1481521
1481529
1481546
1489437
1485650
1489642
1488038
1485945
1481523
1481506
1481505
1481525
1481690
1481526
1481526
1481522
1481529
1481523
1481519
1481523
1481522
1481524
1866279
1485256
1488262
1489108
1485640
1488207
1488928
1481528
1481521
1481504
1623247
1481504
1481505
1481523
1481521
1481525
1481525
1493858
1487863
1488145
1487315
1489829
1484231
1488945
1488929
1481518
1481506
1481524
1481518
1481504
1485756
1488631
1481525
1481525
1481504
1481505
1481521
1481521
1481522
1481519
1481545
1481522
1481521
1481525
1707813
1481522
1481528
1487863
5682014
1490567
1486115
1488436
1489489
1484885
1481522
1481503
1481527
1481526
1481524
1481519
1488313
1485242
1488839
1488951
1481526
1481528
1481524
1481525
1481525
1481528
