3547112
2666811
2386543
2222765
2235843
2223104
2238262
2232877
2224042
2233800
2229295
2222253
2230433
2235435
2222253
2228730
2222657
2232092
2246824
2222253
2222251
2228784
2228767
2222434
2232363
2222254
1904876
1915845
1933617
1905089
1910374
1904848
1904794
1917710
1914911
1929274
1904872
1920933
1904788
1923914
1909990
1909604
1914392
1904788
1904838
1904817
1909255
1917527
1904799
1904788
1742569
1495956
1481501
1481553
1481516
1481525
1481573
1481553
1481501
1857582
1904803
1904869
1918126
1911191
1904793
1904869
1904818
1916702
1910821
1921245
1720783
1481551
1481502
1485757
1486831
1491863
1485725
1485706
1489739
1481501
1720902
1481552
1481525
1481510
1481622
1481522
1481537
1481590
1481582
1481526
1708791
1640189
1481525
1702354
1481589
1763532
1727970
1481524
1768380
1485647
1920797
1909792
1904786
1904787
1904793
1914872
1909549
1904814
1697999
1481526
1909915
1909690
1914556
1904792
1904813
1904918
1910687
1917703
1904840
1904900
1904787
1920883
1910084
1914361
1904917
1904788
1904819
1916322
1924039
1904879
1904787
1904814
1904809
1926077
1909642
1904869
1904814
1904864
1916429
1911358
1913425
1915112
1904843
1904788
1904797
1917597
1910599
1910625
1904865
1904808
1904837
1904892
1914949
1910882
1904814
1904812
1904819
1916202
1910080
1916537
1904830
1904834
1904818
1910757
1918812
1910189
1904856
1904854
1904818
1919512
1913437
1910368
1904818
1904838
1904881
1915985
1909739
1915303
1904897
1904820
1904840
1904787
1904839
1911073
1914721
1910020
1904840
1904787
1912866
1925347
1913355
1904817
1904823
1904818
1912813
1909931
1904860
1904800
1904973
1910501
1913807
1909366
1904898
1904857
1904818
1914822
1909830
1910615
1905257
1904794
1904787
1904830
1914859
1914263
1918186
1904876
1904814
1920536
1910870
1915754
1904916
1904831
1904866
1911684
1914532
1912997
1904847
1904788
1904864
1918752
1909685
1904864
1904891
1904819
1919642
1909901
1913743
1904919
1755595
1481540
1913571
1909246
1904814
1904916
1904814
1913691
1909430
1913077
1904797
1904877
1909788
1909204
1904788
1904788
1904787
1909936
1914514
1917625
1904871
1904821
1909414
1922670
1904877
1904787
1904839
1912000
1914318
1909577
1904895
1904869
1921293
1904788
1904827
1904950
1921109
1914767
1910837
1904878
1904890
1904868
1713864
1481582
1481702
1481523
1481522
1481986
1485780
1485786
1489375
1485876
1904896
1914586
1917637
1904891
1905023
1904818
1914546
1909789
1760325
1773871
1904863
1904834
1904819
1910676
5907832
1910518
1904810
1904871
1904863
1909529
1904857
1914466
1909635
1910882
1904865
1904787
1904856
1909771
1908987
1905021
1904875
1904840
1904868
1915258
1909901
1904867
1904818
1904824
1917627
1912347
1904792
1904841
1904842
1910556
1912566
1904818
1904881
1904868
1910850
1915833
1904840
1914576
1909669
1910612
1904819
1904819
1904869
1909705
1913480
1915327
1913586
1909598
1913168
1904818
1904881
1904871
1910996
1914629
1904943
1904818
1913264
1904840
1904854
1904798
1917071
1909708
1904816
1904941
1904874
1914458
1909630
1914652
1904816
1904818
1904839
1909725
1914576
1904864
1904898
1904863
1904840
1909953
1909318
1908251
1904786
1904787
1909339
1912718
1914479
1904877
1909961
1904818
1904871
1904819
1909432
1912732
1914676
1904896
1904849
1904820
1904787
1904900
1904818
1910786
1911801
1904820
1904895
1904840
1913654
1911244
1904840
1914674
1910067
1914731
1904899
1904818
1914963
1915142
1911888
1904880
1914084
1909583
1904872
1904819
1904824
1914918
1913978
1911087
1904840
1904878
1908987
1914660
1922635
1904818
1904891
1904878
1910652
1916415
1911148
1904824
1914449
1915151
1904818
1904871
1904818
1910040
1916053
1910201
1904819
1904933
1904848
1904787
1909427
1915843
1912817
1904789
1904818
1904864
1926178
1912402
4471851
2863111
2851901
2227474
2222289
2227591
2226751
2222283
2228678
2222289
2222297
2228393
2229670
2222252
2226858
2233210
2238245
2232806
2222253
2222253
2231126
2222252
2230726
2228481
2222295
2226938
2234637
2222254
2233294
2222289
2222303
2227515
2222288
2229096
2227198
2222253
2228792
2234094
2222252
2233282
2234436
2233406
2222251
1879873
1481526
1481501
1497260
1486389
1481502
1481525
1932581
1490687
1655119
1667942
1683200
1485920
1616625
1639424
1570719
1634149
1640928
1358287
1333351
1477145
1442569
1338785
1333352
1333375
1333352
1333372
1916073
1904847
1904818
1904819
1912953
1913454
1910684
1905199
1904788
1909711
1644575
1355977
1333373
1333374
1333351
1400548
1333373
1461313
1414866
1341221
1695399
1481542
1481527
1481524
1481524
1481525
1481524
1481526
1481524
1481523
1904825
1909312
1909476
1915929
1904787
1904814
1904786
1912914
1916376
1904818
1729763
1481500
1481502
1548209
1547756
1546124
1481526
1630779
1617861
1481526
1914133
1485740
1699614
1714662
1486945
1648814
1664800
1486048
1597950
1612806
1936570
1710931
1489651
1648499
1654105
1668153
1485784
1602644
1622872
1485806
1828574
1914931
1761306
1755234
1765011
1481501
1765449
1766381
1485660
1765386
1911753
1904818
1503413
1521091
1526483
1481525
1609836
1600389
1481815
1679052
1912143
1914786
1613099
1620772
1481501
1697842
1680724
1481500
1765810
1732042
1724818
1909867
1555846
1486729
1481526
1481525
1481525
1481527
1481526
1481526
1912807
1904833
1503801
1524641
1537970
1481524
1619084
1615774
1481501
1683430
1481532
1481503
1481526
1481501
1481501
1481529
1481501
1481526
1481525
1481796
1481503
1481526
1481501
1481521
1481522
1481525
1481500
1481500
1481522
1481500
1595994
1486270
1537125
1537596
1547209
1489294
1481527
1481526
1481525
1481528
1487284
1481527
1481529
1481527
1481525
1481526
1481527
1481526
1481502
1481524
1481502
1481540
1481525
1481526
1481525
1481502
1481501
1481501
1481501
1481527
1445233
1414585
1337618
1425539
1383409
1333351
1333352
1333373
1366169
1333351
1450526
1391190
1333368
1449001
1401827
1333352
1333352
1333352
1344449
1396832
1533447
1333352
1366270
1340265
1336459
1333351
1333352
1333351
1333373
1340840
1448728
1333352
1333367
1333351
1340737
1338590
1337529
1333370
1333363
1365724
1634487
1481501
1485642
1489221
1485125
1485493
1490464
1486073
1481522
1493080
1481543
1481537
1481501
1481527
1481502
1481529
1481525
1481525
1481525
1481809
1444190
1389742
1333350
1454956
1337088
1333352
1333371
1333372
1333373
1410620
1627113
1337444
1364947
1333350
1333365
1333368
1333370
1437413
1473515
1341039
1495687
1333351
1333351
1333352
1333350
1428071
2560231
1333370
1477163
1451809
1481504
1481543
1481526
1481522
1481502
1481522
1481523
1487437
1488991
1485231
1447958
1412355
1337522
1430000
1386623
1333350
1349064
1333352
1364023
1333373
1446975
1456918
1337579
1333372
1333369
1333374
1356254
1405722
1337280
1434302
1481578
1481502
1481527
1493812
1487809
1481520
1481519
1481501
1481501
1481502
1442570
1347651
1333352
1479833
1337667
1380619
1333374
1333368
1333367
1363371
1469969
1333387
1333352
1333371
1391749
1333373
1456707
1399603
1333374
1333350
1484533
1333350
1333351
1333351
1333352
1333351
1337935
1338334
1333373
1333372
1589761
1341793
1333373
1333374
1333375
1333374
1333381
1333351
1333368
1333369
1649638
1480713
1337448
1371139
1333370
1333370
1333371
1375530
1333351
1469723
1552580
1337225
1333350
1333371
1333368
1333371
1428790
1476949
1432557
1337361
1481521
1481537
1481522
1481522
1481522
1481522
1481503
1481501
1481502
1481784
1449350
1432113
1341779
1408790
1358323
1333370
1333371
1333367
1333387
1333557
1663933
1485737
1485756
1489644
1486187
1485640
1481525
1481521
1481500
1481803
1448192
1333351
1333373
1377104
1424323
1473932
1340834
1365732
1333374
1333352
1446323
1333369
1333375
1415622
1472992
1341667
1378663
1333351
1333351
1333373
1693894
1481553
1488950
1485848
1491486
1485918
1485278
1490320
1481526
1481525
1490515
1485899
1485316
1481524
1481529
1481530
1481525
1481525
1481526
1481524
1628996
1490270
1566932
1569285
1580681
1485772
1510494
1527475
1485727
1481526
1481512
1481525
1481525
1481525
1481524
1481501
1481524
1481526
1481525
1526834
1481558
1481501
1481524
1578982
1575526
1481532
1481501
1481502
1481771
1481502
1724831
1481529
1765946
1753440
1763478
1485856
1764966
1763988
1485972
1764858
