3899785
2878801
2222376
2230188
2222684
2237343
2241809
2222892
2242780
2238330
2248983
2229675
2223387
2237797
2231858
2222891
2230700
2222282
2222273
2236318
2222271
2228885
2222725
2228931
2244697
2222707
2238442
2230450
2223070
1912335
1904789
1918815
1912573
1904787
1904808
1904850
1912558
1912151
1920997
1904787
1904808
1904787
1904831
1913049
1920142
1915600
1904786
1904818
1904831
1920086
1904806
1904787
1913633
1919287
1904818
1904926
1904914
1916177
1921501
1912975
1904788
1904825
1904814
1917038
1915987
1920162
1904946
1905051
1918240
1912527
1904797
1904808
1922183
1911684
1905041
1905128
1904830
1920417
1912669
1920462
1908730
1919013
1905360
1904851
1904786
1911010
1920716
1911988
1904942
1904819
1904806
1904897
1913305
1914810
1921268
1904786
1904817
1904830
1923387
1930599
1910148
1911877
1905096
1904831
1920397
1913113
1911735
1904788
1904835
1904814
1904823
1904786
1913308
1911758
1904834
1904787
1904863
1917137
1911496
1923648
1908795
1911764
1925886
1904850
1904813
1912225
1917511
1920793
1904830
1904910
1904821
1904818
1922789
1912123
1904910
1904789
1904787
1920793
1911834
1915004
1904788
1904807
1923928
1912139
1904787
1904807
1904815
1920410
1912197
1911564
1904810
1904812
1928881
1912863
1904816
1904888
1904891
1913734
1911767
1923246
1904787
1904831
1912672
1923028
1912997
1904836
1904788
1904815
1953540
1912816
1904826
1916005
1924063
1912322
1904817
1904831
1917609
1920671
1912858
1904962
1904786
1904835
1923889
1913173
1905538
1904788
1904807
1920272
1911217
1918882
1904802
1912249
1925200
1913849
1904813
1904789
1904837
1921350
1912008
1904789
1904786
1911850
1923360
1904844
1904864
1904910
1912144
1931457
1915765
1904867
1924266
1912246
1904787
1904908
1920375
1912535
1912856
1904808
1904814
1905201
1904806
1904818
1904893
1918524
1930630
1904831
1904819
1904943
1912199
1919964
1915636
1904809
1904811
1904818
1912359
1920102
1915350
1904814
1904832
1914154
1909064
1911533
1904815
1904786
1904818
1912529
1912258
1905022
1904800
1904835
1914014
1919022
1913653
1904809
1904866
1904814
1919678
1913113
1904835
1904850
1904828
1904813
1921195
1920313
1922979
1904813
1904788
1911822
1920939
1915034
1904787
1904806
1904787
1920889
1912350
1904833
1904817
1905412
1904815
1922273
1909771
1916153
1926933
1904893
1904786
1904909
1914044
1918857
1904874
1904896
1904787
1904788
1923631
1913063
1904815
1904786
1904787
1920410
1912141
1914755
1904880
1904787
1904972
1914123
1912873
1904913
1904818
1904830
1913076
1911863
1904789
1904814
1923842
1911607
1904835
1904866
1904814
1920077
1911633
1915013
1913004
1912853
1923800
1904807
1904807
1904814
1917352
1920579
1904865
1904943
1913867
1912541
1904866
1904851
1922495
1912065
1913462
1904911
1904788
1904989
1904788
1911762
1914383
1904787
1904886
1904814
1911289
1912797
1920452
1904808
1909482
1915570
1904896
1904806
1904814
1923345
1912179
1921315
1904830
1904881
1910816
1919971
1904807
1904786
1904831
1911704
1916525
1920114
1904789
1904830
1904788
1904813
1922685
1914227
1911499
1904788
1904819
1920728
1913017
1913778
1904788
1904808
1904843
1913337
1911252
1904817
1904788
1904786
1914612
1912377
1914774
1917345
1904892
1904860
1904815
1911951
1920796
1904814
1904824
1904832
1915284
1904836
1904866
1904817
1911888
1921236
1915857
1904789
1904805
1904815
1909312
1916810
1923176
1904885
1904816
1914210
1917794
1919576
1904812
1904843
1904831
1904815
1914262
1912971
1904867
1904788
1904896
1913594
1911163
1904814
1904801
1904813
1920390
1918769
1904892
1904814
1904815
1918369
1918892
1914552
1916733
1913104
1913114
1904787
1904815
1904788
1912520
1911808
1904787
1904885
1904788
1904808
1905129
1945104
1919238
1917251
1904813
1904814
1910161
1920098
1908518
1904829
1904817
1904810
1912207
1915997
1904814
1904813
1904836
1911159
1904809
1904787
1904884
1913842
1911703
1904788
1904787
1904814
1913617
1911567
1904808
1918186
1912656
1911880
1904817
1904818
1904963
1921063
1911633
1904818
1913637
1916592
1904787
1904809
1911668
1922046
1911765
1904910
1904787
1904819
1914050
1911333
1913341
1904905
1904814
1924899
1911612
1921322
1904830
1904818
1913524
1904972
1904830
1911658
1922843
1912849
1904818
1904821
1904786
1921813
1909162
1904809
1904864
1904832
1919357
1912767
1912816
1904866
1904841
1922168
1904788
1904806
1904900
1919635
1912670
1912521
1904787
1904808
1920193
1912575
1912009
1919102
1921866
1904910
1904813
1911220
1919319
1910892
1904813
1904787
1904807
1904787
1921693
1912059
1905141
1904865
1904807
1918790
1912056
1914769
1908931
1924430
1911438
1904818
1905088
1911310
1919319
1916697
1904813
1904812
1911191
1904812
1904807
1904818
1922837
1911810
1904807
1904787
1904898
1920590
1904787
1904809
1904814
1924784
1912214
1904786
1904806
1904787
1920776
1910116
1904793
1922087
1910974
1904817
1904866
1904894
1921034
1911466
1912535
1904789
1904790
1904817
1904913
1913638
1919186
1904787
1904890
1904884
1911216
1929213
1904790
1904814
1916146
1913771
1920236
1904818
1904912
1904787
1911329
1920177
1904787
1904788
1913493
1913201
1920249
1904787
1904788
1904786
1912863
1923772
1904787
1917400
1912285
1904835
1905147
1904813
1920141
1915346
1912250
1904786
1914271
1904836
1904814
1904836
1911901
1922540
1912859
1904819
1904807
1916393
1904807
1904788
1905072
1913395
1911519
1904815
1904833
1904788
1911667
1918580
1913428
1912247
1912483
1904807
1904970
1917762
1912993
1914777
1904818
1904846
1904787
1904787
1904818
1919940
1912653
1904804
1904788
1904888
1920175
1910944
1909030
1904817
1904865
1904907
1913436
1911431
1917309
1904814
1904886
1913994
1908296
1920516
1904865
1904788
1904892
1917091
1919242
1904812
1904829
1904818
1908771
1904788
1904813
1919541
1912589
1912371
1904787
1904807
1904815
1911608
1904867
1904854
1912095
1919719
1910614
1904787
1905040
1904894
1918571
1914200
1904811
1904788
1904857
1929139
1912627
1912640
1904865
1904838
8038446
1904815
1904787
1904812
1904836
1920609
1910733
1904806
1904788
1904822
1919099
1911926
1904788
1904788
1904885
1919475
1911199
1917116
1904785
1904830
1917351
1916810
1904807
1904788
1904787
1921145
1911874
1904846
1904808
1904787
1920267
1911957
1904788
1904788
1911067
1920498
1904847
1904809
1904815
1911566
1917564
1904810
1904812
1909962
1912105
1920912
1904817
1904815
1911262
1910355
1927111
1904835
1904788
1904787
1916238
1912501
1904814
1904819
1904808
1912709
1910522
1921674
1904788
1915501
1913607
1904818
1904788
1904807
1922065
1909974
1912370
1904789
1911453
1915656
1913204
1904787
1904814
1904787
1917932
1915335
1904814
1904817
1912811
1916370
1904986
1904814
1904844
1912451
1917027
1911264
1904813
1904786
1909275
1904834
1904817
1904814
1911233
1911885
1916011
1904807
1904819
1912211
1911410
1904788
1904788
1918596
1915031
1912371
1904829
1904817
1904892
1911589
1908680
1918790
1904991
1904813
1904818
1912381
1917393
1904787
1904835
1904787
1909570
1914950
1916341
1904814
1904836
1904892
1918931
1909883
1904814
1904788
1904840
1911626
1910405
1920058
1904819
1904818
1912970
1910037
1926059
1904826
1916684
1910779
1905006
1904808
1904786
1919873
1911258
1904822
1904786
1904807
1904796
1914662
1912125
1913126
1904818
1904831
1904786
1910945
1913371
1905377
1904788
1910720
1919008
1911220
1904787
1904833
1912708
1918897
1911285
1905045
1904788
1904835
1904912
1912241
1910661
1917421
1904819
1904818
1904813
1913077
1904787
1914563
1912122
1919729
1904807
1904819
1904787
1911878
1917702
1904806
1909312
1904812
1904815
1904861
1911115
1911749
1904831
1904787
1904815
1911391
1904788
1915788
1912076
1904814
1904787
1904818
1917250
1910782
1911979
1904806
1913539
1913035
1911255
1904789
1904815
1917757
1910566
1913280
1904832
1904814
1904787
1904831
1912628
1919572
1904832
1904851
1904788
1910754
1925285
1913138
1904806
1904788
1904845
1913983
1913545
1921266
1904837
1904927
1911059
1911399
1904788
1904831
1920621
1912841
1921540
1904806
1904838
1904892
1917537
1918624
1909280
1910671
1904787
1904809
1904788
1912635
1911424
1904813
1904817
1904830
1909624
1904814
1904911
1904815
1911143
1911430
1904813
1904813
1904832
1912352
