1717362
1662896
1780022
1482602
1879789
1626564
1917309
1757794
1881793
1931871
1918134
1909979
1904871
1957466
2222259
2227885
2236117
2222802
2060529
2094554
1921424
1904790
1904789
1910460
1904873
1915785
1904952
1909961
1917036
1911822
1909639
1904794
1914408
1904796
1904948
1919290
1929397
1933235
1974086
2046374
1910738
1904790
1909272
1905261
1916938
1904873
1915521
1905026
1910604
1905055
1904812
1909468
1904872
1926688
1904950
1910728
1904948
1909190
1904795
1915968
1917790
1904793
1912658
1904867
1909801
1915596
1905026
1918144
1918054
1954117
1904853
1904796
1924860
1904866
1908966
1904870
1909435
1913049
1932723
1946567
1910903
1911412
1904873
1914578
1904871
1910587
1904795
1909525
1928850
1905045
1911577
1904796
1904986
1919528
1904793
1920617
1904796
1911285
1957859
2002291
1904857
1904789
1908245
1904794
1925316
1904872
1908528
1904795
1909885
2086912
1904811
1923917
1904794
1908671
1909675
1904792
1913262
1914440
1932804
2068502
1909636
1904791
1904795
1926923
1904794
1911638
1904789
1945775
1937310
2068678
1904857
1917952
1911327
1904795
1909560
1904795
1914514
1926427
1976942
2077087
1904872
1909099
1904789
1924456
1904793
1911303
1904794
1920615
1926864
2189783
1917655
1905102
1909625
1904796
1917686
1904794
1918104
1904794
1933091
1904889
1909968
1904797
1918389
1904794
1910732
1904797
1910591
1904794
1915694
1958978
1904918
1908919
1904794
1909200
1904872
1928304
1904796
1910376
1918888
1967229
1904833
1916316
1904794
1917900
1904793
1904794
1904793
1904794
1941913
1927312
1909025
1904794
1916508
1904793
1918472
1904812
1909663
1904795
1931658
1912865
1904829
1910125
1904794
1909706
1904793
1904979
1910420
1945157
1926951
2045801
1905020
1916435
1904794
1909951
1904793
1916888
1904795
1910862
1904794
1962617
1914651
1904788
1909628
1904795
1917581
1904793
1915960
1904795
1921614
1949941
1905006
1914951
1904794
1917184
1904794
1911099
1904794
1909159
1927318
1963289
1904811
1904795
1904794
1904795
1904795
1925225
1904794
1910792
1932563
1961692
1904909
1921045
1904872
1916617
1904795
1909821
1904793
1909561
1904872
1976745
1915108
1904873
1911519
1904797
1909647
1904795
1931412
1904793
1931988
1970590
1927360
1904789
1910508
1904793
1909726
1904795
1916152
1904795
1909287
1938713
1909149
1904795
1916816
1904795
1910437
1904795
1918109
1904896
1935096
1949852
1904868
1915757
1904795
1909589
1904795
1917636
1904794
1911051
1917578
1955898
1904863
1908713
1904796
1916721
1904792
1917795
1904792
1909898
1934943
1960672
1914740
1904866
1922298
1904794
1910911
1904795
1916706
1904796
1910257
2040858
1904869
1904846
1904950
1916939
1904795
1909263
1904795
1920502
1917028
1916221
1904824
1915640
1904793
1909521
1904794
1909043
1904795
1919940
1904828
1965852
1904812
1909304
1904793
1917337
1904793
1915800
1904794
1909859
1930886
1941857
1904985
1910672
1904794
1924020
1904793
1909664
1904793
1909028
1904896
1956035
1917124
1904795
1908900
1904794
1918224
1904793
1915963
1904794
1931140
1930449
1904989
1910122
1904795
1917120
1904871
1904873
1909549
1904795
1917169
2017413
1904812
1915426
1904795
1918917
1904853
1909883
1904796
1915599
1904793
1941327
1911282
1904795
1915724
1904794
1917655
1904793
1910632
1904795
1927318
1936359
1904996
1916211
1904794
1910911
1904795
1909301
1904872
1915651
1904873
1953228
1909742
1904791
1909031
1904794
1927423
1904795
1909533
1904795
1927921
1931718
1904819
1916331
1904792
1910795
1904795
1909669
1904873
1915496
1904962
1945013
1915519
1904999
1911431
1904793
1917565
1904872
1922629
1904795
1950121
1948451
1922957
1904792
1911074
1904794
1909220
1904795
1915795
1904872
1909166
1956202
1915251
1904800
1909451
1904795
1917601
1904794
1916188
1904794
1927536
1930412
1910136
1904796
1917508
1904793
1909444
1904794
1909298
1904794
1933882
1947535
1925031
1904796
1908961
1904873
1904794
1904871
1904794
1904794
1917084
1934067
1904812
1915648
1904793
1916806
1904869
1910942
1904793
1910134
1928831
1944019
1904837
1912162
1904794
1909433
1905497
1915844
1904793
1918146
1904935
1939549
1924208
1904795
1910886
1481507
1645151
1604025
1481506
1753982
1512075
1915462
1915385
1904796
1926081
1904788
1910461
1904795
1909183
1904952
1927387
1935465
1904864
1909805
1904788
1909666
1904794
1915440
1904794
1916949
1941703
1938939
1694387
1481504
1802514
1481506
1679641
1564833
1522221
1904873
1915407
1932419
1908816
1904795
1909848
1904795
1904854
1904793
1904795
1924010
1904794
1974202
1914849
1904802
1921778
1904793
1910548
1904795
1916023
1904794
1929023
1923486
1909149
1904795
1916806
1904871
1916645
1904793
1911098
1904877
1917973
1932116
1904980
1904796
1904792
1904792
1904795
1910583
1904793
1926600
1933263
1943516
1909767
1904795
1927380
1904793
1916194
1904794
1909950
1904897
1935017
1934158
1904827
1922711
1904795
1908948
1904796
1916182
1904794
1916601
1952451
1953725
1915466
1910811
1904793
1918100
1904793
1910978
1904950
1941246
1904792
1979097
1916248
1904795
1916696
1904794
1910042
1904795
1909144
1904793
1921613
1929969
1904821
1925279
1904793
1916300
1904793
1909504
1904794
1915844
1922087
1943949
1909225
1904788
1909600
1904874
1926798
1904795
1910425
1904793
1909910
1932471
1904810
1916684
1905651
1910697
1904950
1908995
1905107
1949699
1931225
1981506
1904833
1916399
1904800
1916968
1904794
1912586
1904794
1910787
1933260
2073878
1904812
1916793
1904792
1909406
1904872
1909994
1904793
1927285
1928885
1918674
1909097
1904796
1927484
1904794
1904792
1904793
1904796
1904794
1923704
1948253
1904823
1911382
1904795
1919161
1904793
1916908
1904794
1910004
1932596
1964469
1908394
1904795
1921417
1904794
1909913
1904795
1909551
1904794
1943166
1949985
1927369
1904796
1910762
1904794
1910222
1904796
1916431
1904917
1942119
1932890
1909620
1904794
1921921
1904793
1918100
1904796
1911379
1926937
1933473
2001716
1914586
1904871
1909858
1904792
1917905
1904793
1910177
1904794
1952688
1904872
1908794
1904869
1917843
1904794
1916756
1904795
1911913
1904874
1927478
1960315
1904994
1915742
1544078
1553134
1699178
1481505
1797292
1481506
1700137
1931329
1904799
1916113
1904795
1927269
1904795
1904795
1904793
1904793
1933438
1926783
1915783
1904794
1909681
1904796
1910510
1904873
1916642
1904795
1928694
1950692
1909400
1904796
1917335
1904795
1909643
1904873
1909258
1904805
1953946
1918779
1917454
1904797
1909525
1904795
1918288
1904793
1916901
1904794
1916760
1925581
1904870
1915208
1904796
1909177
1904795
1916367
1904795
1916509
1916925
1939925
1908959
1904794
1925331
1904793
1910218
1904793
1910138
1904793
1916415
1953595
1910676
1904789
1909584
1904793
1917028
1904873
1910604
1904792
1929261
1915383
1904918
1916433
1904793
1909183
1904794
1909466
1904795
1928670
1904801
1970263
1908642
1904789
1919387
1904795
1923958
1904873
1910172
1904794
1908920
1917028
1904811
1909160
1904872
1916020
1904793
1920232
1904793
1911128
1904794
1939672
1905019
1904795
1904794
1909780
1904794
1916450
1904794
1910295
1916222
1937523
1904812
1904795
1915960
1904794
1909302
1904795
1918805
1904797
1930218
1950389
1916856
1904794
1916316
1904794
1916429
1904794
1909678
1904794
1909335
1924193
1910273
1904795
1916340
1904983
1910515
1904795
1910627
1904793
1916736
1989399
1904867
1909442
1904872
1910438
1904794
1927482
1904794
1920327
1918434
1918410
1904812
1909373
1904794
1915953
1904870
1918224
1904793
1911373
1918420
1952349
1904820
1916821
1904796
1925719
1904793
1909808
1904794
1916200
1904793
1956618
1904811
1917245
1904794
1909886
1904793
1917443
1904795
1908584
1904794
1937128
1904816
1915273
1904794
1916966
1904794
1909471
1904793
1916418
1917794
1976385
1904820
1904796
1904795
1904793
1917153
1904873
1910491
1919232
1925377
1911538
1920145
1904789
1916826
1904794
1911061
1904793
1909256
1904792
1935017
1925068
1904944
1918516
1904796
1918115
1904794
1910210
1904796
1916586
1916681
1928961
1916915
1904794
1910166
1904796
1917219
1904794
1910331
1904794
1912018
1932353
1910460
1904797
1916994
1904795
1915149
1904794
1919282
1904873
1939302
1940860
1904814
1915101
1904795
1910658
1904796
1915720
1904993
1929990
1904794
2069264
