16943
16798
16811
18756
16850
16799
16788
16802
18661
16817
18640
18663
19989
18669
18700
18658
18660
18668
18675
23989
18706
18640
18689
18681
18696
18671
18698
18656
18672
24006
18731
18698
18699
18707
18657
18706
24008
18673
16844
16829
18745
18687
18712
18677
18708
18725
18674
18665
18703
35095
24083
18670
18624
18632
18730
18674
18707
18725
24007
24027
18705
18737
18711
18773
18669
18662
18669
18668
23988
24056
18731
18701
19838
18663
18668
18713
18666
18660
24007
24049
18725
18657
18656
18670
18660
18681
18657
18661
23988
23988
16859
16793
16850
16839
16806
16801
16791
16803
16844
27914
16847
16862
16845
16847
16862
16859
16801
16884
24053
24053
18744
18720
18671
18723
18998
18719
18707
19062
24038
24272
16886
16799
16792
16856
16848
16795
16800
16845
18712
24020
18751
18705
18678
18670
18719
18704
18683
18658
24014
24011
18729
18672
18747
18678
18667
18712
18678
18669
24006
24001
18761
18688
18722
24027
18744
18752
18666
18658
18729
23988
18714
18699
18738
18709
18734
18704
18678
18708
24048
24034
18751
18733
18670
18720
18712
18722
18702
18723
24030
24047
18707
18715
18668
18666
18660
18664
18726
18741
24026
24047
24031
24039
24030
24028
24015
24035
24027
18744
24033
24031
18709
18715
18708
18711
18705
24049
18709
18707
18674
18703
18692
18657
18701
18673
18709
18657
18748
18669
24029
23988
18705
18670
18658
18675
18705
18663
18707
18676
24007
23994
18751
18712
18673
18708
18657
18657
18895
18659
23989
23988
18722
18689
18660
18659
18657
18663
18657
18706
23988
18708
18731
19080
18670
18679
18670
18680
18671
18677
24179
24044
18734
18691
18675
18687
18691
18687
18671
18712
23988
24035
18749
18725
18658
18717
18664
18709
18712
18668
24024
24011
18719
18658
18710
18711
18710
18658
18711
18707
23991
24069
24080
24029
24031
24026
24041
23996
23985
23995
18671
18729
18751
18656
18706
18714
18665
18745
18706
18665
24036
24047
18745
18666
18670
18721
18668
18711
18714
18718
24020
23998
18747
18689
18658
18683
18664
18660
18950
18689
23992
23997
18728
18709
18671
18665
18670
18661
18681
18664
23999
24019
18708
18687
18674
18668
18661
18717
18676
18674
23992
24058
18692
18663
18708
18671
18665
18681
18661
18701
24062
23993
18705
18673
18630
18665
18656
18710
18662
18671
23995
24003
18731
18664
18657
18664
18701
18634
18662
18707
24006
23989
18708
18673
18680
18670
18709
18665
18657
18665
23990
23996
18727
18667
18669
18663
18706
18723
18656
18665
23988
24001
18716
18700
18669
18681
18657
18729
18709
18684
24027
24056
18683
18668
18706
18702
18723
18658
18720
18669
23997
23991
18749
18678
18674
18683
18660
18675
18660
18669
23989
23988
18731
18690
18722
18665
18658
18665
18655
18666
24007
24050
18702
18682
18687
29277
18665
18657
18665
18660
18667
24006
18729
18674
18657
18669
18658
18677
18668
18666
24004
24017
18711
18668
18658
18666
18705
18664
18657
18665
23990
24053
18686
18665
18671
18666
18656
18685
18656
18664
23989
23996
18715
18684
18664
18658
18688
18657
18658
18715
23941
24002
24084
24002
24009
24012
24034
23987
23999
23992
24057
18707
24039
24064
24036
24054
24026
24031
24011
23988
24047
24034
18735
18682
18707
18729
18709
18719
18710
18768
24031
24047
18704
18666
18692
18668
18668
18744
18657
18719
24233
24038
18681
18705
18677
18659
18724
18711
18660
18738
24036
24047
18724
18721
18708
18720
18705
18665
18958
18656
24020
24057
16852
16802
16802
16791
16791
16855
16801
18661
16800
24130
16883
16806
16792
16810
16805
16800
16793
16808
16793
24050
18749
18678
18675
18665
18658
18720
18660
18723
23991
34804
18713
18727
18668
27952
18659
18678
18710
18666
24009
24051
18704
18721
18660
18665
18705
18664
18659
18664
24029
24026
18671
18681
18660
18652
18670
18711
18668
18668
23995
24054
18746
18669
18657
18717
18660
18725
18660
18700
18725
27856
18712
18734
18668
18669
18670
18722
18670
18726
24032
24051
18747
18723
18704
18666
18708
18669
18661
18677
24060
24083
18707
18733
18693
18676
18707
18673
18691
18731
24024
24029
16848
16816
16846
18668
16791
16859
16843
16823
16765
24000
18708
18723
18733
18658
18669
18721
18715
18665
18672
23998
18751
18729
18669
18705
18725
18709
18666
18880
23999
23992
24025
24056
24003
24032
24051
24031
24047
24028
18715
24042
18758
18690
18673
18676
18729
18722
18708
18707
24052
23991
18749
18677
18669
19003
18711
18665
18714
18676
24029
23990
24027
24031
24022
24286
24027
18621
18685
24001
18722
24007
24043
23993
24003
24055
23987
24021
23987
27870
18670
24048
24032
24012
23988
23998
23991
23986
23997
24034
24026
24578
18700
18632
18667
18670
18666
18708
18664
18658
24055
23986
18752
18657
18722
18656
24032
18666
24001
18658
24042
24059
24036
24011
24029
23998
23993
24002
24008
24017
24006
24015
24004
24015
24029
24032
24050
24084
23987
24013
16791
24052
24041
24013
24009
24013
24039
24035
24043
24033
24061
24003
18705
24024
18673
18677
18709
18666
24038
18665
23993
24015
18709
18723
18681
18663
18683
18646
18632
18742
24008
24009
18744
18707
18670
24105
18658
18669
18709
18725
23998
24054
18707
24046
18660
18724
18709
18665
18716
18667
24087
24013
18750
18731
18732
18667
24028
18723
18655
18721
23985
24043
24088
18724
19013
18722
18716
18748
24026
24050
18662
18685
18704
24027
18709
38198
18678
18659
18709
18657
24062
23988
18709
18678
18656
18677
18729
18660
18666
18702
24011
24074
24087
24010
23988
24032
24059
23989
24047
23989
18725
23987
24085
24052
23991
24032
24001
23998
24031
24044
24064
23992
18666
18806
18657
18666
18704
18668
18670
18667
18660
24051
18702
18669
18658
18678
18708
18673
18721
18661
18680
24027
24078
24018
24034
24014
24032
23998
24034
23996
18672
24010
18736
18665
18701
18665
18656
18716
18658
18667
23991
24052
18714
18660
18680
18661
18666
18658
18726
18661
18665
24046
18701
18670
18768
18688
18670
18674
18675
18671
23988
24049
18710
18677
18669
18724
18709
18733
18704
18666
18713
24057
18709
18668
18750
18678
18723
18712
18722
18707
24019
24033
18659
18738
18658
18660
18716
18671
18657
18758
23991
24158
18706
16862
16812
16811
16802
16823
16864
16844
34146
24003
18708
18728
18660
18665
18657
18725
18691
18673
24025
23996
