2340952
2333172
1839678
1820938
1826610
1817087
1814316
1840602
1816807
1818795
1814092
1817867
1836417
1809914
1811104
1819390
1812239
1823072
1825989
1811378
1823462
1816641
1822269
1812482
1811535
1821817
1814540
1811573
1608903
1553381
1566721
1556566
1554199
1553248
1566339
1568814
1555186
1554077
1556487
1561176
1553395
1564910
1565962
1551602
1553934
1552125
1568135
1569171
1568439
1553905
1566526
1562665
1555107
1552697
1554622
1568047
1560684
1555117
1553788
1553768
1555131
1570275
1578089
1551775
1553510
1553034
1559533
1568995
1556363
1553960
1562149
1560029
1553598
1554799
1553930
1563231
1563620
1554245
1553792
1551857
1552282
1553264
1553035
1567653
1566000
1553180
1553510
1554005
1568564
1567839
1563988
1567675
1552964
1553335
1554555
1555028
1571152
1562057
1553976
1552892
1554398
1555685
1562091
1567544
1554292
1555365
1554938
1561127
1570028
1568851
1559980
1570751
1554559
1554390
1554428
1561146
1579154
1553643
1554689
1555186
1553475
1554056
1555139
1563918
1570236
1553326
1554694
1555707
1553514
1572967
1560946
1565142
1553852
1554544
1551957
1560209
1568926
1555368
1553903
1554590
1565532
1563172
1551240
1553646
1555045
1562011
1564528
1553567
1553823
1554571
1559781
1568663
1551778
1553483
1554280
1565107
1573087
1554518
1556545
1553941
1565157
1568754
1554513
1553329
1553904
1552771
1561376
1566126
1554881
1555277
1559887
1552160
1552958
1553585
1572266
1560061
1554820
1554134
1554961
1554142
1559645
1560611
1555943
1554364
1554487
1560649
1566206
1554963
1553389
1552594
1557969
1553489
1558640
1551819
1554739
1560919
1568054
1554067
1554690
1553780
1563363
1551227
1553773
1552235
1570897
1566398
1554654
1553643
1553042
1569020
1556080
1553557
1565840
1563470
1552605
1553359
1553538
1560869
1565376
1571526
1558596
1567499
1563471
1551362
1558171
1553726
1570747
1566380
1555379
1555318
1554077
1553610
1572588
1563460
1557786
1555552
1553268
1572239
1560137
1553498
1553455
1555008
1555218
1577048
1571330
1554844
1554061
1553030
1568135
1569874
1554808
1554015
1555067
1554867
1559681
1568758
1553580
1553003
1553915
1565883
1564636
1560733
1551915
1553150
1554498
1570056
1565523
1553271
1555043
1553985
1552354
1559984
1572893
1552528
1554580
1554164
4941436
1569217
1561671
1555001
1553659
1552816
1555181
1553372
1575024
1560726
1554415
1553779
1553786
1572390
1567287
1562199
1559558
1554115
1556746
1563465
1567043
1553623
1554728
1553893
1555395
1561186
1574734
1552217
1554180
1553130
1562927
1568594
1553896
1554951
1561180
1568221
1553633
1552309
1554599
1561420
1565097
1556774
1553159
1553235
1556984
1554148
1557416
1553660
1570193
1564555
1553828
1552414
1555488
1571568
1554742
1556108
1561708
1562641
1553098
1555460
1554344
1553693
1566273
1574376
1575458
1554002
1554407
1552684
1565592
1571301
1553503
1554010
1554807
1563629
1552893
1553826
1552919
1562338
1570898
1553723
1552303
1555205
1563197
1574099
1552586
1554201
1553118
1558963
1570751
1554749
1553844
1553800
1564071
1571477
1565593
1567612
1554445
1553611
1552642
1561138
1565568
1555857
1555576
1555067
1551055
1560692
1573376
1553339
1553705
1554723
1562710
1571394
1553175
1553518
1552686
1552534
1552591
1568307
1564466
1554353
1555615
1554123
1573020
1562229
1555682
1558252
1570397
1567916
1553944
1554851
1553681
1573459
1563513
1565539
1553766
1551744
1552626
1561184
1570496
1554148
1553186
1555679
1554482
1572453
1566437
1552689
1557088
1553595
1555092
1565080
1571265
1553419
1556128
1553397
1565369
1560012
1553475
1553304
1553495
1567142
1563293
1552583
1554165
1554756
1553831
1552724
1555800
1552401
1566009
1567853
1552831
1553277
1553111
1567734
1551533
1564708
1562692
1552187
1553579
1554521
1569470
1561934
1555223
1554503
1555082
1555645
1559769
1567140
1554589
1555035
1552489
1571250
1567264
1552690
1553636
1560446
1570438
1552794
1552448
1552658
1559239
1569904
1556415
1553413
1562648
1553228
1552132
1552816
1553552
1565880
1571701
1553690
1553960
1553453
1552774
1552780
1569509
1558803
1556194
1552622
1553878
1553853
1558876
1567616
1553472
1554276
1552839
1559107
1574718
1555207
1554397
1554748
1553527
1563528
1553681
1564004
1563898
1554933
1554112
1554609
1553812
1560525
1565337
1551858
1552239
1552525
1563174
1574390
1552580
1552526
1552510
1560043
1569596
1552714
1553157
1559077
1565212
1553258
1552554
1552626
1560327
1565170
1554496
1552381
1555498
1552490
1553752
1567920
1567241
1555897
1556061
1555065
1553888
1562131
1558143
1567221
1554245
1555050
1554727
1565046
1562561
1554107
1554076
1557961
1553851
1553302
1553940
1567271
1561718
1554952
1555021
1554719
1555009
1564813
1554099
1554448
1563170
1560386
1555561
1553848
1554568
1562184
1564404
1555592
1553847
1558515
1561313
1554312
1555201
1554240
1561556
1569904
1555692
1553302
1557078
1553644
1552666
1553915
1560253
1564774
1553431
1553001
1553553
1567388
1553880
1564660
1560423
1552706
1552990
1552441
1569363
1559840
1554344
1554887
1560437
1566540
1552786
1553179
1553486
1554288
1580335
1564694
1554849
1552912
1560404
1565677
1556207
1552588
1553885
1553514
1566071
1562190
1553559
1553335
1558175
1555135
1554566
1553933
1563913
1561778
1553995
1553536
1556064
1563226
1552503
1552659
1568929
1559175
1554299
1552996
1552859
1564654
1560290
1552850
1553576
1560130
1571649
1554076
1554895
1553792
1562916
1569597
1554152
1553978
1553349
1553534
1552453
1560813
1563436
1553269
1552886
1552701
1552513
1564052
1555230
1558708
1567780
1553810
1553843
1555518
1561922
1565627
1554154
1553366
1553721
1552356
1565958
1568915
1553949
1554504
1554361
1563136
1569145
1554660
1555906
1554027
1557578
1569523
1563151
1555134
1555114
1555338
1569037
1567645
1553484
1558457
1566462
1554556
1555847
1555097
1554591
1565601
1568587
1553148
1564250
1560416
1555558
1554388
1554895
1555566
1563151
1561794
1554926
1554846
1557059
1558931
1560875
1552856
1554076
1553888
1560864
1567058
1554042
1564107
1566482
1563193
1561923
1554458
1555756
1553742
1562563
1565619
1553129
1554765
1554514
1562971
1562424
1554350
1553723
1553970
1561563
1559223
1554605
1553476
1553616
1559767
1566376
1553419
1554723
1554511
1564312
1561364
1554130
1554256
1569929
1559807
1554625
1551588
1553382
1562744
1565438
1553446
1554051
1553573
1564423
1552456
1552751
1554573
1565124
1564953
1553323
1553682
1553670
1552319
1556789
1563808
1552596
1554468
1554081
1556698
1568002
1554475
1551992
1553328
1563677
1553433
1552748
1551606
1567261
1565780
1553289
1552854
1554244
1558638
1555880
1554755
1554338
1567111
1558505
1553379
1554041
1553398
1553419
1561926
1554141
1552147
1551760
1566477
1561872
1553758
1551157
1552996
1567042
1563649
1551832
1553295
1565681
1565173
1553742
1553623
1555387
1558124
1564906
1554417
1552787
1556824
1560867
1551927
1553509
1554142
1552463
1557610
1576121
1553252
1553297
1552801
1552450
1566280
1564051
1552616
1550730
1552631
1567781
1559467
1554117
1552338
1553920
1553119
1558807
1567384
1552028
1556553
1554339
1563306
1572400
1553560
1552669
1554864
1562819
1564603
1552910
1554047
1552774
1554482
1553243
1552965
1552988
1559521
1564108
1553623
1553732
1552927
1556995
1568277
1562190
1555569
1554011
1554806
1558886
1564051
1572447
1554521
1554399
1553464
1562312
1553676
1552565
1552504
1567393
1560580
1554057
1552621
1552985
1552079
1551736
1565956
1570894
1553223
1553099
1553930
1551759
1565183
1568192
1553156
1561300
1552429
1553269
1553328
1551566
1564570
1561192
1553369
1553643
1553983
1556292
1553546
1561576
1570170
1552469
1552933
1553167
1566644
1567352
1552701
1560388
1552322
1553925
1553232
1557882
1565366
1553540
1553139
1552744
1557461
1554115
1555224
1555197
1557841
1565504
1553026
1554366
1553682
1553437
1558049
1563961
1557409
1553332
1553328
1553298
1561968
1560041
1552802
1553455
1553282
1551879
1561016
1569967
1553146
1552616
1552483
1556553
1567929
1554389
1557822
1552726
1563285
1558954
1555766
1558074
1563644
1567169
1572692
1557533
1556030
1553734
1553842
1567738
1561994
1567459
1554734
1553776
1554620
1566448
1566345
1553610
1552808
1560387
1571555
1553103
1553569
1554414
1566220
1568956
1555169
