24084
33927
18779
18626
23958
18733
24191
23559
24063
23947
24030
23915
23970
27914
27915
27880
27897
27934
23986
36893
23954
23921
23945
23901
24056
25684
24057
23974
23937
23931
23951
23933
23927
23961
23927
24055
23964
23984
23980
23990
23978
23998
23963
23984
23978
23987
23969
47742
23960
24006
23975
23970
23977
23960
23978
24011
23966
47747
23965
23979
23992
23962
24005
23941
23955
23932
23966
23911
23927
23895
23958
23929
23946
23931
23909
24071
23919
23927
23945
31861
23953
23916
23947
23932
25585
23907
23943
23915
23945
23926
23938
23961
23990
24010
23917
23998
23993
23981
24000
23997
23991
24005
24004
23968
23985
47749
23972
23956
23989
31062
23974
23983
24000
23977
23993
23957
23994
23967
23977
23978
24305
23994
23962
24005
23962
23987
23964
23992
27630
37618
24003
23996
23974
23972
23998
23969
24011
23978
30871
23970
23980
23977
23983
23985
24002
23982
23994
23976
24006
23976
24007
23976
23999
23989
23961
23983
23978
24005
23978
23989
23984
23960
23982
47695
23959
23963
23989
23967
24009
23978
24019
23994
23965
24074
23971
23963
23995
36153
23990
36032
23992
47776
23964
23979
23993
23955
23923
24189
23994
23961
24022
23990
23962
23986
23978
23950
23957
23985
24105
32053
24107
23978
23962
23987
23959
23957
23976
23987
24018
23998
23998
23985
47693
23920
23920
23993
23932
23985
23921
23970
23994
23950
23968
47694
23964
23924
23939
23924
23964
29671
23949
47773
23918
23972
23921
23946
23926
47838
23970
23966
24006
23923
23940
28580
23923
23978
23942
24008
24035
29863
23978
24007
23921
23971
23948
23920
23919
23922
23926
27775
23940
23993
23979
23915
47743
23926
23960
23925
47753
23978
24021
23979
23988
23963
23983
23957
23989
23956
23983
23990
23991
23986
24000
23961
47750
23962
23975
23967
24004
23966
23989
23986
47745
23958
23961
23978
23988
34843
23991
23991
24124
23987
23963
23995
23971
23987
23965
23993
23970
27762
24055
24012
24002
23973
24007
23966
23992
23965
23942
23987
23998
29913
23995
23919
23961
23962
23984
23969
31424
24008
24011
23999
23923
23986
23969
47770
23965
23978
23967
23985
24002
23976
23984
23965
47746
23964
23960
23969
23999
27886
24014
23984
24341
23970
23959
23963
48068
23971
23963
24203
24019
23979
23969
23925
23966
23990
23970
24280
23972
23993
23976
23983
23963
47741
23929
47726
24088
23925
23982
23995
23994
23981
23945
23966
47693
23972
23921
23971
23939
23978
23999
23919
24008
23922
23991
23922
23987
23928
23992
23968
23981
23962
23935
23924
47696
23968
23922
23922
47692
23966
24120
23922
23962
23944
23967
47693
23962
23925
23964
23995
24018
24002
23922
23971
23937
23985
23922
24007
23918
30142
23987
23958
23985
23960
23977
23963
23950
24068
23970
23995
24012
23987
23987
23959
24162
23926
23994
23964
47773
29519
23997
23976
23988
23963
23991
23957
24013
23961
23992
37060
24002
23976
23986
23960
23991
23961
47751
23960
23966
23985
23986
23983
23965
23989
23970
23978
23965
51996
23964
24221
24092
23984
23986
23968
23986
23968
23981
23986
23967
24001
23982
23974
24040
24261
23946
23963
23991
23962
23993
23973
23999
23980
18653
18668
23971
18693
18605
37156
23965
23966
23986
23984
23967
24005
23965
23981
23966
47749
23971
23966
24235
23988
23964
23963
23985
23998
23965
24010
23967
47756
18678
18671
18654
18675
23972
18674
23961
47777
23968
23957
24011
23985
23964
23961
23974
23927
23982
23967
47744
23965
23981
23922
23968
47706
23924
23921
23974
47693
23965
23966
23987
23921
23960
23941
23984
47696
23921
23925
23981
23991
23992
23917
23938
23951
23920
23988
23920
23932
23972
38328
23981
23941
23980
23924
23981
47693
23961
24010
23968
23966
24027
23972
23938
24090
23949
23962
23951
24016
23968
23997
23996
24003
23914
47740
23926
23961
23923
23974
23935
23967
24006
47750
23981
23919
23961
47712
23958
23962
23987
23996
23982
23980
47768
23996
23960
24004
23961
24000
23967
47751
23986
23987
23964
23983
23934
23989
23957
23982
24111
30661
23988
23992
23964
23987
23959
23991
23960
23999
23961
23994
24340
23992
47740
23975
23922
23963
23985
23995
23995
23989
23992
23997
23964
23969
23996
23970
23983
23985
23991
23939
24217
23941
23976
23971
24007
23920
24007
35172
23964
23986
24002
23989
23974
23986
23959
23989
23968
38022
23959
27997
23955
23982
23979
47740
23961
23961
23960
23984
24202
27813
24006
23985
23960
47693
23965
23960
24089
23991
23958
23979
24000
23980
23975
24000
23997
23922
23982
23972
23990
23967
23976
23912
24013
23918
23989
23921
23998
23922
23965
23921
23978
23976
23993
23932
23967
23950
23967
47784
23968
29968
23988
24005
18608
23985
18605
18625
18605
18607
23981
47751
23986
23986
23924
23982
23929
23924
39181
23921
23983
24109
24127
23930
23991
23926
23963
23947
23923
47694
23966
23964
23984
23922
23981
23981
24014
23962
47750
23969
23977
23967
24003
23982
23985
23962
23971
47744
23986
23992
23963
23982
23998
23983
23961
23981
24157
47757
23964
24014
23970
23996
23999
47773
23997
23941
23963
23988
23962
47746
23984
30041
23993
23967
23989
23984
23975
23988
23963
24075
23973
39843
23985
23997
23963
24196
23963
23982
23991
24006
23925
23993
24022
24149
23994
23981
23997
23989
23974
23987
24089
47749
23982
23991
23983
23970
24010
23972
23984
23965
23964
24372
23977
29721
23946
23962
23978
23983
23988
23961
23985
27900
28266
23986
23997
23983
23984
23986
23971
23993
23981
23999
24025
23975
23987
23918
23972
23980
47905
23967
23966
34657
23979
23995
23981
23985
23985
23988
23982
23982
24000
23968
23996
23967
23930
23963
23926
23969
23942
23985
23984
24010
24017
23975
23938
24001
23923
23966
23946
23921
23963
23978
24338
23997
23921
47751
23921
23950
23919
23993
23929
23995
23982
23960
23937
23948
23918
24019
23920
47756
23925
23964
23979
24023
23948
23968
47695
23966
23920
23981
23988
24000
23982
23941
35689
23918
23990
23923
23989
23965
24007
31108
24013
47755
23977
24315
23962
47743
23962
23983
23976
24305
23975
24001
23995
23966
23989
23972
47744
23980
23971
37111
24012
23983
23963
47745
23970
23965
23960
23963
24030
36229
23993
23988
23963
47743
23960
23960
23960
23990
23968
24093
24011
47754
23958
23962
23963
23984
23981
23985
24008
33624
