2178750
2188600
1823370
1824514
1820458
1833320
1819702
1821718
1834355
1820284
1822005
1832648
1821056
1821090
1826268
1820794
1833020
1821478
1820417
1831214
1836571
1821597
1821017
1827998
1819221
1690232
1570243
1564922
1562195
1574368
1559261
1566588
1563762
1556409
1555580
1554782
1554836
1560352
1559755
1555207
1553034
1554332
1553042
1553820
1563716
1558736
1553021
1553739
1553828
1564234
1212314
1213650
1218040
1222353
1220495
1217259
1221832
1221259
1213898
1222359
1557940
1558000
1553285
1552202
1553176
1562028
1564346
1553302
1554034
1554381
1214289
1213366
1212811
1213341
1213606
1214150
1213558
1214219
1214102
1277548
1429053
1221875
1377659
1219395
1326622
1323860
1217594
1262658
1216886
1212517
1213301
1213890
1213936
1213389
1212259
1212330
1212997
1215018
1214786
1213688
1552491
1552908
1564034
1557811
1560400
1552987
1554674
1553780
1213309
1212663
1553540
1553102
1552572
1562570
1563134
1558031
1554124
1552856
1553450
1566969
1557717
1554168
1553827
1553207
1559252
1558438
1565513
1555197
1553684
1555530
1554360
1562260
1557968
1554496
1553307
1555462
1559366
1560927
1553927
1553891
1555251
1555210
1553602
1559192
1557912
1554546
1555327
1556135
1560111
1563911
1564620
1560001
1553730
1553705
1555055
1559308
1559029
1555282
1553372
1553928
1553918
1563651
1559834
1553946
1553899
1553773
1555806
1559102
1568072
1553353
1552968
1553253
1553998
1570007
1557931
1553515
1552958
1552924
1559464
1558810
1552102
1566971
1558293
1553921
1554021
1552212
1564062
1560267
1555442
1552925
1552584
1553439
1559876
1571152
1552883
1552619
1554033
1559368
1574171
1556820
1553210
1553942
1552516
1561014
1557998
1553626
1552790
1553614
1558956
1559384
1560205
1557544
1553380
1555993
1552697
1560618
1557615
1552476
1553383
1554415
1553448
1562425
1562366
1553673
1553147
1551964
1552275
1561093
1564782
1554230
1552538
1553501
1558678
1565960
1554210
1552791
1554050
1552934
1220674
1213870
1552948
1552832
1553745
1557453
1558526
1553732
1553210
1553942
1553636
1557178
1552253
1553366
1553083
1557524
1571295
1552856
1553321
1553493
1560150
1567927
1553344
1553079
1552910
1562758
1557510
1552474
1553420
1555658
1563664
1563255
1553163
1553007
1565016
1558463
1553284
1553680
1553116
1563280
1561597
1565048
1212352
1213313
1213750
1213012
1213008
1213227
1213964
1213089
1213118
1212483
1560068
1553736
1553298
1552890
1560681
1558694
1553373
1317114
1213350
1213255
1554443
1562406
1560264
1552819
1553175
1554163
1554688
1560725
1562892
1555939
1560970
1552234
1554757
1553616
1561098
1557904
1560961
1553327
1555153
1557299
1557167
1558613
1562456
1556161
1554001
1554489
1558812
1564411
1557102
1555547
1555393
1558646
1566895
1554216
1552705
1553683
1562444
1565398
1556402
1554235
1559975
1553357
1554212
1553242
1554220
1558352
1562198
1556196
1552977
1554358
1553567
1553542
1554578
1553288
1561160
1563396
1552679
1554116
1553278
1563006
1553950
1553625
1559346
1557086
1553475
1557037
1554648
1558896
1563275
1554696
1556389
1552931
1552612
1566530
1558752
1554686
1554620
1554735
1565570
1559536
1565228
1557716
1553254
1552902
1557761
1562717
1553964
1554498
1553956
1557734
1553188
1556342
1561445
1563838
1554298
1555027
1553132
1559648
1567002
1562813
1554259
1558150
1569112
1554915
1554862
1555644
1559266
1566975
1554452
1555462
1561309
1557908
1553604
1554738
1559939
1559606
1554703
1556084
1556298
1556062
1554122
1553940
1558448
1557273
1559216
1554569
1555953
1557406
1565210
1558893
1556929
1557965
1556917
1554531
1564867
1562838
1554212
1553744
1554274
1574142
1555207
1552748
1554071
1563459
1562965
1553153
1553472
1553757
1554649
1561479
1562987
1558462
1557497
1553873
1553888
1553485
1561424
1558341
1553442
1554298
3302410
2326968
1815915
1815182
1824668
1817218
1815619
1819459
1816526
1820079
1825901
1812842
1815241
1819461
1813999
1815317
1820152
1814691
1825558
1833837
1814855
1831533
1815103
1815726
1819545
1815861
1814574
1819426
1815368
1819983
1833340
1818727
1826803
1814840
1814283
1820714
1814515
1815110
1827690
1812547
1816089
1815195
1823664
1219122
1498265
1486927
1486351
1219506
1498590
1499058
1254503
1217441
1321131
1300116
1294416
1216662
1361810
1339887
1217579
1343870
1098610
1097757
1098973
1098099
1132410
1098548
1209895
1167317
1098489
1099673
1558670
1558248
1566410
1565356
1557974
1557859
1557602
1566147
1565098
1557803
1098835
1214146
1201839
1102919
1098309
1098177
1097905
1111064
1152933
1099297
1223098
1225663
1221241
1223828
1226094
1217119
1216280
1216780
1216589
1218907
1570310
1558581
1559700
1557800
1563928
1569651
1559428
1559044
1557113
1558221
1240142
1218295
1216706
1217168
1218057
1217732
1216593
1217099
1217405
1219373
1218424
1218512
1278723
1261707
1219527
1328969
1311377
1217824
1378835
1361661
1282564
1260329
1217726
1331594
1313053
1308429
1218772
1374890
1357809
1217485
1559303
1560126
1217714
1217821
1217277
1216930
1217760
1218151
1219309
1217965
1558244
1558133
1218031
1217672
1217498
1217874
1218567
1218054
1218699
1217955
1558623
1558322
1216989
1216814
1217663
1217873
1217357
1217504
1217552
1218610
5056614
1421762
1422781
1217696
1497440
1494668
1217661
1498237
1497070
1229301
1557999
1558691
1217948
1217764
1217612
1217739
1217523
1218248
1217037
1217659
1491200
1225467
1420419
1817058
1227342
1451212
1455871
1472400
1221589
1398568
1503050
1221050
1443561
1454682
1222100
1384748
1388671
1383601
1223993
1314004
1376291
1219471
1444673
1433433
1418948
1217211
1498062
1495462
1217503
1498845
1219154
1226218
1221123
1222192
1228223
1220399
1218266
1217655
1217718
1217657
1497336
1223366
1498787
1495959
1230464
1431670
1442325
1222172
1372394
1374719
1098223
1097366
1097793
1147521
1189707
1103529
1152593
1098862
1098349
1099341
1098457
1098408
1097177
1125602
1167712
1106886
1175751
1121776
1098503
1098482
1099007
1097847
1098330
1097822
1099554
1103956
1104921
1097966
1097839
1097712
1107244
1102249
1098649
1098011
1098114
1098996
1098656
1105470
1102750
1098569
1217334
1218082
1217941
1217214
1217350
1216931
1217838
1217164
2409674
1217972
1229367
1224726
1220550
1219937
1218294
1216488
1217541
1220210
1216878
1217403
1100787
1097982
1098585
1122738
1098391
1221365
1180269
1101640
1098881
1098037
1099077
1098948
1211410
1195996
1148521
1097493
1098193
1098292
1098039
1099844
1187345
1102657
1163119
1098249
1098713
1098060
1099350
1098925
1098039
1130655
1223346
1226342
1217431
1218569
1219097
1218039
1217935
1217192
1218100
1220105
1097924
1100546
1097841
1143340
1188845
1102695
1155670
1098186
1098872
1098818
1098590
1116164
1098774
1236060
1101391
1098253
1098182
1099526
1098024
1140931
1227928
1222202
2482584
1217313
1217092
1221815
1224623
1225869
1222855
1233178
1124799
1097552
1097839
1097995
1098832
1217901
1226743
1102035
1097306
1098027
1216200
1101798
1133013
1097671
1098943
1099634
1123056
1171473
1236057
1107172
1098222
1110274
1102185
1098860
1099373
1098917
1098655
1099122
1105867
1102765
1117848
1097935
1225068
1177184
1130367
1097909
1190744
1147627
1098580
1099140
1100709
1097607
1097583
1202340
1214812
1104278
1097955
1097731
1098144
1145877
1136415
1099168
1206263
1162177
1097674
1097930
1098396
1098423
1141467
1099889
1223485
1222064
1225398
1221247
1221972
1218387
1217479
1217571
1219266
1217314
1099277
1098386
1098790
1164413
1207797
1199865
1102003
1097837
1169540
1098398
1217214
1216946
1217212
1217128
1216506
1216726
1227878
1221188
1221710
1226738
1206534
1101953
1097750
1097368
1098138
1098822
1097639
1205472
1203024
1112566
1171039
1105635
1096988
1097617
1097931
1098279
1192364
1217121
1105055
1098306
1218348
1217895
1217434
1217224
1219073
1218287
1217870
1219435
1220511
1220659
1218325
1217707
1216524
1225405
1221306
1221276
1225206
1221622
1217743
1216994
1346460
1219522
1406622
1401904
1394901
1217161
1465670
1449126
1216269
1496975
1433349
1220712
1356799
1356475
1224731
1276270
1273396
1220100
1215595
1217979
1217981
1216817
1219454
1216205
1217171
1487037
1496343
1221947
1444271
1452933
1216484
1218499
1218456
1216202
1217121
1218009
1216261
1216320
1217097
1218208
