2178004
2190418
1818422
1829055
1817871
1821802
1815141
1813886
1822697
1830758
1817905
1844361
1811594
1823057
1812398
1811384
1816161
1811341
1812269
1813331
1818976
1824167
1811779
1820334
1816119
1811374
1816442
1811760
1812530
1816742
1811878
1821605
1812575
1820981
1826202
1812948
1816166
1216127
1219696
1212214
1271455
1210884
1346343
1323362
1211159
1398711
1377623
1211332
1452725
1430866
1217306
1214931
1225212
1210952
1212872
1211959
1211691
1212045
1212023
1212208
1213091
1212394
1211375
1214042
1212030
1212093
1211746
1212862
1211265
1211332
1212128
1212083
1211779
1212985
1211290
1213094
1212160
1213254
1210674
1211639
1213030
1211056
1211869
1211722
1212501
1214757
1222465
1215859
1215669
1221492
1223550
1219088
1219039
1212307
1211586
1211459
1211307
1211449
1212369
1212105
1212074
1211362
1211347
1211746
1211190
1211337
1212852
1219710
1219903
1214654
1212891
1211978
1227386
1220456
1215799
1221503
1219791
1212561
1212087
1212095
1212368
1212399
1211079
1212305
1212570
1211321
1211203
1213553
1218581
1216924
1212161
1211902
1213641
1211937
1223839
1222931
1219400
1217244
1221675
1212478
1211349
1211286
1212543
1211862
1210679
1213120
1211813
1210974
1212752
1211972
1217593
1221820
1210606
1213555
1211702
1212522
1211122
1211330
1211706
1212387
1211555
1218596
1214191
1219009
1218230
1214388
1212793
1210232
1211214
1211414
1221954
1216214
1214777
1258012
1215500
1213283
1211616
1211256
1212112
1212058
1212679
1211293
1219016
1219812
1215581
1218167
1218295
1211269
1211304
1212499
1218956
1220816
1215061
1218839
1211577
1211717
1211554
1213281
1211290
1211598
1213135
1211430
1211401
1214110
1212481
1211399
1219268
1220387
1214559
1218782
1214134
1211350
1214641
1220862
1214173
1218399
1221181
1224262
1210952
1211774
1212050
1214703
1215059
1212509
1220038
1217372
1219635
1222201
1219821
1212695
1218123
1216493
1212582
1212804
1211630
1212203
1215754
1212698
1213080
1211922
1216796
1215934
1219315
1218768
1215697
1212376
1212190
1211739
1211293
1212370
1211595
1212097
1211755
1212676
1212454
1212310
1218911
1216735
1218582
1220178
1211824
1212092
1211958
1212683
1210319
1211692
1212297
1215989
1218579
1218796
1212257
1211407
1212894
1211446
1211877
1212559
1211372
1212286
1211061
1213732
1212825
1213189
1212809
1212692
1212516
1212581
1211907
1211977
1212757
1213508
1222878
1215894
1215955
1222317
1216667
1211950
1212373
1212194
1212312
1212312
1228790
1219294
1216735
1210822
1210522
1211265
1210701
1211694
1211528
1211872
1220120
1218574
1215931
1218500
1217888
1211818
1213033
1212555
1213098
1212167
1212269
1213468
1255470
1212314
1212029
1211668
1212460
1215137
1225810
1215830
1219518
1220835
1215259
1211624
1211922
1212983
1212759
1212871
1212760
1212450
1212004
1212566
1211942
1212677
1211849
1211759
1218621
1220313
1216660
1218242
1221075
1212945
1213539
1212594
1212502
1212997
1213230
1213531
1213145
1212176
1212119
1212983
1211785
1212576
1216530
1215522
1222975
1215915
1212363
1212028
1219735
1217367
1212774
1212497
1213865
1212585
1212886
1212409
1212240
1214982
1212617
1211500
1212049
1212342
1213026
1212207
1212940
1213317
1220448
1215054
1211572
1212072
1215928
1220374
1221383
1215870
1219040
1212838
1221074
1211775
1214917
1212149
1211727
1212546
1211117
1212850
1212675
1211390
1213054
1212959
1213324
1213866
1217199
1222821
1218228
1220394
1219049
1212472
1213018
1213156
1216395
1212228
1212084
1212897
1212586
1212155
1211569
1344998
1332198
1323176
1220372
1215755
1219336
1212762
1211918
1211923
1213901
1212433
1212726
1215143
1212141
1211254
1224874
1219907
1215999
1218328
1217448
1212319
1211938
1215639
1217999
1218853
1219973
1220180
1211042
1212947
1212082
1212249
1212172
1212260
1213838
1212629
1212434
1213218
1216838
1219117
1220037
1217335
1219838
1213247
1213016
1212021
1211424
1211706
1212291
1212259
1216572
1215435
1224212
1216297
1221986
1214897
1211666
1211843
1211164
1211453
1212632
1210952
1210996
1211352
1220042
1219223
1216144
1211773
1212494
1212538
1212491
1212617
1212300
1211823
1212168
1212612
1214265
1223062
1218351
1216598
1222694
1212531
1212174
1211633
1212026
1211923
1213004
1212102
1212172
1212881
1213931
1212558
1213177
1212266
1212720
1211608
1212205
1212810
1212637
1212831
1211824
1212208
1212071
1212328
1213173
1217640
1218380
1219124
1219071
1220414
1212064
1213476
1213672
1211652
1212714
1212794
1211941
1213175
1212962
1219312
1216581
1223107
1219433
1213613
1214312
1213173
1215639
1219975
1220974
1215596
1221483
1211401
1211712
1212562
1212778
1211461
1212873
1211841
1212528
1213016
1212522
1213085
1218886
1216429
1214150
1212911
1211815
1214947
1211177
1212109
1213450
1212586
1216785
1214602
1212776
1212879
1212193
1212198
1212464
1212113
1212411
1211806
1218728
1217011
1212775
1211939
1212962
1212412
1212060
1212237
1212465
1212766
1216292
1215431
1212734
1212307
1213524
1213121
1212697
1212804
1213221
1212658
1421382
1213401
1223735
1217256
1212526
1212927
1211927
1211840
1211665
1212619
1212257
1212511
1212080
1214157
1212303
1219886
1218933
1219298
1221062
1215892
1211556
1212642
1212274
1214424
1214499
1212935
1215363
1213084
1216494
1213146
1212612
1218882
1214019
1212556
1213280
1212940
1211952
1212538
1213791
1219134
1455557
1221173
1216832
1211883
1211861
1212274
1212364
1212532
1212337
1212476
1211888
1211622
1212525
1215531
1219203
1219538
1215227
1219489
1212594
1212229
1211949
1213988
1213191
1212379
1212556
1212431
1211736
1212145
1219795
1216892
1228843
1219089
1219886
1220656
1215236
1219249
1213572
1212375
1213114
1213132
1212958
1213190
1212635
1211204
1212013
1212079
1211894
1211262
1215081
1221527
1218053
1224812
1219894
1212875
1212195
1210701
1212949
1212059
1211146
1212389
1212079
1211610
1211770
1213561
1255196
1212211
1213460
1212435
1211586
1212562
1216895
1219899
1213555
1214033
1213907
1220322
1216406
1221048
1220388
1217254
1212644
1213410
1217098
1220514
1214005
1211890
1211824
1212794
1212870
1212928
1212237
1213084
1212725
1212597
1213402
1211898
1212658
1212609
1211912
1213144
1212679
1213416
1212061
1212965
1212301
1211839
1212267
1212308
1212615
1218201
1215943
1218941
1212597
1211754
1212479
1211752
1212520
1212340
1219328
1215926
1218485
1219698
1216994
1223316
1217118
1217408
1214038
1212846
1212054
1212743
1213950
1213458
1212514
1212177
1212429
1211719
1212755
1211683
1212212
1211710
1212024
1219254
1219345
1215528
1218860
1217890
1212657
1212573
1212712
1211903
1212877
1212231
1216231
1227865
1221535
1213197
1212476
1212474
1212968
1212901
1211532
1212280
1215521
1214719
1212754
1214744
1220922
1217967
1219197
1220416
1215851
1211830
1213048
1212932
1212535
1212892
1212764
1216301
1219366
1219889
1216212
1219619
1212129
1220430
1216660
1219705
1223008
1214067
1212179
1212448
1211700
1212811
1213213
1211968
1213497
1212260
1212315
1216357
1430391
1221718
1215501
1219134
1212264
1212766
1213425
1213637
1217268
1220357
1220423
1216687
1222163
1212323
1213212
1213450
1211981
1212660
1213203
1213201
1213045
1213350
1213224
1212323
1211922
1211745
1212931
1212333
1513804
1211721
1216204
1218416
1218420
1216216
1212034
1212463
1212985
1212476
1211210
1219606
1219828
1215179
1220456
1218873
1211975
1226576
1220091
1215881
1218095
1212400
1211623
1212001
1213324
1211830
1213263
1219953
1224005
1228497
1217227
1221178
1212172
1212624
1212422
1212453
1210873
1212598
1212426
1212405
1211859
1212510
1219430
1219444
1216404
1218945
1219471
1217126
1221459
1220534
1212994
1211382
1212651
1212680
1211402
1212580
1215348
1212475
1211761
1211390
1211285
1211482
1215334
1220823
1217680
1221015
1215839
1217798
1212515
1211858
1211648
1212253
1212091
1212594
1211659
1214627
1212016
1218568
1211747
1211645
1212857
1215585
1221518
1220618
1215379
1221176
1214053
1211961
1482875
1217653
1218215
1218663
1216847
1219752
1213088
1212276
1224620
1210791
1212701
1211774
1212337
1211561
1211018
1212512
1212257
1212742
1214048
1211993
1213377
1212620
1221245
1221141
1215142
1219275
1218063
1212116
1216371
1217463
1213300
1214710
1220981
1220576
1219224
1216542
1220063
1212734
