18794
18674
18678
18671
18618
18619
18608
18619
18605
18617
18716
18605
18617
18607
18608
18620
18597
18604
18606
23963
18615
18611
18621
18603
18816
18606
18618
18597
18626
23906
16757
16755
16744
16767
16749
23975
16799
23973
23982
23935
16808
16812
16803
18684
16745
16748
17047
16748
16757
36357
18662
18603
18620
18606
18584
18616
18613
18624
18602
23931
18611
18604
23937
18605
23931
18604
18618
18596
23950
23946
18618
18612
18614
18605
18631
18612
18621
18606
23932
23925
18614
16755
18611
16758
16743
16752
16771
16748
16756
23922
18621
23943
23973
16753
18673
16815
16820
16808
18675
28106
18665
18689
18658
18684
18679
18667
18665
18662
23995
23987
18687
18690
18670
18656
18660
18651
18672
18655
35349
24020
16813
16814
16791
18608
18093
16743
18610
16830
16753
23939
18621
37093
23383
18602
18606
18608
18602
37096
18581
27930
18622
18627
18604
37096
18598
18603
18581
18607
23969
23980
18716
18668
18618
18678
18611
18656
18605
18607
18664
18607
18671
18617
18654
18606
18658
18617
18602
18675
18609
23978
18659
18672
18613
18614
18670
18605
18690
18602
18605
27470
18663
18686
18649
18662
17048
16801
16817
16797
23991
23979
23973
24022
23977
18674
18660
18668
18673
23985
23970
23978
18666
18659
18689
18668
18778
18663
18625
18654
23937
23976
23978
23991
23958
23986
23962
23975
23986
23984
23961
18691
18659
18673
18656
16810
16791
23991
16798
16814
16793
23983
23980
23977
24000
23965
24000
18649
18680
18685
23937
23960
18673
18692
18654
18653
18658
37178
16798
16761
18667
23966
23984
18657
23986
18653
18685
18654
18672
23961
18674
43792
18669
18680
23972
18633
18668
18627
18653
18678
18655
24099
18670
18611
18684
18608
18619
18652
18604
18659
18618
18605
23991
18682
18607
18626
18619
18625
18658
18605
23917
23999
18683
18606
23918
18606
18658
18606
18604
18676
18653
23989
23987
23940
23962
18606
18604
18666
18604
18601
23928
23979
23983
23991
23934
23983
23920
23979
23940
23980
23985
23970
18674
16742
16755
16925
16742
16757
18660
16764
16742
16769
16808
16805
16827
18667
16744
16817
16798
16806
16800
18680
18666
18652
18602
18677
18646
18672
18658
18618
18649
32389
18693
18619
23975
18682
18653
18671
18653
35649
18653
24001
23945
23981
23961
23961
23979
23962
23983
23961
23984
23959
18666
24008
18649
18672
18670
18612
18673
18605
23984
23922
23975
23975
24012
23978
24120
23985
23960
24005
23957
33652
23960
18671
23964
18992
18659
18686
18648
23979
18602
23981
23974
24004
23999
23965
23977
23955
24017
23921
23984
23962
18687
18677
18653
18660
18656
18680
18606
18666
23963
23996
18879
18673
18656
23962
18678
18654
18627
18655
18666
23957
23981
23981
23988
23932
23918
23921
24083
23960
36384
23974
23923
47726
23935
23920
23988
23947
23985
18655
23980
23912
18631
16768
16747
16818
16743
18674
16747
16745
18677
23924
18672
23941
18626
23965
18611
18627
18683
18607
24005
23929
18666
18619
18668
18627
18666
18622
18604
18672
18606
23988
24001
23952
23960
23927
23975
23928
23922
23981
24324
24047
23997
23939
23938
23995
23921
23964
23941
23913
23980
28664
18659
18621
18607
18678
18604
18654
18629
18608
18766
23922
18675
18610
18654
18623
18628
18602
18605
18671
18610
23963
18669
18688
18605
18622
18654
18638
18861
18622
18602
23983
23981
23966
23926
23918
23922
23968
23940
23954
23921
23977
23947
23989
23919
23937
23964
23911
23978
23920
23996
23977
23982
24012
23960
24295
23955
23958
23975
23935
23959
23979
18629
18677
18694
18649
18610
18653
18654
18649
23919
23986
23971
23976
18670
23984
18648
18661
19842
18602
23978
18669
18624
18605
18668
18647
23961
18657
18662
18653
18660
23981
18659
18652
18658
18607
18652
18655
18672
18660
23957
23973
18676
18669
18623
18655
18619
18608
24011
23972
23980
23975
18625
18645
18663
18616
24280
18615
18668
18604
18604
23963
18662
18660
18605
18606
18657
18605
18651
18609
24107
23958
18662
18620
18645
23985
18616
18622
18682
18610
18681
23976
23972
23958
23922
24116
23921
23921
23912
23935
23924
23959
18672
18604
18630
23944
18631
23951
18614
18665
23942
23986
23967
24315
24213
23959
23985
23979
23982
23973
23962
27671
23974
23977
23951
23917
23921
23965
23922
23966
23938
23966
23987
23931
23953
23921
23997
23921
23979
23920
23984
23976
23971
23997
23922
24000
23918
23990
23919
23921
23990
23967
18669
18638
18623
18617
23948
18618
18623
18611
23939
23938
23975
23947
23943
23981
23939
23940
24003
23955
23921
23986
23979
18623
23972
18620
18604
18649
18612
23964
23983
23964
18674
18610
23961
18621
18605
18666
18617
18998
23977
23920
23996
23924
23930
23942
23919
24022
23921
23982
23940
23980
18662
18618
18606
18678
18604
18677
18659
18604
18615
23919
23942
23931
23970
23937
23928
18628
18606
29981
23922
23953
23977
23952
23935
23941
23986
23991
23958
23988
23982
23975
23973
24092
23918
23980
23958
23924
23962
23975
23982
23985
18670
18685
18649
18608
23966
23955
18677
18654
23995
23958
23966
23926
23924
23994
23995
23919
23979
24252
23978
23975
23982
23980
23957
24342
23965
24002
23977
23989
23923
23995
18667
18674
18656
18668
18650
18655
18708
18600
23926
23980
18633
18705
18606
23981
18605
18617
18658
18607
18670
23983
24017
23923
23986
23921
23982
23919
23939
27399
23938
23976
23994
23933
23955
18617
18603
18667
18604
23923
23960
23996
18658
18679
18602
18633
18660
18613
18664
18619
18606
24005
16813
16758
16747
16760
16743
16810
16743
18607
16742
23935
18664
18621
18605
18667
18612
18666
18624
18602
18667
23979
23977
24262
23978
24072
23986
23933
23924
23977
23981
23926
18688
18614
23954
18621
18665
18665
18652
18603
18683
24087
18669
18682
18669
18667
18647
18640
18605
18673
18668
23922
18677
18654
18655
18603
37180
18673
18683
18659
23966
23989
23970
23986
23921
23936
23981
23983
23982
23995
23957
23984
18683
18607
18631
18607
18603
18663
18674
18608
18676
27348
16762
16767
16804
16755
16797
16752
16746
16796
16745
18603
16765
16742
18677
16774
16741
16805
16761
16752
16805
18603
23935
23941
23965
23922
23962
23962
23961
23922
27933
23987
18618
18621
18604
18663
18630
18608
18626
18602
18651
23990
18618
18598
18610
37136
18605
18665
18673
18615
18611
23936
