2185654
2186423
1833169
1835351
1829997
1832735
1825921
1832041
1827933
1840306
1824900
1826696
1831367
1830602
1832298
1826924
1851367
1827361
1825756
1839122
1830960
1825202
1831567
1825996
1829605
1842191
1825489
1837271
1825627
1825973
1839071
1838388
1829018
1823355
1570734
1567585
1561318
1562260
1560411
1563269
1263706
1257106
1219724
1217614
1217572
1216675
1217541
1217048
1369465
1218299
1557622
1557735
1557215
1566806
1565997
1557830
1558013
1557819
1574959
1561654
1557042
1557710
1562907
1567623
1557634
1559514
1559727
1557964
1566033
1560135
1563537
1567520
1557158
1558112
1558464
1562372
1565669
1561512
1558569
1559433
1563768
1558735
1557432
1557655
1567842
1572598
1562201
1558030
1557636
1558548
1558915
1557307
1566158
1562239
1558438
1557684
1559609
1558535
1563858
1567334
1561355
1568310
1558378
1556962
1558189
1561932
1578831
1557886
1558025
1558481
1216637
1216570
1216168
1217618
1216319
1218050
1218622
1216972
1217676
1325166
1556695
1558803
1557192
1564049
1563171
1559235
1558490
1558377
1558118
1567245
1569783
1562505
1556900
1558600
1559463
1559872
1563166
1577012
1419993
1394002
1557486
1556766
1557199
1561427
1569243
1557121
1558785
1559529
1556451
1218997
1565349
1557169
1556522
1558728
1558988
1564967
1566541
1558026
1217269
1218073
1565432
1556699
1558378
1558607
1555516
1569137
1564625
1557328
1557866
1556887
1557503
1561599
1572603
1557073
1558128
1556092
1565811
1567355
1558063
1559485
1556828
1557604
1217451
1217872
1217160
1216628
1217149
1217629
1216586
1292006
1557300
1557395
1215743
1217158
1217321
1217097
1217439
1217449
1217055
1250324
1556521
1562837
1226030
1328208
1332597
1225891
1275418
1219716
1218135
1465809
1562094
1562626
1567766
1560225
1558535
1558427
1564666
1568326
1559048
1560842
1566810
1557724
1560645
1558345
1574995
1564015
1564661
1559793
1562470
1559170
1558766
1566790
1562700
1558476
1559531
1559910
1569064
1561518
1495875
1218573
1556730
1559458
1559082
1569066
1565189
1568989
1558698
1557908
1559111
1566780
1217121
1217304
1218052
1566359
1572610
1496202
1226229
1482248
1458186
1499575
1564892
1563343
1558030
1558843
1559022
1558419
1568677
1567646
1558945
1557439
1216180
1215332
1218645
1218374
1216572
1218794
1216634
1217701
1217319
1382468
1557411
1557093
1561196
1568787
1557194
1557755
1558094
1563552
1568001
1557400
1560466
1557660
1568975
1562392
1556900
1557132
1557215
1566330
1563806
1564770
1561658
1248220
1216458
1301189
1277240
1221615
1557270
1559927
1217334
1257039
1567696
1561462
1557024
1217042
1217206
1276036
1217118
1315072
1294118
1216994
1558741
1567335
1356146
1223460
1311752
1220235
1245902
1247611
1494397
1252913
1559586
1567301
1562436
1557559
1559820
1558618
1558483
1563147
1563503
1559773
1558823
1560326
1558609
1559730
1567390
1562661
1558002
1559163
1559507
1568581
1566988
1562153
1558354
1558076
1561113
1559717
1564351
1566315
1394447
1370151
1558473
1557557
1557234
1562723
1560852
1559405
1558478
1558007
1561028
1561680
1562480
1561985
1558076
1558461
1558339
1561006
1566673
1560800
1558735
1557451
1576145
1563352
1560831
1560505
1558284
1560073
1562431
1559830
1559201
1558632
1563131
1561920
1567752
1557291
1559562
1559907
1562318
1568716
1558966
1559906
1558166
1567732
1561858
1557655
1557027
1557772
1567890
1568235
1559090
1558309
1558554
1562560
1567589
1558108
1559288
1556570
1568684
1563280
1560205
1559891
1558196
1557101
1568796
1564662
1559410
1558210
1560402
1569790
1565268
1560150
1560132
1557806
1563092
1563462
1561785
1558275
1558412
1562497
1576534
1562709
1562296
1557865
1561047
1559368
1571223
1567627
1558996
1558678
1558010
1578237
1571144
1563736
1561016
1558339
1558580
1575893
1561075
1559518
1558531
1558263
1562325
1557838
1559050
1566939
1562055
1558078
1558930
1557715
1558463
1562083
1564058
1565481
1557806
1558160
1557991
1558241
1579082
1561185
1557967
1558677
1558272
1560695
1562197
1558001
1561110
1558591
1558368
1563076
1574557
1559105
1558520
1557693
1567215
1568860
1561263
1556734
1557531
1574349
1564882
1558200
1556821
1557426
1557212
1561697
1570797
1557213
1557810
1557878
1216947
1218421
1562032
1567373
1557029
1556863
1558287
1561688
1572348
1557901
1558110
1557831
1557647
1566208
1561460
1558017
1556654
1556823
1561137
1561396
1568382
1557227
1562888
1567004
1561626
1557663
1558676
1557328
1577160
1562217
1558607
1558318
1560213
1557097
1556539
1568016
1567290
1556832
1556196
1557909
1573276
1563020
1556598
1556935
1565151
1397287
1402836
1422518
1434833
1470350
1228138
1485930
1561544
1570231
1556957
1557852
1557398
1558323
1566892
1562156
1558797
1558509
1557277
1557720
1566688
1564810
1558111
1557581
1557057
1560748
1410297
1224976
1567901
1564296
1558174
1558123
1557536
1564507
1560772
1559981
1559722
1558951
1558795
1557697
1561449
1302323
1222657
1216879
1218299
1217417
1217402
1250384
1561540
1561741
1218805
1218524
1217221
1217653
1218679
1217595
1217960
1218094
1560486
1559166
1557939
1558142
1565758
1563077
1559496
1558088
1558417
1563047
1558188
1557879
1558205
1568621
1563868
1557904
1558983
1558161
1216943
1218204
1566647
1556978
1557647
1556572
1563198
1569588
1558163
1557329
1558751
1557456
1564486
1562957
1558025
1557053
1557308
1557727
1565124
1572673
1560499
1557036
1565357
1566600
1556025
1557979
1559197
1562985
1568550
1562369
1333797
1315681
1559826
1557753
1558680
1563408
1575132
1558137
1558566
1558954
1564027
1568724
1557174
1556669
1568756
1563640
1558465
1557487
1556829
1567945
1353819
1360907
1566977
1562855
1337105
1336742
1218164
1371871
1217609
1417629
1399784
1217529
1557441
1557418
1558035
1560142
1571821
1558242
1557107
1556576
1556678
1570860
1561867
1585187
1556653
1559515
1557694
1564360
1568136
1558762
1558240
1556727
1556932
1563408
1566565
1559333
1558330
1558045
1557748
1561694
1571534
1558308
1557082
1557277
1566700
1565803
1557435
1557840
1556050
1559713
1569221
1574236
1565737
1557234
1557342
1558896
1555805
1562764
1567848
1558664
1556776
1217032
1572484
1558445
1558413
1557801
1556421
1564040
1564086
1559829
1558940
1558279
1557776
1556631
1566885
1562744
1558087
1557818
1557531
1561543
1568695
1558675
1564586
1561468
1556873
1556593
1570960
1563025
1557761
1570943
1569174
1557244
1558284
1556643
1563550
1562764
1559275
1558389
1560415
1558878
1562879
1567511
1557315
1566367
1562804
1556757
1557760
1557713
1568329
1568929
1558711
1557247
1565729
1557777
1557787
1558256
1557173
1565386
1564535
1556603
1557865
1558700
1557862
1557492
1557397
1561600
1562729
1557522
1557981
1556925
1557657
1562541
1557321
1570964
1566514
1558912
1557213
1557667
1565511
1563322
1587358
1555984
1562009
1558132
1557696
1558230
1567892
1562958
1558548
1558976
1558766
1564754
1557902
1567835
1565059
1556689
1558213
1559664
1572101
1562992
1564946
1557891
1566049
1561548
1559433
1558223
1569816
1562935
1559823
1565845
1217339
1217335
1557516
1557746
1569083
1570545
1558686
1557800
1556217
1558206
1562173
1561201
1556481
1562298
1562090
1557262
1557042
1556975
1561185
1560866
1558749
1558830
1222630
1363315
1233660
1305257
1308472
1228304
1242265
1222550
1216516
1279626
1562259
1566620
1557226
1557090
1558292
1561865
1566123
1558013
1557952
1559198
1556125
1565088
1570953
1557158
1557316
1557866
1558228
1564731
1567367
1557123
1556106
1556134
1576031
1562803
1560652
1562774
1557467
1560321
1563196
1561338
1560005
1560274
1561753
1567806
1556762
1556447
1558024
1561702
1565977
1568196
1557799
1556635
1559502
1566517
1227890
1219006
1219011
1216830
1218619
1216917
1559570
1558275
1558066
1561501
1568355
1557886
1556716
1556282
1562239
1568279
1565653
1558160
1557984
1557189
1556731
1562636
1562541
1557760
1217123
1450822
1558887
1557459
1568767
1563455
1558032
1558036
1558217
1568561
1563486
1556686
1571408
1563681
1556201
1559315
1555767
1570529
1566192
1557513
1557362
1557077
1557979
1558347
1566080
1568126
1556650
1558693
1558839
1562413
1570043
1558403
1562217
1557803
1558923
1558195
1557781
1571857
1565513
1560629
1558255
1559080
1569506
1570215
1557981
1559119
1559160
1567652
1573435
1557915
1558970
1559659
