17175
16841
16812
16805
16765
16762
18606
16787
16797
16806
16785
16750
16767
17787
18630
16760
16758
16760
16745
23941
18609
18614
18623
18606
18607
18620
18610
18622
18614
23937
16747
16748
16752
16790
16746
49519
16805
16806
23943
16759
18665
16775
16817
16799
16809
16798
18675
16789
16795
24014
16803
16750
18650
16758
16796
16809
16746
18610
16798
23949
18670
16768
16751
18609
16752
16750
16748
16749
23996
23933
18632
18614
17858
18624
16753
16758
16747
16757
23938
23936
16758
18638
16748
16760
16749
16745
18610
16767
16745
23942
18611
18646
18682
18612
16820
16811
16743
16814
18649
23931
18632
33690
16795
16793
16795
16749
16791
39193
23990
24091
16806
16809
16801
16817
18608
18647
18673
16817
23934
23994
18676
16814
16791
18672
16800
16930
16754
16812
23926
18687
18667
16808
16795
16816
16803
18670
16741
16748
18684
18659
16806
16815
16743
16745
16756
16796
16796
16816
23988
18675
16814
33392
16766
16801
16834
18677
16813
16810
18655
16815
16802
16815
16803
16831
18651
16810
16799
16816
17054
23992
18614
37173
18627
18654
18627
18622
18658
18671
18681
24145
23970
18688
23966
18609
18626
18672
18678
23939
23941
23989
23981
18676
18654
18670
18656
18613
18629
18669
23978
23985
16759
16819
16796
18679
16799
16826
16807
16746
23932
16816
18664
18606
18657
18622
18625
18608
18625
18625
18619
23994
18878
37162
18607
18658
18605
18611
18678
18625
31213
23986
18672
37114
18622
18616
18679
18604
37104
18662
23968
23961
18618
18607
18696
18615
18678
18617
18666
23966
23976
18602
18610
18676
18610
18615
37107
18624
18665
18624
23940
16771
16811
16771
16755
16825
16830
16743
23924
23993
16831
16769
23977
37104
18675
18674
18629
18675
18629
18671
23958
18675
16842
16815
16833
18640
16765
16747
16801
16763
16787
33051
16807
16796
16828
16757
20233
33443
16768
18627
16794
24022
16744
16757
16794
16762
16767
18615
16790
16816
16748
18614
16748
16817
16799
18627
16768
16815
16796
16816
23987
23982
16785
16762
16773
16758
16764
33386
16763
18671
16745
48657
23980
18615
18608
18612
18616
18613
18625
18627
23940
23937
23942
23940
23964
41705
23919
23923
23957
23996
18624
23995
23982
16766
16762
16764
16817
16768
16741
16807
18604
23958
16757
16771
16766
16768
18627
16784
16760
18673
16750
23952
16764
16762
16765
16752
18633
16817
16818
18635
16766
42042
16765
16751
16753
16761
16799
37094
16764
16743
16744
23949
16757
16751
16745
16761
16767
16760
16766
16761
16817
23950
18615
18633
18609
37158
18603
18659
18625
18605
23946
23945
16862
33419
16766
16795
18630
16749
16747
16812
16743
23994
16752
16763
16745
16814
16763
16753
16769
16761
16744
21774
34722
16747
16803
16766
24179
16762
16753
16760
32969
23961
18610
18674
18621
18620
18612
18607
18608
18629
18637
18628
23977
18630
18630
18606
18605
18673
18605
18608
18692
23950
18641
18631
18621
18607
18657
18622
18664
18632
34624
18678
18627
18613
16765
16746
16801
16746
16743
18622
18607
18634
18661
18608
18607
18626
18604
18693
18607
18655
23991
18681
18681
23990
18657
18693
18658
18650
24015
18678
34529
23986
18647
18659
18626
18653
18621
18680
37152
19024
36919
18628
18620
18618
18658
18627
18625
18671
18604
18679
23942
24072
18660
18678
18660
18615
18651
18634
18617
18614
24330
24027
18762
18632
18651
18672
18654
18620
18623
18675
23942
18674
18614
18678
18604
18690
18686
18669
18611
18624
30037
24133
18606
18633
18625
18621
18629
18670
18611
18624
18651
23998
18667
18625
18657
18608
18608
18676
18606
18671
18629
24004
18662
18673
18605
18608
18630
18621
18608
18676
24040
23995
18681
18633
18674
18609
18629
18694
18618
18671
23959
24000
18657
18681
18626
18693
18601
18608
18692
18608
23968
23932
18701
18661
18616
37110
18659
18624
18650
18608
23944
18636
18662
18713
18653
18620
18665
18671
18658
18635
23951
23995
18652
18671
18606
18629
18636
18679
18621
18637
24001
23971
18663
18666
18665
18656
18671
18607
18677
18673
49373
24066
16827
16812
33388
27062
16744
16789
18672
16798
16744
23962
18614
18623
18645
18611
18605
18618
18652
18690
23999
23923
18621
24018
18679
18675
18671
18672
18655
18677
23980
18627
18605
18600
37176
18612
18636
18676
18687
18769
24038
23963
18632
18678
18636
18609
18657
18629
18660
18676
23964
48834
23974
18624
18658
18668
18625
18678
18654
18674
23944
23943
18622
18666
18656
18676
18618
23924
18627
18606
23991
23965
18633
18623
18656
18700
18600
18635
18622
18673
23931
23954
18635
37110
18605
18654
18603
18619
18606
18622
18656
44282
18625
23970
18607
23992
18625
18624
18698
18624
63780
16762
18649
23996
18606
18607
18846
18624
24011
18617
23995
23992
16811
16748
18649
16761
16743
18675
16743
16754
16822
23948
18665
16748
16764
18673
16765
33393
16773
16743
16744
23949
16809
33464
16743
16744
16796
16835
16743
18673
16795
23993
18672
33471
16759
16767
16766
16807
16745
16817
16801
23947
18662
37126
16743
16764
16796
16814
16755
16813
16744
23987
18663
18653
37107
18678
16766
16821
16801
33407
19013
18660
18667
16745
16797
16764
16813
16817
16801
16745
18620
23931
16763
33600
16745
16744
16797
16809
16840
16794
16761
23989
16837
16820
16814
16754
16792
16822
16801
16816
18652
23950
16807
16770
16792
16744
18677
16815
16745
18676
16765
30721
18625
18675
18654
18621
18674
18629
18653
18612
29793
23930
18666
18632
18654
18674
18640
18677
18658
18986
24039
23955
18605
18668
18656
18672
23944
18608
18603
18627
23989
23941
16759
16817
16797
27877
16819
16745
16762
16806
16767
23939
18671
16737
16757
18676
16762
16759
18623
33398
16743
18672
16765
16745
18676
16747
16748
16815
16766
16752
16765
23939
16802
18693
16745
16762
16794
16745
16747
18634
16745
24005
17087
16810
16766
16746
16798
16748
18674
16760
16762
23930
18606
37113
18605
18655
18603
18611
18605
18607
23983
35130
18661
18620
18614
18621
23926
18624
18626
18608
23969
23986
16810
16823
16800
16762
18637
16965
16743
18674
16795
23957
18660
18613
18654
18620
18660
18610
18663
18675
23966
23943
18621
18606
18606
18691
18607
18674
18757
18632
23992
23951
18666
18675
18629
18630
18671
18675
18676
18630
23946
23945
16751
16810
16752
16776
16752
16797
18687
18691
23944
23951
