54309
53817
74861
230641
276485
227938
279812
271978
269333
273529
275682
270978
272805
304170
310454
305674
304558
302331
273492
310873
274176
286943
272722
271183
273693
269364
271347
271694
268989
366204
277225
273424
276256
279625
272047
54203
54675
54309
53916
70060
54573
54285
53767
53994
54644
54287
54274
53652
54113
54750
52864
53986
53655
54274
53467
54359
53891
53247
53844
54289
53470
53919
273458
272190
268332
270527
273438
271821
285600
276774
281461
275257
276301
273052
273443
273163
269678
271314
276424
376986
278489
274628
272612
273820
268917
271297
270479
270855
272139
281954
273810
275255
53444
52830
270824
271388
270915
269427
277918
287847
273993
270238
270288
268343
270275
269999
267499
271995
279193
364759
274245
269113
269937
271205
267998
271020
269753
268986
300009
307432
269965
274527
269575
268158
271498
270823
269054
279166
293933
339661
274983
271121
269639
269957
271104
266950
271525
271599
292980
344352
271422
273332
271209
268282
270592
270906
268498
281028
58083
60114
53989
54195
54167
53835
54613
53649
54754
52800
54781
54551
54986
53832
54797
55023
54840
53908
54918
54420
54415
61730
54896
54430
54105
54987
53453
54427
53498
54027
54691
53985
54988
54146
54269
54527
61289
54463
58293
54289
54162
80387
57277
53231
53764
54166
53931
53151
53638
53811
53159
53807
55868
54224
54159
53475
53320
54095
53869
53816
60283
60186
54284
53248
54036
54588
53579
53749
52868
53648
53710
60762
53964
53225
54113
53960
53750
53583
54151
53600
54573
66148
54716
54238
53489
54342
53361
54510
53219
54309
53817
73247
53476
60587
54323
54231
53233
54364
53773
53702
53533
58365
53881
54595
52423
54055
54269
53697
52491
53074
53952
59433
53308
54305
54265
54247
53536
54260
53584
53595
53480
61808
53540
54337
54002
54315
53773
54121
54322
52463
53350
59907
55402
53783
53988
53421
54221
53310
53571
53727
60576
54281
54607
54380
53820
53056
53740
54021
52977
54302
53873
68209
55379
54380
53222
54207
52435
53814
53709
54382
53514
54251
55901
53680
53856
53784
54137
53319
53363
54916
54643
53559
54990
52857
53992
54401
54240
54129
53124
53675
53704
53824
54713
54778
54519
54510
53483
54694
52974
53870
53788
58168
56629
55110
53823
53979
53934
54019
53039
53565
54447
58304
55898
54360
54343
54015
52846
53945
53008
53814
54590
60457
53541
54554
54347
52983
54851
53545
54764
53999
54247
53858
53831
54282
53846
54254
54350
53921
54353
53314
54340
53946
54408
54916
53308
53713
53854
53566
51676
54563
51890
61817
54615
54376
54446
52094
54475
52885
53417
52777
58839
60273
55203
55208
54728
51478
53765
54004
53017
54011
51567
53964
55360
53131
54639
53811
53392
52804
53208
51805
54340
53146
54321
55220
54641
53911
51976
52735
54184
53760
53509
53787
276039
54540
54626
54057
53342
53753
53811
53404
54526
58890
53649
54186
54545
53156
54004
54033
54197
52822
53546
53402
55003
54614
53977
54760
54167
53293
54939
53515
53752
59157
54309
54575
54315
54038
54616
53587
54787
53356
53590
62217
53916
54177
53721
54395
54156
75456
53928
54230
54614
60704
53898
54666
54543
54240
54087
54432
53749
54178
54887
53866
53899
54834
52427
54714
53678
54016
53779
53899
54157
54309
54415
54185
44577
44211
54776
44507
70792
41634
53727
53542
54495
53877
53430
53284
54134
53384
52360
54237
53376
59636
54679
54234
54133
54201
54321
53826
53700
54442
54466
54556
46780
45303
44164
45035
54282
44024
53753
53513
53677
54362
56768
54267
53833
68769
54907
54301
53184
53473
53714
53153
54524
53716
54380
54282
53905
52588
54302
53372
53685
53805
54002
54896
54911
53124
54733
54029
53913
67086
53278
53295
54012
66779
54356
54210
53245
54335
54268
53854
54309
64340
56059
54134
54773
53894
54785
54615
53889
53460
53692
54106
56731
54225
53733
54544
53032
53663
54011
53629
53986
53773
54914
54223
54302
53986
53901
54086
53076
53917
54055
53558
53556
54463
54340
53859
54651
54887
54036
68209
55115
60558
54960
55137
55198
54393
54761
53807
54250
65980
54534
53819
56484
54310
54764
54602
54514
54240
54279
54364
53522
54096
56343
54742
54285
54707
53644
54206
53375
62581
54190
54080
56587
54119
53377
54373
53258
53682
54403
54476
53622
61057
55699
54367
54029
52724
53110
53358
52776
53622
53921
60606
54280
53986
54393
59916
53274
57416
53407
53792
54310
60514
56132
54195
54065
53785
53238
52404
52940
54276
53984
65208
55582
54587
53480
54217
53186
53850
53843
53595
53874
57480
54675
54276
54272
52868
53857
52906
53424
53066
53662
67632
55452
53684
54794
54761
54215
53888
54058
53736
53173
61553
53595
54486
53505
53180
52579
53316
53670
52085
53872
52916
55095
54286
53752
53220
54285
53861
53244
53795
53667
59275
56086
54446
43874
54048
41594
44648
45354
44988
53197
53711
54111
54556
53762
54399
60412
53573
53315
52692
54515
50344
55929
54028
54346
52939
53589
53798
54283
53404
53528
61739
56490
53776
54131
53652
54272
53754
54251
54264
53602
53405
54810
53860
54742
53438
54707
53406
53629
57833
54243
57782
54885
54764
53890
54119
53668
54135
53320
54319
54684
60760
54015
54568
54483
53855
53654
53472
53803
53999
54379
54031
55614
54609
54368
52656
53959
53928
53799
52440
53532
53843
55112
55009
53327
54245
52436
53966
54223
53996
53148
61265
55243
54524
53785
54145
52360
53149
53676
53335
53954
53710
54512
54702
53273
54021
53008
53861
53262
54598
54248
53898
56986
54572
53289
53903
53662
53502
53517
54341
53966
53531
55113
53173
54629
53298
54335
53525
54696
54260
54489
54119
54433
53722
53661
53955
53828
53403
53762
53610
53454
61968
56694
54149
54859
54241
53964
53502
54154
54258
54460
71108
54698
53820
53919
54180
53091
53706
53211
54489
54239
61387
54126
54769
53911
54616
54053
53098
54533
54304
54011
54507
54584
55097
53719
54351
53517
54452
54056
53615
53909
53135
54702
55177
54268
54164
53849
54571
51817
54113
53759
54714
55889
54664
53730
54151
54286
53773
53334
54426
54939
61275
59643
54680
54197
54113
53896
53790
53513
54164
54923
54313
54631
54909
53743
53208
54121
54032
53521
54233
54316
54046
54805
54204
54291
53808
54442
54347
54309
54821
62075
84594
55497
54020
54639
55063
54185
53929
54461
54657
54747
73022
53988
54535
54447
53559
53737
54770
54038
54601
54508
65264
54571
55069
53601
54244
53253
54566
54224
54071
54012
53659
