1748698
1747091
1554725
1538583
1517134
1501769
1466636
1486681
1444193
1432014
1393819
1369627
1376896
1358767
1355655
1363325
1355875
1353567
1361785
1356488
1359888
1359215
1363245
1356374
1353368
1357007
1352691
1353318
1352509
1352808
1354029
1349681
1356002
1355173
1347918
1356776
1134203
1023281
1023327
1025768
1028184
1028627
1030481
1028438
1029362
1026182
1030777
1027507
1024898
1028450
1026271
1026696
1026144
1035243
1035534
1039939
1035318
1031920
1036797
1036396
1034155
1032924
1036846
1032282
1028607
1027438
1028346
1028864
1032738
1030929
1042819
1036679
1034994
1038597
1035987
1031142
1029754
1029599
1028098
1027767
1030053
1028966
1030298
1028165
1030424
1037412
1035901
1034353
1033064
1029254
1030475
1035658
1028694
1034796
1037349
1044738
1033905
1025807
1026266
1027788
1031560
1033134
1028272
1027567
1028671
1028677
1030535
1021971
1026111
1025480
1029750
1025322
1025813
1029672
1029206
1030250
1027699
1028939
1033247
1033474
1026094
1027976
1027303
1024712
1028677
1028615
1029895
1026386
1027095
1029726
1028983
1029700
1030000
1026897
1029448
1028239
1028789
1030118
1029103
1035384
1031865
1040497
1032093
1029243
1039502
1029756
1027993
1029026
1026982
1030406
1025683
1029945
1031426
1033126
1034259
1037529
1024533
1027027
1025238
1024096
1026968
1029359
1027773
1026389
1023647
1027730
1039393
1035594
1029605
1035168
1029706
1026872
1027517
1196456
1028011
1033809
1047393
1042074
1035346
1028791
1022915
1021631
1024772
1021578
1022861
1020164
1025183
1025908
1032656
1029439
1024197
1024161
1028162
1020660
1034002
1024860
1043806
1032019
1024942
1026349
1021633
1020289
1022610
1024627
1023643
1022348
1028057
1023924
1028137
1023933
1023542
1024371
1026211
1025615
1022973
1020049
1019914
1025292
1033849
1029653
1022217
1025800
1023622
1025048
1022700
1022908
1021291
1025626
1026161
1031654
1024311
1024636
1028666
1030166
1025185
1033168
1022342
1024949
1021718
1026471
1022715
1022462
1022672
1021791
1022433
1027796
1025826
1027732
1032096
1022751
1028019
1022927
1021272
1025836
1021635
1028328
1020849
1021357
1021456
1024946
1024444
1023748
1021613
1023068
1021331
1024133
1022424
1023853
1021369
1021947
1029561
1032119
1021126
1024357
1022842
1025551
1020630
1019718
1021169
1025873
1187833
1027797
1022602
1034635
1025753
1023960
1018706
1021673
1018297
1022539
1019362
1022371
1018704
1022001
1020429
1024869
1029340
1028467
1020992
1019424
1018669
1020464
1019656
1027568
1025811
1025834
1028542
1019595
1019345
1018726
1017413
1020367
1017914
1019971
1018662
4937624
1024516
1026355
1018196
1022586
1019195
1022143
1021383
1018998
1017130
1017689
1019111
1018305
1022358
1018885
1020329
1018728
1020602
1024584
1030091
1023332
1026235
1020560
1021933
1022315
1019604
1018045
1026512
1020113
1020214
1022156
1019774
1021535
1021351
1014399
1019361
1027550
1026447
1025676
1027510
1017169
1018946
1018111
1021088
1015808
1021730
1017887
1022987
1019838
1020931
1015003
1023140
1019969
1026080
1030419
1021861
1018417
1029111
1026023
1028217
1023885
1019446
1018257
1021456
1017012
1022946
1013692
1015781
1017712
1018789
1019113
1017270
1017930
1018896
1018390
1017330
1015345
1020800
1020295
1020599
1019709
1014277
5523033
1024376
1027891
1207818
1019681
1143451
1027712
1029587
1025623
1018817
1017888
1017575
1020182
1016095
1016516
1015308
1019903
1019651
1018797
1016231
1021486
1022489
1028583
1026050
1021304
1014223
1019228
1015282
1020128
1016008
1019168
1017007
1024609
1016753
1016257
1013124
1019063
1019211
1027626
1019995
1024353
1012339
1019633
1016560
1016502
1016480
1018442
1017504
1018650
1017269
1032906
1021520
1023639
1016579
1020291
1016329
1017596
1018996
1024021
1021451
1021522
1015698
1018656
1015867
1017827
1017167
1017647
1019915
1021075
1014958
1018805
1017425
1035928
1017842
1019517
1015143
1017464
1018007
1015807
1016437
1019029
1017546
1014411
1016534
1018265
1020958
1028920
1022283
1025350
1017435
1017584
1015883
1014406
1017268
1015383
1014677
1024452
1022117
1022797
1022134
1015441
1016641
1013244
1016233
1014989
1016715
1016268
1019458
1013949
1017329
1016989
1031395
1027061
1020717
1021682
1024977
1014738
1017673
1014822
1015791
1015695
1017498
1014455
1026619
1021705
1026372
1024926
1017538
1017875
1018067
1014276
1018576
1015530
1018142
1012874
1016307
1015028
1019292
1018040
1018982
1022798
1026803
1017509
1017458
1015089
1019598
1015948
1018895
1015485
1016543
1013288
1019821
1020757
1017478
1015809
1015085
1015513
1018487
1015138
1015627
1023882
1020470
1025839
1025682
1013481
1016112
1016801
1016345
1018741
1016969
1016119
1018337
1015598
1025366
1017397
1014958
1018658
1017379
1017794
1017024
1016070
1016891
1015797
1023015
1014178
1015289
1016776
1015783
1018461
1014436
1015605
1013227
1014780
1028964
1018582
1016861
1015974
1016752
1018441
1016547
1017923
1015091
1019094
1016976
1018405
1016559
1016147
1014293
1019479
1018389
1020657
1014459
1016032
1013686
1017402
1021289
1036191
1015845
1023770
1016670
1018261
1015191
1017343
1015586
1016297
1013639
1019406
1012557
1016549
1015297
1016952
1020666
1026168
1023312
1020345
1015761
1019238
1016620
1016457
1016333
1015024
1015153
1016279
1014651
1018116
1018827
1017955
1018526
1016206
1016630
1015444
1082377
1018403
1014207
1014722
1024725
1019452
1021699
1016993
1017751
1015445
1019428
1016058
1014831
1014669
1016416
1014699
1017043
1016060
1024922
1018535
1025300
1020095
1018529
1014979
1019794
1015161
1019210
1017511
1015764
1014545
1018473
1017036
1015948
1014002
1018951
1016684
1025062
1016285
1029854
1026423
1018716
1017609
1014793
1016656
1013353
1017048
1014504
1018281
1013725
1016843
1015744
1015251
1012617
1021790
1019005
1022909
1023676
1016008
1017605
1014753
1015703
1014865
1017427
1016456
1015845
1015626
1015524
1013935
1017005
1013662
1018036
1016711
1019044
1018760
1018750
1016877
1017879
1015599
1020737
1015444
1028296
1022527
1017843
1012985
1016027
1021432
1138895
1018819
1025843
1027712
1014755
1014660
1026541
1019275
1016749
1012844
1018598
1017915
1017499
1014387
1015843
1013119
1016634
1013866
1016003
1012001
1016422
1012726
1016898
1015152
1016444
1012953
1018871
1016120
1017116
1014348
1019282
1014584
1014571
1012611
1015788
1014928
1019571
1018712
1017562
1018262
1027081
1022167
1017624
1024642
1016127
1015707
1031883
1018871
1017321
1013878
1014751
1018538
1017035
1015400
1016911
1016149
1014761
1015840
1014656
1015376
1017906
1021769
1019673
1017282
1014557
1015356
1016310
1020078
1014645
1024813
1025423
1130683
1020855
1027896
1015938
1021869
1016990
1018826
1017313
1020842
1016863
1016806
1016000
1018953
1018586
1027299
1016356
1016630
1014622
1016999
1015657
1019614
1015604
1020344
1015128
1019539
1013604
1017230
1015658
1018130
1017366
1023624
1023937
1030248
1020785
1018186
1015776
1015842
1014423
1018156
1017828
1018130
1091291
1017803
1014209
1023051
1015099
1018271
1017046
1016618
1014083
1016008
1015329
1014118
1014239
1024544
1021728
1032876
1022299
1016030
1017145
1017494
1016591
1015770
1015184
1015780
1014081
1015895
1014435
1016771
1016442
1018159
1016109
1014231
1016698
1016998
1013748
1016363
1015799
1014402
1014124
1016740
1014589
1014473
1015068
1014448
1017188
1018477
1016687
1015228
1015356
1021655
1020720
1022195
1021336
1019352
1019913
1014894
1018327
1013057
1019695
1017841
1027774
1021732
1026448
1022778
1016864
1015532
1016103
1015399
1014551
1015129
1017316
1015764
1019525
1013585
1022226
1014218
1019105
1014673
1017765
1031879
1024963
1020637
1027569
1014101
1018226
1015456
1019720
1015660
1016736
1016109
1017283
1019213
1016880
1016836
1016243
1018164
1023703
1020686
1024210
1023419
1017893
1017884
1017891
1015614
1014097
1017285
1023444
1016145
1015151
1014931
1014528
1017019
1014840
1017255
1016363
1018304
1014070
1017559
1015866
1019191
1014108
1017644
1033057
1018680
1012555
1025474
1019232
1101185
1022594
1018390
1014267
1018558
1016542
1019020
1014192
1014591
1011596
1017188
1015876
1015349
1015203
1016127
1016061
1022186
1014763
1017087
1014907
1015830
1015660
1016864
1014867
1016683
1015576
1026088
