45479
46140
44509
72599
228099
227800
230902
226406
228021
226844
231565
231374
227507
227063
229304
227563
229192
226452
229042
272729
228917
229038
231266
227897
233607
227615
228152
228453
258382
272471
215776
215077
214708
213090
213338
54524
42601
54404
54060
278618
41851
42741
40440
45768
38636
41507
44435
41875
44578
54368
44028
44422
43771
45056
43926
44740
44914
43622
43218
54388
44372
43623
54534
44781
53305
46155
227886
227379
269097
280078
229170
230596
229001
228301
228600
228992
225199
228214
281811
281926
231262
212347
249487
214448
212544
216964
213148
213068
213728
269858
233488
230241
53498
42125
45490
216183
44161
213503
226614
298223
231935
226450
227362
228488
225553
228535
226599
227300
318995
270939
227996
227882
227381
226419
225267
225643
225924
228135
270271
270227
214243
210863
210151
45253
40897
42831
43895
41860
42450
54451
44537
44401
44489
42624
44301
46498
45887
45536
46726
58887
44600
47367
44552
44137
48234
43712
46756
46831
54440
54903
45596
44124
42264
44351
43665
45643
44645
43963
44742
45080
45222
45573
44167
44651
44921
43975
45493
45514
45042
54298
44532
44922
43846
44142
45102
43729
45081
44323
45870
272711
234447
228804
228057
228681
213393
212573
210900
211127
272335
272583
274623
270452
282350
228302
226011
226597
224054
267622
273996
267746
229606
225484
227357
226346
227398
46235
45910
44012
53736
53529
54225
54752
53969
54114
54253
54100
54114
55031
54273
43293
44889
44712
44222
39893
40161
54432
39953
38587
40711
54507
54152
54602
54632
54025
53287
44507
45121
44610
54268
53938
45405
44882
43919
46074
44231
46201
40282
43284
46570
57404
54634
44492
54476
43452
46215
45422
44638
54669
43836
61901
45180
45310
55388
43971
44903
46602
44780
44927
45520
55000
45198
45186
46052
44166
46411
44191
43984
44792
44681
77214
54470
44357
44838
44260
44685
43704
45494
44602
44432
54449
44382
44000
54455
43393
46275
43766
44276
45953
45831
58853
55045
54598
54383
45048
44741
46337
44339
46187
53708
54476
54693
53963
53742
54291
54182
54123
53724
54295
54798
54904
44023
42362
40526
42050
43034
43209
45264
41782
42557
43820
41863
42201
40478
43897
42472
42070
42067
39712
40359
43705
44957
44198
44508
43300
45784
47283
46016
43864
45069
53727
44534
44445
55125
43756
45608
44930
44895
45871
45531
53915
54199
54844
54034
54627
53409
54397
54689
54788
54672
54546
43847
55062
43104
43980
44528
44425
45148
43182
54978
54172
55111
54356
53407
54371
54400
53708
54181
54327
55144
54465
54281
44679
54707
43051
44277
43100
43528
53628
43858
53544
54048
54886
54022
54122
54055
53929
53611
54170
54447
54654
44747
44079
44746
46372
43562
44646
44491
46094
54451
54624
44676
44187
44086
55048
45671
57407
46074
43347
44561
54759
276182
53541
54722
54653
54854
54376
54545
54430
79127
53718
54566
54396
54266
54053
54340
54052
53960
69916
54919
53981
45087
43212
40952
41384
41412
45972
41586
41421
45779
54542
45575
54563
44398
54323
44792
44661
45076
45027
54398
54198
44292
45097
43775
44801
45643
44591
45934
46094
45094
54197
54162
54350
54229
54770
54383
53784
272443
54062
54653
67126
54158
54559
54049
53799
53639
54217
54036
54381
54278
54406
44913
44975
44252
44266
44361
46645
44799
45401
45820
54123
45490
44742
45195
45285
64877
44696
45240
46475
45286
54192
44480
44929
44809
43776
45099
46052
45577
45359
43311
54948
54332
54601
54009
54662
53965
54072
53282
54216
54043
54656
54134
54542
54378
54778
54710
55010
53737
53353
53988
54269
55053
53436
54626
54159
54954
54391
55010
68153
54123
180146
141498
140739
140720
141824
143154
179877
141330
141856
175846
175472
177890
165111
142089
179297
141045
144019
141050
142555
176222
140204
141515
141532
140379
141064
184948
141142
143074
142571
141335
177766
142914
141619
142324
144524
141886
142480
143891
141894
177129
179723
144857
144932
143039
145197
144833
146809
175924
177548
178627
176521
142792
140679
141280
142580
177586
143239
143975
141273
141193
177897
142474
144875
142787
141377
141154
142295
141179
142656
177131
176045
144120
142361
141406
177206
140926
142810
143471
141867
191571
176842
175529
179063
178181
177808
180700
177248
175111
180183
177667
177359
143767
141941
141700
176921
142587
176737
144734
143800
176071
177200
178686
53941
54269
53442
53292
54539
176830
179659
176185
178573
54144
54026
54669
54332
53693
54000
54535
54419
54507
54451
54503
54332
54619
53472
54547
53702
54525
54460
53821
54121
54125
55209
54203
54614
53662
54293
54575
54668
53936
53342
44754
43942
45057
44885
54169
43562
46105
45222
54125
54119
54608
54373
181243
54343
54199
54134
54664
177700
179232
177169
179109
142168
54603
46028
45022
45918
44065
54689
54028
54443
45381
44022
55216
43844
43381
44699
44300
45014
54673
54879
54056
53550
53470
54398
54070
54187
54100
58108
54467
54798
45324
44894
44888
44438
44700
45844
46507
51822
45418
54540
54436
54592
55250
53913
54643
44535
46351
58112
54670
273616
176624
54712
54544
53946
54046
54305
54132
54978
54694
52914
54753
54502
54525
178024
54270
53849
54493
59181
54359
54336
44783
45194
43883
44402
53609
54604
47331
44502
53978
54490
54814
54415
53649
54649
54123
54520
54425
54528
54498
53530
54621
54384
54320
53776
54024
53333
54516
53881
88796
53976
45919
44554
43334
44829
44673
143315
45544
45340
54115
58450
46137
44394
43881
54479
44291
44549
44739
45849
46954
54011
54669
55154
54319
53548
54143
53239
54716
54210
54071
54117
54362
54698
54376
45214
44426
45373
45733
54045
53876
54266
46319
45221
43834
43485
46588
44443
46058
43688
43951
54699
41575
42224
42313
42503
43215
40429
42615
44382
43580
53630
45301
44164
44922
44844
45402
44147
43780
46652
67576
53889
54556
54231
53434
54162
53290
54164
54402
53962
54644
54025
45370
44208
54650
44083
43472
44509
43470
46148
43042
53986
44613
43927
44869
44712
45532
45524
44726
56520
44637
54820
44486
44940
45123
45739
43891
46028
45857
45180
54829
54141
54749
54334
54404
54459
53745
53765
54444
53920
54208
54981
45111
45075
44706
45272
45628
43201
45433
43909
47220
62214
42198
40675
43357
40297
42392
41949
42210
43516
42277
67838
42586
41206
45899
40371
41988
41970
41559
41670
42323
66701
54847
54764
54558
53481
54286
53394
54107
54242
62021
54267
44651
44739
65092
45441
43600
46249
45732
45014
44203
53790
44788
44926
43695
46123
43659
44783
45252
46227
43681
54774
