1762785
1773319
1557646
1567091
1557984
1556331
1557501
1548176
1551162
1559631
1559588
1578032
1574248
1569035
1556697
1571448
1557505
1564766
1567223
1555566
1558275
1561916
1556955
1560917
1568408
1553452
1564903
1552270
1546151
1540799
1486286
1465509
1439463
1447421
1276584
1281500
1259254
1268176
1253575
1236931
1211617
1211267
1050526
1241121
1054276
1185091
1194714
1056307
1234921
1053378
1232758
1236310
1239019
1234665
1233229
1231979
1226537
1235892
1227027
1226321
1232980
1239969
1232858
1234155
1241472
1233482
1239035
1239437
1223627
1228431
1238809
1237243
1236535
1237216
1247089
1230534
1232254
1231500
1232020
1240304
1234407
1241213
1232879
1245336
1229764
1233122
1229906
1236774
1238133
1239294
1235159
1245764
1233653
1245089
1238893
1234183
1241352
1236166
1232113
1233650
1234839
1236054
1232079
1237045
1244439
1230834
1229993
1233270
1230535
1236759
1057479
1053817
1050707
1058655
1053077
1054913
1050010
1053798
1058204
1169067
1235880
1235244
1240131
1238039
1234553
1233633
1228755
1242271
1234456
1231607
1242209
1243954
1234521
1242302
1252556
1239148
1232589
1048398
1049561
1052615
1239586
1234580
1240386
1238722
1237662
1238472
1233958
1237830
1250095
1062230
1237444
1236183
1233559
1262725
1248238
1230079
1231901
1235693
1049913
1052098
1237842
1238043
1232527
1246757
1244480
1234486
1226383
1242460
1232907
1236103
1240027
1243263
1231604
1237466
1252850
1235600
1231304
1232648
1229502
1233120
1235787
1267849
1055843
1144220
1054682
1114385
1131125
1063223
1105985
1058942
1240886
1244613
1062506
1112118
1115180
1062941
1081646
1058722
1054825
1101205
1242496
1123039
1051115
1172165
1163321
1050566
1205774
1051626
1250185
1186896
1250774
1242791
1243643
1242669
1251464
1234583
1233220
1234383
1238104
1228568
1240586
1238072
1235717
1247613
1233338
1231248
1232789
1239621
1242356
1251339
1239877
1234230
1235115
1243104
1237019
1239388
1235759
1233757
1206602
1049930
1235042
1232025
1245624
1243989
1237532
1235527
1232137
1243106
1245572
1237192
1260255
1056271
1208172
1238831
1083221
1047628
1049786
1055353
1048447
1094839
1238983
1235912
1234265
1240835
1248261
1235041
1227632
1231806
1232979
1251487
1113873
1063475
1077878
1056288
1054356
1050125
1057344
1049132
1054353
1129516
1244445
1234866
1231757
1239901
1234549
1236116
1234673
1233814
1231557
1233683
1243574
1241213
1229797
1237563
1233205
1231182
1235823
1229179
1229963
1228110
1233639
1050916
1046447
1047463
1060847
1194317
1241501
1229848
1185283
1238632
1234734
1235922
1238302
1053639
1049206
1055588
1050882
1050790
1109049
1046462
1238539
1156455
1146707
1059079
1188450
1047464
1222538
1228158
1049093
1218561
1241005
1235927
1239198
1238510
1231665
1235165
1234581
1234131
1229287
1232782
1242589
1246604
1244951
1243675
1239654
1236241
1233406
1247115
1238682
1233307
1235517
1234681
1235297
1235808
1248163
1236357
1239609
1229729
1046144
1054011
1234468
1236631
1244937
1234463
1237512
1232286
1234112
1240739
1227836
1233917
1239388
1239673
1235830
1244262
1236918
1234186
1229376
1235015
1237158
1241168
1236028
1230156
1236687
1243378
1264606
1244114
1231807
1229128
1233738
1237995
1236264
1236971
1237172
1239595
1242837
1240611
1233710
1235211
1235432
1239817
1241761
1237758
1235090
1241569
1249772
1239105
1237069
1230929
1231513
1235053
1247261
1233797
1232387
1241384
1233712
1251636
1238924
1230221
1228638
1231315
1244030
1248508
1235751
1234598
1236354
1243071
1235058
1231637
1232012
1233795
1238828
1245588
1237674
1241607
1235350
1231610
1242423
1236814
1229332
1226729
1242461
1238363
1251609
1247487
1233933
1231117
1230538
1232829
1234671
1227314
1234663
1231661
1233119
1247258
1242627
1226512
1232528
1239308
1233504
1227458
1237865
1234935
1247426
1238631
1234973
1235043
1234054
1237709
1242334
1232241
1237072
1235439
1238239
1236708
1244239
1243672
1234037
1233163
1234053
1235275
1243155
1238015
1239180
1239538
1234203
1239202
1256065
1240585
1230129
1236058
1238132
1242690
1234547
1238163
1232062
1233784
1250945
1234993
1233075
1234416
1237778
1252112
1241532
1248207
1235391
1231547
1232110
1237741
1163056
1057789
1232582
1236834
1235193
1254397
1232854
1235444
1233171
1237896
1230653
1233873
1243696
1234533
1231777
1237970
1240277
1249252
1228566
1232371
1230014
1231072
1236353
1237370
1232804
1238944
1241083
1239857
1238609
1237633
1231813
1235097
1239113
1246985
1233465
1235763
1235914
1233984
1236511
1237507
1234141
1230524
1247102
1238257
1128579
1120603
1121093
1130454
1095204
1114543
1129912
1187311
1235563
1234130
1236463
1237176
1244047
1233878
1231971
1233384
1229941
1239476
1241095
1244041
1241306
1246705
1234629
1232658
1248416
1238653
1125183
1049600
1241857
1236509
1234396
1242104
1247838
1234003
1230889
1236114
1231218
1236228
1247218
1239631
1183860
1194110
1052123
1256432
1058248
1214623
1210743
1219527
1238576
1234323
1050568
1061162
1051321
1050578
1048048
1057042
1047855
1140729
1235985
1238297
1237980
1246000
1233801
1236132
1229920
1245329
1253901
1233532
1236671
1247260
1239410
1240536
1238175
1234120
1228620
1240182
1057979
1120899
1230637
1232643
1232506
1253234
1236299
1234299
1231957
1232654
1236762
1236830
1228174
1236846
1234716
1245974
1247617
1236242
1231591
1236069
1237001
1255604
1233249
1234842
1236308
1246213
1247428
1237699
1233244
1237741
1050625
1052419
1234165
1243176
1246828
1236397
1235595
1229733
1234034
1242838
1234472
1235390
1244611
1242829
1241468
1240477
1233398
1238286
1236708
1236013
1149596
1232976
1237988
1241488
1051152
1061741
1053658
1049713
1052218
1052977
1048552
1049805
1242631
1237569
1239162
1236364
1235982
1233582
1230764
1236953
1249333
1230979
1239207
1232583
1233041
1252865
1260720
1235652
1234071
1231847
1236133
1237627
1247915
1242032
1233952
1239347
1237019
1242973
1242525
1238103
1234185
1230619
1236063
1244445
1233513
1240440
1230890
1234807
1250984
1243720
1228502
1235856
1237338
1237063
1242523
1259923
1238322
1236886
1234229
1232706
1258239
1049740
1237409
1232868
1242736
1251654
1235696
1240037
1231788
1238448
1240821
1242647
1238484
1248075
1242525
1233495
1231585
1239052
1243208
1228434
1233233
1231493
1231449
1235746
1241888
1258728
1236810
1233330
1229198
1219390
1218326
1203330
1235252
1247460
1235346
1228429
1230849
1229843
1236969
1236998
1227478
1227641
1235363
1233909
1234775
1231034
1236240
1238006
1232166
1229758
1228329
1230759
1234362
1235366
1230991
1237239
1248418
1234140
1229528
1230065
1244075
1242912
1235562
1230275
1241260
1234840
1236415
1234266
1230248
1240420
1239575
1231538
1249113
1233328
1231209
1229712
1235883
1241879
1227990
1219234
1222481
1229061
1230971
1221819
1228795
1231711
1227441
1227479
1214007
1230768
1236546
1219442
1236704
1221688
1220835
1224614
1225333
1237588
1219265
1218967
1218279
1231100
1228527
1225405
1222078
1234928
1227990
1225410
1218541
1220425
1036329
1045066
1228212
1227843
1219987
1224385
1224428
1226423
1231809
1237398
1214092
1220732
1243297
1224809
1225300
1223896
1229535
1232040
1224379
1220729
1223406
1232248
1044712
1143710
1042187
1168588
1172838
1038481
1223267
1037905
1204988
1240057
1225128
1224840
1222068
1218484
1228626
1221728
1223401
1224635
1216851
1235638
1233039
1224320
1226676
1219280
1226895
1234854
1224950
1213982
1216543
1220609
1227875
1230978
1221275
1225175
1223151
1225824
1230008
1233746
1216522
1219617
1243734
1236281
1227806
1233348
1220881
1225675
1218719
1226177
1221678
1227528
1237235
1225366
1228831
1199807
1046627
1214738
1206899
1206116
1162429
1195088
1225922
1249292
1232481
1220854
1228150
1223654
1240912
1224169
1221749
1226047
1228110
1225022
1223253
1229719
1245042
1223660
1221896
1219647
1038835
1068484
1236384
1231124
1221776
1224188
1226548
1225088
1227827
1220505
1223345
1229789
1226989
1226432
1223508
1229982
1240744
1229526
1216485
1216792
1218730
1232577
1239070
1227080
1228530
1223345
1226820
1225540
1232339
1222238
1221091
1232130
1226031
1224719
1223943
1229303
1243724
1227732
1219858
1218219
1224518
1259410
1232925
1223811
1222969
1227547
1236932
1230180
1221273
1224566
1224038
1239310
