1779579
1761809
1583336
1562955
1540180
1540203
1542667
1550497
1554815
1552293
1553028
1543952
1536875
1547926
1534627
1556946
1542528
1542702
1556808
1544395
1543209
1548172
1560726
1547277
1552366
1404899
1387955
1389621
1374127
1370614
1319700
1285633
1292469
1266714
1260540
1257391
1260966
1232363
1232386
1230356
1228594
1228283
1237899
1227691
1230481
1227779
1219913
1230297
1231590
1223125
1047189
1037704
1041319
1045114
1041860
1043782
1039195
1040501
1227447
1047031
1229631
1224066
1221796
1225865
1227897
1223272
1221753
1222981
1221903
1231087
1044571
1058220
1037227
1038945
1035708
1041722
1037615
1040968
1036942
1037784
1110307
1045373
1125648
1045577
1158414
1153335
1043156
1206774
1044125
1215754
1135734
1042456
1098410
1045739
1039531
1062476
1048455
1038144
1041488
1040231
1225109
1223723
1221684
1224048
1221883
1222001
1227258
1230006
1232899
1039273
1227369
1218214
1234853
1222461
1218742
1218755
1233824
1233125
1225447
1220169
1216889
1222936
1224704
1226957
1218769
1224616
1222135
1216917
1232359
1227674
1225088
1221621
1218447
1219776
1219134
1234156
1216604
1218633
1221398
1213956
1221993
1225070
1231582
1222946
1217147
1218467
1220527
1236171
1227410
1226092
1220928
1224254
1224163
1241471
1237435
1218476
1220988
1228590
1227172
1234122
1223545
1223252
1218825
1217774
1220405
1219903
1230979
1222357
1213229
1225358
1225700
1233987
1235063
1224207
1225935
1219125
1227972
1242354
1218844
1223401
1226112
1216757
1214396
1220623
1220123
1222128
1222639
1224205
1214721
1220509
1231639
1229019
1213093
1216770
1220111
1211215
1225811
1221855
1212631
1216349
1219817
1224862
1224935
1220429
1218157
1230173
1220090
1234668
1219819
1219584
1217133
1216587
1214592
1217501
1230128
1215455
1211019
1217597
1216742
1224402
1223433
1222902
1213082
1212926
1220844
1218155
1228468
1218525
1215773
1219655
1232250
1229194
1219406
1219601
1224662
1223086
1227639
1232883
1041751
1245271
1226042
1228744
1234877
1221923
1218657
1222117
1220444
1230556
1224621
1220626
1225570
1240774
1240590
1221316
1225414
1220069
1223364
1224216
1222635
1221370
1218688
1221082
1221608
1215819
1212450
1219720
1217048
1219999
1217286
1217360
1223757
1222056
1218140
1216501
1216041
1216927
1226442
1217848
1215989
1217673
1036573
1045082
1046303
1039997
1047038
1044473
1039764
1045918
1048022
1037987
1224174
1217282
1230200
1233940
1219845
1222939
1222747
1038073
1041331
1044132
1217260
1214412
1222415
1219760
1206769
1229329
1229106
1204211
1210937
1215511
1211366
1219144
1220664
1224465
1213607
1216102
1218539
1215529
1237995
1221672
1229569
1219054
1223936
1221371
1218520
1225595
1218668
1212536
1218184
1217375
1220095
1222994
1221329
1219128
1231257
1224327
1220385
1223422
1215669
1218749
1214890
1216878
1218734
1230757
1218785
1216535
1218990
1218161
1216293
1217627
1215696
1218792
1225290
1218482
1218603
1213497
1219033
1234018
1222193
1215879
1220737
1228017
1216449
1218386
1220285
1218360
1220668
1217943
1210868
1214181
1217263
1225642
1215389
1216276
1219240
1213850
1225836
1224527
1212332
1220541
1218967
1200901
1226709
1214084
1213138
1212379
1211858
1214507
1223336
1220198
1229620
1226275
1215994
1223698
1223328
1221554
1228901
1223306
1219456
1225435
1221759
1222827
1212308
1213845
1217538
1216936
1216576
1217742
1214329
1215095
1218684
1221120
1219609
1224505
1217693
1214742
1219448
1218168
1228701
1226602
1222591
1228800
1229449
1217897
1214146
1215709
1218126
1233904
1211652
1224775
1221876
1215467
1225956
1216769
1213312
1220691
1217279
1219342
1227494
1216283
1221327
1221264
1228354
1217900
1213232
1221565
1217429
1217024
1244767
1218234
1215179
1219247
1224157
1210299
1217159
1232038
1217094
1220548
1218093
1213268
1684945
1685022
1397825
1403250
1396820
1393305
1373526
1367145
1378737
1367628
1350634
1343030
1351622
1353181
1359001
1366960
1368591
1374129
1369116
1366430
1376342
1365785
1362770
1370035
1360297
1360276
1368964
1357969
1366021
1360104
1357681
1364323
1357037
1358229
1368481
1355451
1360654
1361449
1356048
1820504
1360586
1360148
1354847
1036680
1030778
1035331
1026027
1022276
1019554
1022912
1030920
1023892
1025180
1023606
1020384
1024596
1027286
1167606
1021291
1021906
1045728
968373
964235
965936
959593
961339
979804
1011677
966778
1004967
1209196
1209363
1206468
1210492
1205615
1204678
1209294
1207891
1202792
1202088
971588
965288
993870
966303
1026182
966046
962290
967224
963323
961967
1027675
1020206
1020750
1020474
1024243
1026368
1024937
1029693
1028004
1022666
1206293
1204869
1212100
1210347
1206010
1204147
1208044
1208445
1209999
1210419
1196314
1027388
1179662
1171557
1191142
1028669
1117292
1120663
1027194
1076972
1022873
1017202
1021970
1021390
1024246
1022963
1024980
1020315
1020218
1018677
1024366
1020191
1021139
1019574
1020784
1021639
1025015
1021397
1019819
1021846
1209837
1204310
1024413
1024894
1024725
1022106
1022222
1022558
1022847
1024542
1211402
1213346
1188927
1184432
1030570
1138278
1131215
1030135
1084724
1091973
1205750
1210733
1118313
1031817
1074264
1077163
1028607
1022207
1032211
1030462
1208292
1021500
1020038
1014759
1019644
1018603
1021585
1017403
1017614
1017380
1215648
1208553
1182282
1177947
1021263
1121082
1129492
1024896
1076566
1022988
1021453
1019406
1074279
1016184
1021260
1051234
1040199
1043116
1019107
1088294
1022047
1021329
1055800
1048419
1020249
1098242
1095370
1092603
1018344
1081454
1019702
1017575
1020158
1017817
1021807
1017210
1018726
1017254
1020600
1017136
1019414
1016936
1019487
1017133
1024029
1020917
1019750
1026429
1023815
1032392
1022766
1016502
1018218
1019465
1016253
1067968
1059952
1018719
1105500
1103649
1008271
960799
958366
959357
958454
959303
1012751
1035688
957979
956672
1015760
971532
950350
958979
955966
958669
1000870
1021645
1014693
961427
963516
960219
952851
958220
955980
959473
955321
959770
956520
958680
958291
956691
957571
958350
954148
956579
954016
954563
1019746
1012935
1029038
1016849
1015337
1012236
1019633
1014224
1015113
1015289
1013163
1015532
1016950
1017526
1016430
1015278
1027141
1020464
1020693
1019814
1023767
1014381
1014710
955343
952932
948677
953221
986672
993746
950776
999513
953257
954327
951903
953655
979171
1011462
963396
987135
952579
955253
949312
959246
952618
1011465
954289
990386
954214
964440
954657
956714
949629
1018974
1012831
1020531
1018030
1027582
1018451
1017291
1011864
1015987
1017175
1304294
956842
956289
952407
952216
951226
1011471
1035225
958694
951340
956493
952411
954250
964542
955101
1029464
1005178
949943
952778
950567
1015455
1017198
1013932
1014624
1015626
1014455
1013006
1014374
1014596
1013382
1016571
960464
952665
952375
955461
951525
965950
952646
1026449
962696
951272
955832
1024545
1013446
957503
954338
950634
954144
952429
954398
953910
955038
958768
961218
958267
954613
951536
953287
952029
959086
950387
954720
964406
998163
1024181
2585154
987360
1017598
957489
980237
953644
954227
950507
955948
973609
956571
1020853
961351
952479
952463
952120
959287
976822
1007395
958429
988889
954478
954385
953200
955028
1016110
1014218
1012900
1014560
1015905
1021417
1017977
1019089
1020152
1017545
992261
954545
954394
952255
951369
1015804
952217
2235454
1001401
1031943
1014016
1010789
1014500
1012462
1013789
1011866
1013253
1013716
1017434
1016237
980289
953221
1027042
989782
953226
951539
951636
954521
978423
952425
1000038
954848
999909
952504
957326
950292
954548
969231
952525
1027864
1031649
1011821
1015946
1011753
1019268
1015357
1016022
1012635
1013374
1017889
1025425
1020196
1015762
1017511
1018482
1017782
1015860
1016911
1021880
1028866
1017231
1015329
1011898
1014335
1012060
1015675
1016664
1015091
1010200
1013643
1060747
1014638
1110768
1110659
1016193
1172688
1168847
1013920
1176639
1023527
1216922
1023025
1143421
1142303
6673138
1014362
1015869
1016052
1050785
1049139
1024871
1014385
1014690
1014296
1012190
1016491
1015001
1014245
1013435
1016091
