41513
43183
41131
42443
217809
213948
277544
217705
214312
216286
216487
214128
216204
213657
230519
215833
214214
216535
217110
271359
232155
233238
229230
231758
232019
238720
235405
237519
286325
275842
216645
231499
215809
216516
213695
98072
41816
42956
53962
41153
44440
41599
41496
52317
42553
42944
45108
41261
40619
54111
40643
40929
45350
41620
41921
42120
41880
44056
41733
53244
43633
39934
216712
235194
215246
215714
215820
214172
276451
281525
229598
243717
214188
231144
215817
214296
215869
215681
271635
284337
215523
229173
215927
226251
214595
215852
231241
214890
221713
276186
230220
234289
45208
44697
216525
220273
214320
216925
307357
292109
233375
216483
246991
217798
215868
214173
216066
286354
281118
278704
217216
214904
215428
215531
228264
232080
231620
215814
288191
284746
234995
216095
215790
234838
216859
219670
214095
216219
288881
256370
232893
215103
223578
216519
214972
231355
215781
242341
231729
242771
244835
216386
217683
213747
221108
249797
220587
226986
53865
56853
41208
41608
43274
40601
39622
45824
40733
42582
46234
42654
42085
42045
41670
41494
45773
42782
41884
43499
42753
54025
43398
44530
44573
44831
45762
44805
44044
45551
48911
54743
54963
43988
54314
43085
43156
45754
45007
54455
53859
54743
54139
44149
43607
45437
44775
45583
44744
45383
54377
54173
41567
42309
40723
45599
42613
41388
41659
42904
64290
41404
44531
44618
44104
43618
44046
44257
44702
45095
45210
54155
43775
44077
42908
44897
44379
45337
44730
44540
84921
54356
44182
53331
43748
43802
45242
43938
42470
44945
54073
54199
44615
44640
138802
138405
137708
140720
137997
179240
179531
138612
137563
137835
139549
137218
139195
138905
139490
138531
179840
126701
128488
135618
136426
126698
130506
127425
205617
168184
125681
127569
178735
138128
138731
136953
139058
140169
138324
139774
181846
143716
128526
128116
127489
140585
128701
126697
128872
127755
127525
181088
128584
127133
129032
127580
138297
126573
130746
138253
165518
179083
129552
127748
129196
128935
129007
138663
130226
127438
150523
140864
129866
128225
128133
140728
127822
129412
128091
130774
183049
181399
130538
126282
129593
126166
130023
127015
40878
45948
41140
57527
173458
138351
140238
139164
138320
139420
138315
139403
179052
180257
178853
179717
179542
178199
179145
180951
179036
179983
139296
179036
181825
127519
127037
128022
126519
64049
43033
40206
46190
53624
41950
41823
41719
41011
43778
40703
40319
44375
40259
53096
40844
39728
42235
41411
45362
41740
40207
43714
41066
70364
41507
40945
40910
130833
127625
141735
40221
42266
41039
54332
40507
40628
39859
43122
40515
41452
41823
40584
47951
53156
43247
44688
44701
44524
45267
42809
44941
43013
54402
53255
40655
41157
40604
40485
53485
40492
40485
41081
40422
53419
40217
39438
40111
41455
40733
40032
40334
39871
39675
304453
216544
130858
43719
41780
41301
41894
42468
41602
44678
53685
44726
44670
44773
44146
45276
44318
43462
44572
44621
64192
61006
43959
44355
45183
45424
45406
44698
44496
44123
54847
44675
43815
44656
44432
44305
43188
43496
45733
79944
44462
43470
43973
42605
39839
41271
40237
42109
46107
44314
43955
44119
44633
44168
44945
43808
44549
141676
44267
54906
44429
43994
53785
45201
48468
43847
43565
52785
44334
61592
53379
43595
43527
44658
43609
44648
45682
42843
51913
53664
44134
43770
44301
45514
45175
45916
43154
53472
44257
53884
54214
44708
44002
44622
43984
44202
44371
44586
45024
54389
54232
44291
44846
44146
44484
45175
44674
43580
42897
53686
45412
44363
44457
44027
43260
44255
43124
44612
43707
53389
54049
43631
44180
43767
45551
44289
44919
44487
45579
44445
54224
44509
44452
44057
44035
42643
45180
43034
44767
53394
52983
44417
44298
44194
44776
44265
43365
44905
44769
60038
54730
43437
44260
45213
44186
44596
43980
44168
45032
68209
54569
43829
44281
42447
43395
42899
43102
44212
43357
53589
54291
43875
44685
44940
45412
44985
44695
44786
44527
54320
44985
44338
43467
44365
43864
44657
44065
45431
44523
84983
54139
44673
43782
44271
45402
44902
44216
43459
44548
54150
53601
44618
44479
44426
44742
44998
42674
44671
45219
70149
53560
41682
41476
41750
40167
40172
42021
45082
42433
41382
54053
44372
44422
43172
44753
43977
44111
43688
45194
53046
53515
44064
53325
43749
43847
44518
43287
45169
43553
53893
44525
44367
44399
44708
43397
43611
42826
44400
43161
54192
54837
43895
43849
44496
43562
43234
44046
43945
44845
54454
55823
54525
44835
42840
43909
44055
44972
43660
44027
54437
53690
44294
44494
44315
45240
43227
53843
43634
43821
54244
54458
43838
43934
43925
45523
44871
45172
44265
43637
54068
53742
43597
43723
43539
45118
45741
44206
45910
43915
44395
54562
44311
58113
45024
55107
45408
44997
45391
44579
54391
42546
44998
54021
44594
43619
43756
45419
53766
44287
66382
54378
41802
41732
44869
40777
41952
44317
40813
42027
41642
54156
49488
40160
39846
43508
40765
42320
42002
40177
41474
42748
41402
41501
43086
41423
52569
41154
40678
43937
41658
54372
44274
41577
41299
42027
42263
41474
42044
41799
40740
54534
43428
44393
42245
41582
43992
41836
40456
40797
39639
54502
44173
44326
44106
45540
38751
40370
41885
39959
44340
45460
42032
41685
40113
40722
40690
41856
42211
41741
43712
53254
41356
41304
41130
42202
42246
41583
41605
42084
41502
54363
40215
40651
48389
40619
39176
42924
40274
40259
44621
53719
40560
41192
41083
40752
44104
40647
39915
43466
42554
54292
44536
45217
44392
43882
45060
44198
44842
43224
54103
54469
43961
45107
42395
43188
44635
42750
49899
42792
54387
54198
43630
44601
44117
43769
54459
42363
43082
44781
54115
53778
39985
41761
41928
41293
40831
41355
41450
40234
40217
53827
43308
41291
41523
46000
41901
41754
55270
39580
47318
70741
40592
41699
45947
41017
41428
42334
42980
42580
40078
53603
41173
44000
41316
41899
41364
41726
40618
44968
40994
65177
41797
41768
40436
42244
41167
40658
44918
41091
41106
53479
44481
43776
44216
43727
44022
44112
44203
45085
53518
43824
44890
43877
44208
43060
54956
44536
43324
43998
54329
54912
40813
41366
40944
40264
45151
41253
42492
44903
40504
54732
44473
44233
43618
44837
44604
43344
44135
43169
53777
54013
44718
44157
43186
44780
43799
42898
45422
43064
54261
54604
43954
44337
43167
42790
45176
43969
45276
45094
54084
44712
42073
41222
41246
42514
40410
41145
44456
44869
53797
54104
