41764
42280
44824
43914
42433
238026
215577
212979
229314
215754
229950
230443
227477
231023
228797
227413
247329
231326
268828
273949
230038
227720
231290
229260
227947
229674
229952
227965
289167
274104
230102
231256
230144
229653
231090
44434
54131
44989
42196
40287
45284
44491
44764
43737
43725
44149
44686
44917
43791
53497
54423
43433
45323
45705
43692
44309
44193
43498
54351
52340
44847
43487
44111
231013
241522
230322
229445
228300
276789
274322
229797
231196
226785
229742
231000
228108
232127
229979
281759
274971
231246
227603
228324
232106
228453
229398
230559
228004
274708
274081
214409
218694
42850
42451
42047
231337
213590
259631
215951
271594
215684
216585
213987
214989
214420
210729
214774
216136
280412
279335
231368
229002
231216
230716
228003
234101
229370
249764
276840
282828
213783
214761
214808
213830
217726
216847
213266
215463
270952
275008
231333
228364
230521
231186
230045
228616
228867
227611
274237
272673
229322
229912
230572
227134
229538
230266
228032
228604
53615
54278
45604
45122
45483
53995
44221
44606
45284
44364
44289
54026
45350
45664
44577
44109
44015
44903
46205
44022
54144
54321
44996
45354
45794
45651
46032
44886
44649
46693
53884
54334
45221
45497
46158
45862
45774
45458
44291
45087
53966
54695
54064
176174
175266
177378
176019
175566
175636
139734
174799
177925
144563
138826
139332
139190
139982
178095
133519
138630
137374
138911
138984
138053
138019
139381
138491
137206
140784
139959
175673
176366
139292
148150
139199
139108
139033
138689
139237
137666
187520
175715
137775
138731
138906
138778
139307
138740
137530
137842
176742
174763
139382
136975
138269
138653
137640
139127
139679
140641
175835
139837
139264
137851
140700
147277
139216
138546
138043
138966
175555
151509
140391
139666
141281
148945
139511
141874
44871
44945
53291
54495
140226
138540
138777
143736
138720
138927
139372
138330
175442
174888
140154
137902
137750
138434
141451
137481
139563
139390
173987
178274
177016
176955
175997
176565
173695
176149
175828
175078
137949
138220
140095
139065
138947
141592
43340
44486
44415
44322
54517
54325
44702
43697
44345
45777
44928
43502
44027
44694
54894
54173
44621
43670
43783
146338
139968
139107
44529
43432
54029
56508
45027
44887
44283
45066
45202
44247
44972
44007
54417
54056
45480
45328
44410
55636
44517
43920
45766
43978
66081
54336
44456
45324
45548
44982
45104
46166
44549
44468
53984
54142
44060
44860
45458
44715
43237
43679
44364
44764
53092
53266
44077
43724
44670
43615
45266
44345
42982
44435
54899
54304
44333
43940
44250
44036
46601
44376
45026
44129
53282
53632
44357
44199
44533
42952
45446
44089
44362
45282
53318
54423
44102
43637
44201
45396
44807
42764
44476
43668
54446
54219
44358
44847
45377
44263
45161
43391
43041
44313
54092
53550
44314
43536
44348
44144
42984
43429
42971
44463
54002
287799
229589
147546
45388
45455
44470
45424
44299
45728
53785
54021
44372
44799
44161
44404
42874
43775
43660
44574
44333
53669
44853
44945
54951
44849
44750
45759
44134
44539
53879
53302
43664
43695
44746
43613
45577
44955
44674
46148
53195
54077
43455
44384
50469
43663
42596
44723
44338
43947
54102
53610
43142
43963
44580
43221
44783
43772
144048
43967
53968
53845
54141
53381
54412
53487
53481
53322
53266
54249
53431
45208
54184
54049
53791
54149
53006
54168
53230
53933
52740
53328
45030
44683
44941
43749
45148
44833
44280
46141
53496
66173
45135
43424
45328
45185
43684
45018
44594
45087
53364
53695
44522
44442
43099
44591
43423
69569
44196
43552
53179
54170
44721
44667
43223
43906
44951
44185
44040
43256
53668
54290
41784
41670
42459
42376
41415
43057
40663
45524
40131
54178
41985
43588
41916
40464
42774
39715
55203
41717
41710
54639
44930
44037
46216
44100
43660
44485
44807
43204
53481
54023
43818
44582
43473
45217
43797
45130
43916
43525
53958
53918
45633
43427
44466
44173
43818
43700
44308
44164
53367
54169
44984
45628
43154
45071
45197
44488
44002
43760
54006
54558
44577
42931
43776
44788
43794
45817
43949
44494
46019
53811
44140
44055
44889
45680
44289
44793
45785
44645
54202
53807
45121
44656
44503
43903
44748
44114
44729
45249
54120
54266
44099
45263
43827
43563
45491
45116
43742
43369
60288
54012
41616
41066
41333
44009
40652
41887
41034
41481
42807
53181
44130
44964
43879
43861
45834
43207
44371
43085
45349
54264
43915
44389
43857
45058
44446
42838
44457
44064
53844
54160
53785
54706
55265
53860
53386
53369
54221
54079
44877
54227
43696
44621
45721
44568
43943
44135
44860
45340
53719
52717
44834
44534
44416
44102
44474
43031
43295
44993
54200
60301
53031
52819
54692
54679
60539
45945
46286
53454
45650
53350
54365
53853
53699
54899
53237
53957
53993
59238
45111
53879
53754
53562
54392
54496
54701
54463
54996
53653
54291
54615
44112
44394
43561
45200
43267
44428
43790
43576
54099
53665
44722
44951
45302
44523
54268
43015
53928
44641
54035
54640
53924
53896
53825
54644
54504
53352
54120
53384
54349
53929
53631
54926
53845
53864
52651
54141
53811
53332
41466
53893
54000
54014
54401
53292
53887
54032
54454
52998
53850
60231
44187
54386
44756
44420
44811
42824
64833
45114
53413
53956
45229
44999
45741
44482
54072
44818
45565
44409
53021
53669
44634
44732
42814
54299
43946
44359
44373
43284
53332
52651
43370
53551
44524
43651
44594
44566
45921
45265
53789
54159
44469
44295
44076
43773
53475
43308
43492
44271
53097
53882
54210
43189
43919
45695
44103
43710
53809
53382
44923
61327
44532
54498
44426
54090
44492
43089
43702
44979
54179
54374
43946
43924
44649
43775
43729
43520
44574
43855
53377
53763
53893
54131
54563
53829
54250
53677
53696
54049
45466
52975
53791
54555
54317
54209
53878
54368
53702
54396
55131
53529
43985
44741
46341
44179
45009
44449
45068
44857
43862
54261
45127
45743
44597
44405
44072
44211
44247
44894
63266
54863
54238
53531
54511
54495
54906
54807
54103
54626
44929
54192
45973
43793
44534
45290
45552
44177
45195
45707
52852
53786
44327
45082
44188
44142
44092
43996
45573
44452
44359
54510
45229
44495
44389
44653
43648
46080
43462
45432
53424
54163
44353
43878
43968
44219
44371
45241
45073
44360
43384
53885
44235
43674
44667
43762
45200
44322
44550
45050
53431
54013
44112
44116
44573
44911
45926
44508
44472
44503
54604
54349
44042
40969
40864
41683
41561
41470
40545
42080
44634
54460
44630
44106
44033
43366
45303
43835
45273
44832
54309
54519
