1835418
1710407
1550819
1582156
1517493
1490179
1536742
1474114
1479534
1439689
1369542
1390350
1374320
1368632
1402305
1382120
1400161
1362801
1364206
1377837
1373594
1407373
1362472
1377071
1367717
1366874
1368817
1371803
1218003
1228179
1242569
1251074
1268378
1256865
1239859
1246913
1238803
1242288
1258400
1231032
1255146
1244463
1244170
1249235
1245308
1253134
1237324
1241638
1244114
1243920
1239228
1244439
1235122
1251558
1255142
1235104
1238814
1229931
1231382
1243546
1265338
1241944
1245390
1241052
1249151
1258448
1247834
1239840
1241291
1236803
1252039
1244145
1250897
1246610
1262053
1242924
1243536
1236793
1252205
1250207
1244812
1251632
1252418
1245217
1241439
1236191
1238477
1260784
1235053
1245470
1244493
1241002
1238924
1243834
1258981
1255679
1237973
1242587
1236702
1260241
1246019
1274921
1244442
1241078
1258110
1243457
1258359
1238541
1232981
1240072
1245826
1248180
1245023
1261877
1252700
1255004
1242036
1240695
1246785
1243577
1248417
1248367
1251223
1244704
1250115
1238114
1242595
1250446
1244382
1250265
1253000
1249461
1240931
1260157
1257791
1241803
1248220
1235784
1248683
1250969
1252492
1247640
1251471
1260600
1256717
1245668
1238145
1247178
1238833
1262996
1246325
1247876
1247017
1264025
1242035
1245112
1240400
1239404
1246666
1252128
1249648
1246051
1251692
1242401
1252502
1252958
1243687
1239186
1243101
1253243
1245772
1250894
1243713
1253608
1239827
1241928
1237725
1243862
1257955
1265843
1254864
1238002
1246259
1252631
1263674
1244481
1244030
1245989
1237674
1254767
1241954
1250354
1252200
1255491
1258489
1242475
1242173
1241423
1253876
1260587
1248756
1248481
1261571
1266674
1234679
1237975
1237381
1236538
1253595
1233957
1243072
1269386
1245462
1237234
1241765
1242487
1257374
1237846
1235886
1241768
1249170
1246415
1241924
1245148
1253484
1252290
1238584
1241047
1240982
1252151
1260763
1273586
1246037
1245543
1243419
1239103
1253712
1241890
1240743
1245164
1242879
1268146
1266877
1256872
1235769
1243332
1263075
1259166
1237844
1242290
1243063
1249943
1259908
1255733
1244989
1241547
1239795
1251148
1253175
1242957
1245246
1248467
1244635
1236984
1242001
1245098
1237738
1253163
1243981
1252083
1259864
1251482
1246240
1252145
1258681
1246396
1265177
1222033
1241472
1240997
1241763
1262062
1267494
1249766
1240523
1237398
1237293
1259368
1250924
1242217
1255251
1247267
1241585
1262374
1252223
1249077
1234840
1242777
1231571
1264938
1267170
1248077
1240153
1245993
1260040
1247599
1238832
1243951
1243394
1267167
1238282
1251521
1246012
1248254
1262307
1246773
1241631
1240815
1241057
1261058
1263475
1244731
1251649
1259489
1239992
1246046
1237445
1267914
1250217
1241729
1246702
1271172
1248642
1241974
1244694
1240711
1268485
1260183
1241280
1246613
1254752
1247820
1255623
1260165
1249649
1239603
1237556
1247754
1248682
1243667
1248316
1274251
1275479
1242324
1249890
1240563
1239971
1252586
1238524
1246611
1245012
1270173
1265323
1244111
1246956
1246167
1240865
1252766
1249370
1240514
1242531
1252641
1242882
1245865
1262147
1248007
1244154
1238963
1245257
1260835
1260632
1267508
1241655
1246520
1259753
1256718
1234895
1240569
1240588
1243073
1237729
1278811
1253876
1247071
1241870
1247602
1253349
1250901
1238971
1244526
1269219
1267705
1247742
1236702
1237444
1235373
1249413
1242923
1241373
1235722
1239390
1249938
1262684
1253114
1244456
1248227
1243426
1258996
1247806
1254236
1225606
1255729
1238468
1260850
1244499
1242829
1239105
1237467
1263204
1256949
1249797
1252415
1242205
1259595
1261761
1241145
1250445
1249621
1240817
1249945
1243169
1249595
1255964
1240728
1240522
1246328
1243487
1272793
1254745
1243598
1261423
1257620
1243555
1243556
1247845
1251047
1247490
1238202
1236754
1236632
1274647
1264508
1238081
1246738
1238701
1251651
1245608
1246205
1241866
1242631
1253346
1250359
1250413
1242969
1260816
1248006
1238680
1239185
1245646
1239325
1248453
1250053
1253564
1251623
1264518
1249843
1237091
1234069
1250188
1252974
1240994
1252652
1250227
1251372
1250422
1244025
1250210
1257282
1246304
1247427
1243538
1253122
1261019
1245829
1245665
1239343
1252498
1253632
1250308
1246418
1243944
1257049
1246711
1244694
1240216
1247503
1256429
1241829
1244123
1249448
1250208
1267784
1244437
1241476
1235446
1241665
1252149
1245106
1248439
1246366
1256768
1242820
1252219
1241200
1237167
1262803
1243743
1252091
1244008
1238202
1246388
1255889
1245455
1244770
1244721
1240777
1238646
1251462
1256638
1244581
1253758
1259149
1243730
1263310
1253055
1253724
1242428
1238275
1242578
1257168
1252031
1255300
1261843
1244849
1254548
1251568
1239955
1245709
1252238
1242946
1245100
1280537
1237246
1243933
1249160
1250882
1252410
1238290
1236733
1242794
1258670
1254387
1246689
1247374
1266191
1257774
1233971
1242738
1223068
1219173
1249950
1242535
1260605
1257564
1243685
1243700
1241314
1244816
1257087
1248477
1258834
1251025
1241133
1240239
1247898
1264409
1238514
1243368
1240884
1240988
1246660
1252631
1244790
1249565
1243141
1255327
1244940
1244181
1245553
1252715
1245837
1257818
1247756
1243165
1269977
1243165
1246525
1241631
1251310
1258647
1247157
1261013
1259726
1256379
1239013
1256915
1238539
1242603
1253739
1250329
1250692
1263050
1248279
1251206
1247341
1245700
1247232
1244621
1242588
1241512
1261654
1269000
1250931
1242079
1261558
1245618
1245333
1243768
1244068
1249368
1249102
1262791
1270477
1238251
1251263
1244848
1240680
1255829
1249309
1242747
1254088
1247289
1255871
1245774
1246194
1264950
1245492
1242384
1244850
1246147
1267783
1262391
1245320
1239510
1232713
1247399
1250577
1255400
1235001
1236779
1244569
1258305
1255490
1249727
1246095
1242889
1238868
1243334
1242637
1242573
1259261
1254891
1243478
1267064
1242472
1244072
1259942
1249749
1241500
1246084
1244359
1258986
1244067
1240941
1251182
1257315
1241394
1238949
1238371
1257003
1251203
1263980
1246703
1249803
1250188
1260599
1253121
1243102
1218470
1212208
1242335
1245442
1246071
1240214
1246902
1246482
1242808
1235997
1240184
1241494
1247576
1246338
1244350
1236842
1251044
1250309
1240362
1228100
1226381
1238194
1246353
1236468
1250919
1236241
1242125
1250281
1239198
1232316
1242668
1236711
1234480
1254140
1247717
1247466
1246169
1235409
1242387
1244246
1244104
1242598
1229681
1232538
1236467
1236002
1234291
1252519
1231676
1228225
1243291
1236119
1240483
1225888
1236284
1237708
1250370
1231588
1231479
1228324
1228535
1244090
1228660
1231364
1251752
1234845
1232358
1231412
1236496
1224333
1246150
1229308
1227319
1234446
1240089
1228022
1231651
1233011
1227496
1237683
1240808
1229149
1232424
1246730
1236868
1229402
1228913
1229680
1232962
1244214
1225613
1226836
1246777
1244343
1232905
1235429
1230068
1233183
1240477
1225604
1231459
1223176
1245688
1232411
1235788
1228040
1239522
1247903
1239462
1227422
1228139
1225806
1240775
1239482
1245113
1228390
1236791
1232417
1235493
1235373
1239246
1235549
1229944
1235128
1240888
1247645
1234864
1223457
1230386
1232710
1250088
1224168
1227417
1232745
1237853
1234093
1233867
1241320
1229730
1236639
1245704
1237151
1228498
1242093
1253978
1234173
1235931
1229902
1233709
1234372
1230593
1230874
1230045
1231448
1246847
1242082
1236861
1222722
1229455
1231738
1228986
1213589
1232911
1225043
1237579
1239670
1233138
1231847
1234307
1232379
1241149
1236385
1254238
1235681
1238808
1221400
1232340
1234488
1234579
1235147
1234571
1236631
1235703
1241909
1239505
1244744
1242622
1232312
1232805
1232473
1241504
1244917
1241007
1240333
1235739
1230229
1229531
1248980
1249885
1226159
1231652
1245512
1231319
1235545
1244241
1246749
1231014
1227218
1229764
1228725
1254855
1223989
1230679
1241047
1248684
1225460
1233623
1234765
1230555
1244702
1239301
1232009
1229676
1237488
1239319
1235346
1235409
1239274
1230352
1226447
1231982
1250567
1241111
1235793
1233882
1231275
1231856
1239706
1225528
1234313
1236855
1229509
1236439
1224702
1220675
1213277
1223149
1216740
1218977
1211785
1215826
1227821
1237891
1255281
1243943
1227131
1234713
1224970
1253310
1237190
1235402
1224509
1242718
1240801
1241225
1232017
1242005
1247050
1248068
1233517
1237644
1233374
