619866
486432
549746
441359
445961
540732
464201
561470
575220
454119
536125
538777
447946
499006
535974
434255
531911
556912
393876
477710
483888
510791
479390
378316
379405
356944
347076
353219
376124
337497
345792
364338
330489
324444
301965
333352
315414
324360
380726
306203
398117
333929
314384
308455
327471
357807
317263
310629
303530
341278
320514
328748
317858
404446
322699
319021
407095
352119
319973
314602
327570
326595
319399
325554
350167
329327
308530
328607
307763
315432
333329
323165
353881
338268
311791
308099
315767
336636
319171
314556
442935
306568
311319
398729
353690
328380
326621
310727
319045
303922
362155
305612
310363
330941
314204
303321
384426
303907
303894
329675
315881
318836
340725
306518
317419
331595
314000
317226
301269
321677
