1915114
1454262
1869368
1437454
1407626
1847097
1328191
1606932
1771657
1381780
1746668
1844047
1294595
1741870
1679739
1385570
1664431
1704524
1245775
1693568
1617401
1557919
1728057
1076995
1123523
1012400
1049545
1103845
1066438
1134395
1000985
1039674
957942
930214
902862
960491
935187
988184
949801
905770
1238933
927676
899182
936584
942414
903871
898301
903647
924270
928032
926746
897671
1001444
1160855
912473
964921
897274
948037
999776
929623
918710
994175
946490
904423
964031
914747
918482
976154
892474
926809
945757
985691
903468
922754
971014
933093
911676
902199
971680
988395
1199865
923091
1015814
1251125
1003646
887023
973013
916329
1024850
908336
908737
903080
931046
933039
891447
934804
1113714
914246
920398
945071
887871
911713
937432
933623
968494
917131
917571
945976
961173
945051
