126314
45243
45697
39211
35281
38057
38241
37748
38254
39489
38144
35125
45780
38105
34554
37613
38829
38512
37126
37902
37927
35324
35474
34729
34736
34212
35837
38676
34728
38677
34170
34582
39680
34830
34554
38128
35614
34636
35798
35950
38165
34858
35488
35348
38726
34772
34516
34921
70431
38331
38791
46762
34739
34932
34635
40351
38571
72845
38315
35124
34492
38472
35002
38432
37962
37695
34827
34954
38257
34609
35087
38541
34880
35787
71111
34958
38330
70619
38546
37470
37591
39427
37060
41177
37778
38060
36842
71162
35067
35400
35537
37164
48720
38746
34581
35062
37310
38107
35998
46482
46026
87863
39101
35886
34670
92213
38467
34402
38201
34944
