131164
104368
190205
144012
103561
143337
154197
181023
180355
143626
177563
178888
155290
183494
174985
145302
182803
193370
152170
184718
195502
181962
184672
144277
96600
104833
96124
95034
100586
97269
97748
97642
93064
79981
79880
102247
75901
78902
78231
78518
153996
94480
75047
78105
80210
103339
76100
79795
94677
80005
77763
80611
80067
142817
94508
75082
77730
93845
78179
80133
77547
107443
78597
78220
80398
75608
95526
80439
77941
80695
80034
94732
90792
77478
77825
97802
79956
80384
80207
78295
147735
94840
80904
145625
87330
78421
80290
97684
97830
80900
83302
94355
80715
80223
95576
78350
136309
95164
95871
77936
78075
80200
80273
92660
93426
75799
77791
78117
95049
80049
