92750
90020
90244
95362
90050
87766
87760
86492
90575
120269
87431
90469
89236
89982
89548
89717
92196
88911
91087
87205
86920
86837
89482
87020
95319
121958
88994
86505
87276
100674
83885
86182
121078
95697
86327
91497
91826
122911
89454
86113
102794
118894
87714
89249
90649
86143
87204
92799
90060
120530
89053
78435
115141
97616
90142
91243
89891
89288
136903
118768
89162
90672
86949
107337
83957
89273
90272
89162
121541
91092
90082
89149
87399
90038
84096
140811
122694
86359
119724
175364
137599
122093
137866
170853
143247
119799
118525
87500
80295
89228
89598
89627
80918
136251
118972
86123
129527
122196
89150
124453
179713
190951
119197
135706
171481
129387
122922
89795
88216
91560
