51797
41149
65180
47248
51705
67643
51812
118845
65987
37874
57893
46196
52156
36515
37515
37920
46100
61620
46381
53032
54066
69416
135423
98268
71608
31720
48859
36971
61616
37561
50216
40213
30454
33211
31083
43758
30680
28482
32062
34894
46047
33354
38179
40895
73738
31623
31033
37318
56037
31360
33018
75490
32137
31684
33882
28783
80479
39657
33853
30999
29830
37745
31344
39313
36235
34684
39946
35583
30981
78369
32741
33172
27869
39444
40693
52041
30477
54830
39024
33407
32307
50281
32870
36805
39063
32670
32755
41104
53739
34906
53104
45330
51029
48848
34267
40397
48837
38774
33375
49651
32661
32941
52220
41039
33723
54299
34915
52217
58564
31883
