131844
136085
131981
130639
131926
117308
132894
131419
134009
114211
131372
128599
124126
133075
138634
128927
131063
135183
112085
128110
114918
115156
113730
129084
119971
118295
129347
116792
124520
110607
117305
112527
117627
113677
115485
123864
133973
129869
127882
118947
114915
112355
110594
131774
114832
111929
128069
111377
115351
115192
125822
113339
112416
109483
111244
115805
111504
118292
124193
112682
126007
120858
116834
114233
117036
108225
113568
117205
114996
113018
114931
126903
117183
116445
113833
178233
114639
113626
129510
210805
173099
115616
126256
209933
125157
115228
115354
113420
116049
110345
118160
120736
114240
128602
114506
107981
126292
114775
114493
113778
214531
125125
117072
122564
123863
178293
114460
112129
110518
110974
