215796
194091
184098
186049
179934
181901
183613
179803
184638
182143
181758
187565
176407
181836
180089
185845
175392
170420
162963
147843
158547
162729
150211
149162
145485
153701
147675
143867
151525
161440
142580
148138
150260
144281
167644
165679
180628
162385
159428
155277
159887
160634
154744
145998
157537
141524
149448
155087
209478
158086
145403
150211
140256
146392
154639
154350
171180
155550
210224
176199
156708
144594
146893
148323
153628
156282
146461
143975
147214
158912
150946
158135
145037
150093
177415
163132
159763
203143
182380
237288
183979
155080
186954
181010
186643
158707
151608
180865
155211
155701
144046
155054
145289
182698
148073
147711
186880
143381
151657
180598
259376
205370
152050
187539
215654
206201
158090
159164
144612
170166
