101935
108932
172075
148470
105133
145739
80924
80739
173133
154185
183966
74046
137846
175094
183489
142837
66928
74068
73657
173941
176534
78071
174651
166851
82572
104893
77331
77525
74730
66261
68785
74338
79300
74266
75980
92305
69535
76494
69728
81026
133814
91460
77326
72441
73804
66325
74131
76861
103637
78626
69066
74291
78993
148101
89711
81699
79332
103953
76997
67919
71223
103768
66452
77169
69794
69863
104415
66489
75621
64453
66189
89127
79948
69015
76334
97192
74610
71210
72732
77453
136986
100259
72678
144105
89084
67185
76409
67151
76493
64911
92375
97372
66831
72129
69563
81663
140072
103600
96248
65974
69813
78649
66313
67343
71329
71311
76627
75286
79029
78831
