82966
44996
43097
35067
39051
42871
35459
39308
35994
38212
34677
37982
42272
37865
38236
40802
38733
37740
46882
46514
39078
35690
38195
37454
38699
35426
43516
36476
36208
34714
43712
34765
35522
38185
38295
35210
38836
35177
35665
35676
45042
37917
34846
35137
35051
38239
36024
35088
67868
36162
35775
53793
38122
34659
34791
56025
45176
71203
37756
35149
38351
35886
35711
35098
34382
44347
36251
38663
35710
41631
34844
35366
35372
38715
72384
38346
38829
72358
44414
40820
44073
38624
37424
48542
38714
39150
38380
80340
35788
44030
35556
40038
67336
47795
68192
35352
38462
44339
35612
39044
38768
37889
38692
45682
38787
48036
34909
36963
39569
34837
