558719
528015
495330
504321
476749
507002
507732
484254
515929
480605
662284
659113
681914
658203
687172
659563
710799
663272
452872
435598
448333
415826
450261
403128
412784
442878
414165
416367
417054
430552
417946
412188
371889
405812
655183
680871
673462
650828
650167
402823
414971
462694
382682
370239
415995
415831
447623
410829
611575
416579
447459
387064
452656
422220
419962
417570
421898
584927
539622
388988
613134
413154
419466
414794
411226
402867
413223
380200
410698
433991
409514
417750
403413
450120
517055
533659
409967
540879
520785
713087
613847
441858
517099
514896
549574
432735
431831
514814
399704
413446
411172
404713
430215
545814
399826
396434
518696
437960
415808
518294
729931
616605
417050
512841
554597
547245
466698
409221
418688
396760
