54995
38627
58905
48436
51640
61062
198100
133643
157990
118322
182068
131563
127835
117345
56410
39233
49143
154806
53130
130059
58049
184119
127447
84905
57433
36284
49299
51223
61100
56062
37815
44993
32462
32147
33620
52231
44129
40583
30344
30101
37901
35842
30832
34999
49296
48411
32517
32775
44134
48863
33247
48989
33048
80688
29824
31928
82029
48205
31018
41714
36852
32099
30436
30524
31640
33215
31683
53883
31633
44780
48134
30138
65561
55604
30642
29678
49556
54938
54258
49920
31005
29822
47228
29561
49887
30654
29797
321387
32362
29856
59453
46363
44341
55032
32906
46937
51870
43944
33450
57675
36953
32618
46838
41875
32326
57389
32314
32728
53969
38521
