2191305
2367416
2291561
2248227
2230787
2217618
2195309
2172755
2174962
2131971
2253892
2240074
2204243
2183978
2205136
2223586
6146672
1453373
1468407
1481038
1383791
1397558
1413488
1395297
1418861
1398659
1423210
1414206
1426450
1397270
1399493
1419375
1432438
1619064
2168696
2262043
2118459
2179143
2169825
1400980
1477951
1406340
1370171
1377883
1403579
1415945
1427024
1694000
1417424
1413351
1440955
1425441
1330194
1424817
1391523
1388732
1622605
1399934
1413848
1365738
2036855
1385287
1432926
1389645
1406888
1408448
1410802
1397838
1374989
1393061
1422204
1405114
1338944
1532251
1363563
1583811
1564657
1443940
1892716
2196996
1744912
1763344
2683780
1878387
1489096
1408617
1791450
1413656
1448421
1424758
1411826
1376414
1442748
1419425
1452334
1431536
1625631
1432280
1372579
1842172
1983522
1896095
1769211
2749503
1756547
1533068
1415431
1439169
1368147
1395292
