111872
107124
105246
131058
100562
89980
92683
86342
90822
125958
91273
93564
87502
103015
90222
103011
90456
89626
121016
91384
91297
91079
123247
90756
79955
124733
89583
88350
91213
93637
85127
88855
117324
93680
90278
90984
89373
119960
88870
88333
91866
124375
90261
92653
88711
88562
88294
91000
88771
120442
90750
120023
120894
80383
89716
88281
89727
90676
138522
122546
87771
90013
92913
88245
102485
120489
85580
90387
121615
90504
89358
90095
115099
88595
90158
130600
121037
91087
123540
167803
147945
117322
128691
169181
145678
123375
125596
90281
108619
90869
87887
88731
113028
136108
124461
90164
138292
122275
90235
119823
171347
156278
121619
148918
174829
139214
117769
96920
87760
87532
