91386
89937
86198
105702
85697
91552
91717
82883
88480
114267
92897
86368
89392
83196
77108
85915
115930
88283
90189
86273
92954
76028
79521
85944
88624
124015
92204
83854
82655
90624
84318
83030
108525
74384
85542
86615
73231
137937
91198
94174
89008
123970
85394
89421
75548
80783
88902
80302
80101
116710
88414
97351
130277
85186
76219
76328
74405
82756
160947
115038
101727
88808
82326
97989
91150
76363
89054
76407
110676
75774
88298
82892
79378
83380
85178
132659
118222
76442
124974
174123
147307
116414
148563
164194
152970
125383
117906
79236
94707
77242
82823
77662
101090
132696
116069
76794
139019
112623
86064
118171
181225
132842
121291
141802
175047
140400
111936
81748
81153
88324
