283557726
48726
46370
42094
43235
43526
38725
43353
42643
43736
44013
41713
62048
41693
39541
41670
39886
49380
40859
41884
42723
40780
39869
38281
39352
40262
38387
39870
39688
38820
40899
39667
42528
38791
40993
42010
43276
39459
40662
62699
42364
38927
39388
39377
42064
41614
38116
38758
42638
39853
39115
40701
39933
39084
38958
42018
43083
51275
39437
39542
39404
40827
42359
41955
42150
42410
39181
38684
42491
39303
40100
39491
40568
38907
75650
38262
40620
78433
39548
40319
80148
39392
39475
43023
43778
42521
39145
38430
41083
39509
39563
40232
47776
41343
38569
43099
43211
39085
41705
44823
41828
47680
40037
39334
51510
40533
43364
39606
42624
39638
