109668
115883
115197
112660
119513
118950
113121
118540
126811
117407
117738
111225
101438
103196
115625
104615
99758
137299
112671
99908
100871
96791
98575
97457
110379
110810
109063
97583
98768
99990
97328
97342
97657
109881
101372
100482
97752
121038
96968
98743
97838
103318
105669
96003
96303
96571
98354
98066
98185
100439
97116
100966
98390
116186
96944
99463
100289
98543
150050
97843
100984
97514
96775
119875
101926
105734
98369
97368
98551
99741
101484
94693
105664
98353
99839
158567
97621
99084
103391
195312
154130
105969
158851
196208
126865
97116
129354
99712
96421
103101
95789
98154
101981
166501
94351
118641
156706
97839
95343
103982
196248
166821
98528
156138
192532
157463
96136
112317
102037
96991
