108855
111885
171626
143109
111907
135213
140662
184177
184544
154938
177869
182096
156581
179266
176639
143299
185370
188453
142216
169530
68901
183356
171017
142840
67974
95319
85419
84973
74946
82013
99039
80713
104921
80161
79795
107331
82588
79700
77957
76704
117726
91995
79692
78861
77891
80746
82409
79481
96760
81981
66754
80412
79307
145310
94959
77773
79417
92715
77363
77429
79683
94677
82426
65132
80381
84686
97063
79662
81598
67057
81573
92043
79765
79450
79907
93149
77490
77151
77517
80007
155025
97221
82345
145316
97102
67374
79587
81088
74573
78213
96946
94684
78237
77689
76704
77576
146864
95133
97606
82391
82686
79244
64804
82386
80317
79493
77554
75540
75360
77463
