50453
55146
52005
48811
49283
39190
130534
38483
63798
86152
131229
54649
50381
36535
35147
51543
49565
51314
99604
121706
49557
127993
33766
35469
38110
37300
46660
44906
34987
51534
34689
35275
29642
29741
32694
32805
32126
44556
54502
32350
29907
32322
32670
37158
55320
32901
29221
32983
32296
30261
47380
32620
44739
32427
54598
47231
65272
49300
29996
32287
29847
55306
32918
29925
52257
29746
32792
52303
46670
34960
49522
29768
62273
58093
29533
32313
32522
55263
32760
29759
33042
32261
35704
35158
33316
32554
29496
32534
32374
30013
52281
32545
32274
51825
32099
32438
52767
32257
32282
52692
32337
32811
33186
47563
29919
55437
32930
29867
32607
29657
