54047
50751
53953
46674
48697
47227
46404
49915
46572
46565
48381
46828
47864
50727
44125
46653
47008
46341
49886
51594
48956
43790
46874
47162
43904
46866
46378
47791
46067
46743
47065
47794
43845
43569
48239
47162
47464
47201
47688
50489
46234
59126
47585
47935
58521
54912
47711
47652
79473
49702
47986
46023
43920
47547
47605
46319
46334
80558
46512
44968
47378
47339
48343
46128
46170
48185
47290
47007
46049
43356
44413
49079
44390
43600
92743
85326
46494
79783
66400
46790
47952
46648
67838
46899
50390
46701
49299
79099
47987
47792
47233
46698
46645
46010
46210
47396
108777
45983
47776
46263
46261
48838
93621
46256
46397
47290
50033
46638
46478
43488
