2825382
2877080
2840365
2578465
2589097
3537358
3360147
3399462
3523382
3275025
3524315
3470132
3337225
3579306
3605140
3451473
3539957
3386630
2927642
3341238
3417756
3285790
2539299
2144815
2015778
2085250
2007162
2015900
2030644
2000469
1954014
1885956
1789137
1807640
1774714
1781130
1766380
1793191
1868248
1835192
1808922
1783496
1849823
1894653
1776288
1776716
1833202
1806388
1805100
1779287
1775719
1830163
1811162
1879886
1883908
1891301
1802401
1868012
1802557
1788812
1768033
1790392
1795635
1788706
1828895
1816063
1803318
1766855
1762130
1778371
1880036
1885039
1803367
1831420
1751018
1778554
1762910
1824262
1779451
1831193
1840381
1714164
1857530
1793899
1786393
1782866
1828954
1775247
1820952
1830154
1739847
1764388
1800561
1761798
1766039
1821764
1873241
1792525
1778186
1749273
1844672
1738727
1822400
1763336
1779432
1717558
1799781
1772473
1765885
1746571
