196759
134855
205294
122974
115827
115115
125329
214896
211869
106791
205535
209004
114800
188303
198634
111111
203373
203598
112269
205165
194123
179488
203544
113018
112595
112821
113794
112268
116505
111680
115293
113398
106756
92607
105062
103690
94148
108349
102165
92824
154005
105686
97582
94352
93274
106420
95697
92364
104588
95100
96193
96132
93982
151792
105824
94500
97655
107061
97785
92309
95592
109282
94135
92420
94100
93792
105003
93423
109547
107761
109605
105839
96532
94929
95773
102867
102716
93838
94013
93451
164575
104386
94983
151912
97054
94713
94728
110212
113371
108622
108872
104556
93062
93857
112316
109345
109877
104693
106241
94500
94623
99168
96135
94113
97441
92892
92490
92623
94387
96460
