234350
164854
245495
157076
168711
150762
180153
232406
222293
152932
232975
217984
149459
234106
232662
147747
220760
220986
149297
225239
209635
219534
221039
135569
131989
148988
135575
133031
129032
134175
134834
131527
130645
133371
132571
134620
131065
133090
122314
134778
127754
133038
132372
132937
132878
130346
132351
132871
136246
129514
129484
130987
131139
118879
135199
133161
130639
130081
127921
133107
132021
136696
132811
132574
138274
135134
134333
132768
146182
132146
126867
129795
133252
135646
132547
135496
133220
130074
135631
134089
125842
129487
134198
117946
128483
134752
133292
127137
128678
132889
132910
130212
135029
134778
131532
134938
121960
147349
130745
132800
134295
129888
127638
132635
129315
134474
133577
135034
146289
128453
