1061798
819743
981096
745258
753806
984432
744928
912109
932080
769312
963115
947665
713995
874583
883817
694579
961309
906068
666769
857974
940331
902331
922618
591686
584981
558654
572124
650287
582208
562892
595195
574186
505093
577848
496602
492489
502698
575070
513233
511402
627687
569654
500278
504573
518459
533062
507296
501116
515228
535311
509873
508870
505280
584081
508379
516130
681265
522942
498213
508198
532255
507547
501701
554151
571181
498399
493923
559140
503134
504003
513769
539239
603480
519400
506179
553299
508818
501627
506100
592079
646838
495622
570404
629879
512729
513206
545665
506921
503002
523317
512062
499405
495033
557981
521163
507654
590975
526828
495631
513722
516293
488645
502038
500140
503080
528582
505667
502784
504386
500290
