361633
334100
317024
326622
288440
303175
298244
302675
324519
318664
303832
289128
318093
382937
386483
392085
388524
375842
296649
284098
272957
253768
281830
268508
260907
263309
252535
272954
256800
320322
252555
252030
292664
261229
287502
298463
386532
411876
382102
256979
255983
304094
255097
279379
287810
268063
267314
262234
369164
266324
270311
275362
252238
276943
271862
267610
301035
367257
382243
296828
254841
285774
263113
283383
262507
288584
266512
264965
266345
259394
255000
257973
281625
328242
334761
372796
302847
384376
380711
462773
454209
296860
389477
316068
386366
285855
257669
331268
303620
269828
265168
297896
264581
390367
261071
274532
371610
297055
272907
339052
439204
480277
257130
354582
478100
332563
268501
252504
267121
256546
