52644
42610
41827
38981
38170
38603
37972
38123
38225
39160
37919
39063
38889
39099
38255
38173
37886
50388
40423
38805
42171
35175
37987
38476
35442
38697
38500
37079
38775
34868
37990
45031
35357
38419
35085
34970
38347
39160
37805
38965
38137
38014
37544
37285
35676
35264
38452
39614
67946
42674
38713
35183
37901
38136
38504
48461
38110
72204
38426
43300
38633
38300
34515
38092
37537
35180
34788
38095
38604
38497
37860
35428
39021
35174
86208
38826
38421
72181
37747
39266
37416
91092
41179
38119
38632
37938
37734
74826
38558
38592
38341
39660
35215
40945
39200
38799
37867
38195
35804
39052
37646
40658
38173
53620
39351
38548
38054
38718
38118
38254
