600686
48355
37639
39607
39729
43456
43385
36959
43611
37970
40001
39872
39350
36919
43146
37936
41646
37729
35030
38506
35314
34221
39304
139776
47820
34818
52698
31836
44501
32950
35402
53063
45414
51277
49245
59699
45187
50895
46549
42851
51620
47175
46665
49782
47189
46038
64626
48955
46473
44433
44581
49140
46922
46433
49286
48508
82291
38573
46493
48806
46841
92078
49394
47520
29594
47081
44780
44816
46739
46801
31167
47091
95117
46341
47271
46050
49505
48828
44938
46330
46313
46666
51475
48420
62513
46791
50141
49013
29120
44491
49548
31171
44599
46936
46534
31182
126074
46905
50605
47095
44318
47052
40606
29995
45807
51668
47052
31298
42689
49637
