80931
41571
42004
37902
37923
38952
37600
38313
38293
38970
34612
38475
37812
37326
37999
37638
38444
37742
40030
38053
39151
38343
35165
34861
34714
38628
38018
35586
35241
35194
34730
38923
35333
38203
38973
35790
34879
37581
35658
35562
38850
37798
34196
38167
34072
38884
37826
37385
77515
38313
35446
35406
37240
37506
34546
37376
38124
72398
37404
35106
37595
38266
38082
35248
35311
35612
35758
37650
34725
35665
37993
35055
35705
34817
71137
37231
38489
68642
41431
37492
36950
38353
34655
47202
38437
38522
37382
71198
35258
38663
34914
35143
35185
35363
61567
34452
36410
39142
35148
37908
35279
38208
49851
39060
35431
38478
37496
39096
38155
37587
