1025237
966286
928056
920075
1152725
1212242
1171756
1163966
1167565
1149301
1149823
1162689
1171932
1167548
1193437
1163842
1173790
727956
777423
752442
764397
741920
723865
735873
740578
758837
739087
739140
696854
738798
751977
742440
740838
820989
1193976
1158762
1188317
1153781
1194697
766664
740127
755333
740404
768663
717200
749636
711831
740677
766128
769928
696876
737538
715648
737710
754178
758462
694485
866936
902671
741530
1020786
751605
734416
724557
740533
741536
717936
742304
752540
754268
765276
722765
740941
734295
892687
932651
772504
938743
945429
1325427
1026330
779241
1456727
1010061
929026
769052
756656
768903
738616
716856
742360
693931
762687
1028252
777416
753647
965762
747835
751763
899965
1424031
927117
773278
1427355
997719
901656
745103
765429
764567
726989
