44131
57252
129036
88439
78218
54433
51669
50335
61874
38479
41959
154444
51223
45641
34759
51811
114655
66103
54084
48567
155033
52582
49492
65841
51989
32614
48901
67979
49629
34536
30208
35141
34654
29396
29414
52432
30096
49871
51823
32190
43739
31987
32213
43940
52155
46640
32429
31876
30123
29819
39936
49166
37833
43887
31755
34836
64335
62034
42072
46347
29684
32133
32426
29564
52783
32162
31047
52468
35360
29589
40911
29121
64194
49702
34650
32103
29532
52150
29611
29732
29859
29703
32602
32642
32830
29592
31910
32438
32927
29544
49042
32093
29636
31879
29848
241439
75801
29364
32464
48457
46871
32408
55107
34594
29369
47300
31736
32135
51749
46799
