69173
50008
70824
46188
47217
78137
47390
126252
84573
46101
125619
76379
47197
43755
79684
46306
123730
76428
45576
149471
69989
72746
45257
83982
64491
44923
42286
43292
71942
44072
52853
42277
39319
41582
42116
38818
39039
39081
61209
39087
39007
39024
39646
41598
62280
39560
39667
39699
38994
38763
38957
62037
39284
38760
38822
39072
71330
42124
39328
59863
39014
42048
36443
39542
61730
39697
42218
61787
38588
41935
61792
39210
74196
61678
42022
39195
40853
61244
39303
38781
38898
41995
42053
41753
38815
42199
39084
42196
52122
40617
62453
51779
39031
62811
40243
42324
38800
41877
39033
64298
42148
39416
62219
38976
41793
61475
38950
40080
61571
39502
