58659
58569
65936
52432
52265
59985
131347
46465
155927
114966
133716
134288
132568
35675
153148
121045
134662
65313
123243
132151
128825
40909
146721
106395
57835
44904
52911
31667
30337
45716
50525
60793
43232
44976
45532
37109
27113
45433
30977
30807
45771
31603
30618
46060
54923
27484
46314
46751
30569
33095
28670
47128
30400
32064
34933
46136
66562
53069
32092
34008
26999
45892
46667
31369
30559
29772
42055
30761
42341
42744
43258
27324
67353
33259
44141
31385
29820
52851
30129
31695
30692
33324
44313
33942
36979
31059
55049
78157
31418
30106
49218
29397
62365
71867
41537
63056
60128
48199
43445
72285
29337
43460
54741
33118
44486
47714
29594
30068
55184
47327
