345792
258055
246952
234927
259548
243838
229417
265846
251471
229810
252678
253063
219068
250679
249578
222808
251453
261755
226874
242811
240501
234295
231621
208805
197095
190943
193387
212881
202199
208102
214944
206238
184371
185562
187484
183827
184337
183972
183417
183137
177291
196516
187251
183673
185559
182898
187032
184309
179509
184292
183253
188115
182359
192079
183908
181821
233589
184731
181624
184306
184825
189490
186603
184322
181424
182466
195936
195727
184375
189823
187061
189094
183245
195543
190014
186629
183817
185066
184554
182687
191903
183952
186500
178497
187030
188770
181177
172482
195347
186438
185392
186300
186179
191498
193093
167301
192725
181985
184500
186404
189381
200879
193938
186236
183046
196745
180788
184664
182116
184868
