45382
68833
39235
37101
38652
39035
68430
41864
58455
54721
55068
133427
39031
114854
38138
95411
38486
38475
51449
52995
38259
63200
119052
38186
52572
49572
32810
37064
69389
53147
50256
51694
29701
34921
32181
32286
31980
32719
54390
29933
32011
32238
31901
43909
52370
29843
29415
32851
32451
29636
30084
55051
30066
31798
32597
32210
64358
32115
29482
37176
32864
52308
34610
32574
54499
29680
30411
55194
32789
29881
32862
31995
64980
57163
32377
35330
32810
52049
32536
32274
52136
31831
29742
32264
32789
30089
32508
29825
35403
32319
54566
66760
33117
51784
34672
32621
32087
30467
35310
54591
32045
35176
52612
32473
29775
54650
32039
32141
54751
32254
