67944
42779
41632
38423
37865
38745
37549
38829
38154
38285
38990
38773
38671
57001
38158
37787
38305
53323
40973
39588
41971
34920
38395
35364
35818
35228
39260
36065
39228
38366
38019
50717
38887
35141
38600
36016
38947
38746
38250
34830
38811
37321
34542
35861
37809
37653
38554
35490
71225
35485
35654
36003
37930
38269
35155
89854
38259
71370
38695
37587
35239
38411
39072
38434
38176
38389
35950
38481
41359
35080
38811
35035
36094
35415
71388
38954
38449
71649
38294
37696
37461
37999
38072
37999
38391
39002
37012
73594
35465
38982
35324
39488
38793
37562
37720
38101
36137
38053
34981
38660
38068
37869
38327
37862
38738
35676
38253
39051
38024
36183
