88517
42246
38723
38030
37923
46794
38133
37998
38317
34652
34939
63347
34806
38511
38088
38146
34352
37329
48014
51626
38141
35564
34969
39006
34839
34965
35182
35372
35068
34358
45932
34566
37878
35482
34074
34418
35788
37522
34495
38592
45784
37986
34581
34318
37720
37621
37212
35207
68435
34978
38962
35501
35022
34952
37728
37745
46401
70690
34670
34176
34810
37566
38660
35232
39067
48865
35438
34729
34604
59478
34532
34613
35780
34894
71561
34307
37744
71456
48396
38669
91943
35273
38130
140555
38945
38013
36734
96294
34201
47334
38585
35031
38241
45844
37259
38405
35633
45964
37882
38081
34295
49162
41179
47087
35503
38056
37976
34966
38635
37651
