3919058
3920082
3914956
3913180
3924671
3933066
3920616
3917972
3930418
3910471
3922136
3919806
3924158
3914129
3926169
3924837
3911701
3921588
3931605
3914604
3918804
3894670
3925588
3906495
3927381
3928609
3918011
3916056
3922104
3916384
3912188
3919580
3955059
3918495
3920576
3919683
3931366
3911583
3923446
3929265
3915245
3914149
3923816
3930839
3914794
3932414
3914111
3922626
3991288
3918465
3910394
3925074
3915787
3988984
3902076
3924002
3918065
3929974
3925366
3924670
3922860
3914629
3907657
3917131
3914096
3914439
3919509
3912582
3908373
3915802
3916679
3919178
3920474
3928670
3890084
3921260
3914199
3916275
3911036
3908926
3917796
3917303
3932968
3918931
3965108
3910625
3919849
3911190
3908687
3909739
3925536
3900874
3923448
3924725
3911808
3921324
3921677
3908052
3983110
3908752
