51483244
49497131
51082260
51435446
49635869
51005479
51530411
49487546
50961082
51329806
49585935
50858063
49613570
36990485
50153468
51120830
45271205
50140547
49805794
50925603
43765967
49335320
50856407
43869626
49510250
50596140
49396005
50854383
51351292
49523900
50959708
51375916
49608191
50830962
51640453
49544415
49930829
49820798
50973496
49366346
50878373
49350087
50743329
51220162
48853473
49026308
50876308
51428731
49383245
51067373
49296726
50827769
51121517
49595913
50900970
51709715
48843552
49015777
50721236
51394462
49597404
50890702
49326806
48622440
50379002
51218022
49613862
50746716
49355458
50869249
51489951
47931703
49658938
50873323
51265967
49714760
50881493
51482623
35425902
49076827
49355389
50773448
51539186
49443793
50765759
51509909
49507635
51053624
51428851
49365512
50963612
49196322
50951803
51328384
49746304
50983250
51627015
49408055
50870501
51435301
