456083558
1168097
967382
925820
965144
949312
997068
948120
1195931
1008357
912155
978024
942025
974429
932714
909749
912632
939393
976632
900363
994304
1017553
922417
1026696
973140
928584
924055
927420
902322
922721
1022365
923346
1000653
973832
917307
891334
979365
927721
1035300
999883
945558
953770
954181
920443
991413
995379
908297
948995
1003549
954112
931207
929784
931749
923203
906404
924074
1211374
1057037
1076443
1012669
1216374
1142980
938896
924842
976137
990630
930801
1057926
987347
914761
919096
942396
937592
991736
969987
948637
926732
904760
950008
996450
1024154
1025734
918520
986404
921071
986292
937084
911823
927440
918741
968589
1156348
1165801
940483
906579
980180
951063
1010789
924827
914198
