103608952
31354798
38595845
33884196
679001
644618
622075
647549
602160
610149
664000
591995
656286
671939
692325
593773
639140
592656
603859
602958
570362
585496
591948
560273
546417
541931
608039
570400
572556
748460
624765
554469
550122
528177
558417
531176
593574
540154
568819
575876
594229
588101
678607
595395
575885
524025
614840
570445
551030
688234
607253
545826
547009
526966
561959
535389
585898
549645
554163
602006
550663
542003
571179
563648
573971
568513
571684
538941
555639
670184
838076
704846
611508
575774
547185
550591
568177
566895
557415
606675
543805
541049
521390
551150
543426
553935
629686
585310
529027
656025
697572
600699
531462
558387
531650
549775
590592
583710
612895
664777
