6489
5774
6742
8576
8600
8874
8530
7027
6845
6982
8982
8646
6808
6932
6241
6883
6931
7026
7048
5565
7053
6914
6942
6965
5646
6609
6480
6566
6840
6990
7089
6568
7071
5726
8722
8890
8690
8770
6884
6550
6558
6714
6407
7074
7026
6902
6793
5652
6532
6482
9470
8088
6817
6146
6338
8134
6420
8414
9935
8380
8000
6029
6300
6394
11737
6530
6100
7180
7242
5980
6351
6373
6371
8326
7927
8051
8297
5991
6380
6422
8326
8210
19511
4954
6338
8304
9515
4774
6349
6134
8340
9604
8010
8285
8235
8170
8110
8250
20260
6508
