70798
74019
75313
70819
70967
71293
73793
74134
71061
69214
70618
69075
72525
146033
155519
168525
93394
71676
71028
70992
70375
70751
69206
103853
70023
101897
71505
102761
71064
72600
69832
70559
80981
70731
69426
71389
82666
72550
70118
71083
72559
115142
103458
147213
129412
133666
136230
148049
128893
133769
128991
128455
131056
161936
133459
128703
138108
138295
128112
138724
128178
132167
154690
130530
128272
127554
129672
149843
127649
149057
128120
133501
138254
133777
128313
166982
143535
132067
129686
133898
128645
127479
228102
152172
138738
132459
125325
158564
133328
126016
144005
131029
133357
126001
127120
149008
126080
133367
130134
170260
