394830
426202
359224
421914
423333
425833
369284
410635
389639
244281
235306
233412
239493
251202
234751
268288
258058
232570
262543
229016
229566
229110
325837
231464
235186
230871
235636
229634
231614
231294
235272
233842
233664
237232
248960
234527
224241
221166
223509
205433
208028
229950
210346
219158
212829
209085
211691
200588
192169
194542
191613
245898
221961
186501
189543
187226
185047
187676
186529
188499
193794
183549
187281
184801
192393
185383
186714
182912
192609
186002
192483
187597
183326
178112
193181
195389
181599
186734
182575
184234
187676
183741
188116
187666
194591
194003
180808
181275
183548
186255
185791
184194
194564
183097
179446
177453
183642
184853
182173
194320
189518
182741
177866
182532
180847
183413
180755
193969
180772
181961
184937
174535
177754
180962
182304
179173
198989
181224
