206593
206308
127685
115083
138946
125934
177291
122395
129232
116670
143858
136318
135837
120312
141295
137723
173680
169698
138645
169599
126188
143553
141597
176399
141766
79092
92412
96247
92201
92767
125045
81158
95317
92820
79442
87635
92659
109961
78553
80997
97559
85493
79444
79492
95326
92395
78367
75184
94224
77442
79308
78795
126148
94465
83276
79272
81491
96619
81589
84294
81373
129210
96314
78954
77254
78526
93629
77494
76596
78850
76228
132991
97331
96635
81210
130888
99020
98351
83027
66304
78977
77353
79593
76455
83890
77537
96475
77330
79332
81210
129171
98665
81424
81473
81845
98614
64540
80171
77108
79340
77211
78518
79137
81530
94309
66513
66345
97233
99134
80965
64900
79573
129296
98548
77305
81554
94350
77227
79858
