255343
283998
263684
252288
261675
260439
240822
251148
253489
164679
151849
159811
150098
153608
161360
228309
248790
156808
249114
155866
153721
154300
238515
150510
151255
149745
157580
155860
175360
153508
151036
152650
153030
152617
164783
152883
151299
151707
153069
170544
159888
154161
153932
152861
150751
156819
150803
137263
137790
134159
131570
131428
130729
138619
131972
140446
133174
133761
132534
129386
126587
131155
131733
130792
131313
130912
132399
135692
133629
133097
155037
132874
133140
133001
130967
132158
133880
133812
129298
138241
131968
133258
134349
131508
133686
133810
131978
136220
133847
136717
123641
133832
133104
132583
131650
130189
133653
133351
132862
134068
131683
135121
135040
128733
131191
132809
131752
131353
132861
135950
133210
124728
133463
129406
133854
135492
131012
134426
