134477385
48235
73110
62768
44019
35434
42112
38539
42318
39831
42559
38673
46148
40120
45246
39789
42309
39746
41090
56054
37502
38432
42711
42514
43010
44687
40257
46970
38443
41294
42340
42595
37742
36645
44710
40570
38870
38953
41890
38523
40554
35327
39218
38545
42308
39661
41792
39257
44226
60406
37894
38857
37984
38725
36406
37794
39224
36573
41306
41565
35931
37724
37174
39112
41695
37689
50144
33594
36383
38995
39024
37602
43127
352281
48126
40257
44808
41387
42247
41886
40100
45898
38697
42803
43518
44404
40485
39327
40715
70144
46298
39920
53481
58678
42026
98540
42954
38430
45952
50369
99435
115882
42500
37772
42544
44978
42828
41264
35865
43527
