493564
514653
500012
509008
508675
7004589
495243
527932
520404
449128
396421
426911
427345
395553
494341
421601
398016
437179
403206
433951
394965
436515
482219
428609
411129
395134
322849
310635
467767
372543
373782
306689
526877
401560
457389
543612
319840
274907
283635
306002
289622
253936
339276
273429
270727
292716
272002
268966
260768
324245
290528
269666
286771
260871
373162
289258
271586
338793
500841
267514
456525
509044
276133
274431
290380
269202
357120
274861
270745
265416
290313
369988
388530
488851
366454
524025
487223
339386
373793
419553
414594
429103
363406
366154
307429
294614
315536
290850
309525
372984
286974
313632
323414
356266
421175
576845
471593
376050
584573
390247
620950
388119
363245
387685
353792
290872
513196
344928
514972
348168
