745193
924089
887193
933996
922464
857646
920981
926138
890192
633067
637765
682665
637811
731905
879532
661113
659579
774962
643936
675376
690323
724818
702929
673678
669148
634989
498412
513332
792202
482824
499521
520647
776053
632134
784576
749163
440971
415553
425172
415703
385712
402830
544117
399615
414199
432352
417845
412105
530478
583903
417614
420480
401665
433580
468608
386085
445631
547737
744508
533016
808663
758130
398085
419767
413779
418299
495191
434937
392169
398306
412123
483907
479981
672793
548298
737540
762758
497932
577821
613678
564030
782062
571917
566220
482530
473868
483392
448763
479021
576292
544557
479021
515330
579093
596059
859234
620024
513658
883569
662990
821478
498988
558940
631168
533945
417366
815920
683078
912519
584528
