50175
39320
39571
37936
34532
38850
42457
41514
47703
38902
41014
40250
38699
50797
37180
39207
40596
39535
36178
40811
36684
39618
35220
39228
36277
39460
39007
34975
43714
49719
39650
41930
39024
35713
48698
34901
35062
38210
37021
38361
34752
35354
33397
37261
36264
35935
41403
35303
35800
70055
45139
39770
40011
35092
40997
34503
37895
34703
37556
38385
39590
37060
37127
48305
37670
35011
73213
33310
36309
34251
37114
41432
36138
42875
35224
35903
37439
37210
35409
39170
71837
41071
38128
36754
36166
40110
37754
33417
35270
90728
37703
51490
41564
46936
40505
173219
39139
41386
106129
88297
106324
72094
40872
86130
36764
39074
40834
40364
42824
38497
