238515
211103
141345
145688
147737
147955
129830
168255
127805
157401
162272
158616
103766
138310
147038
173379
182062
150230
181502
108363
147819
140937
189329
151427
105261
111878
102994
108593
109198
99461
106706
96599
108190
106013
110806
109289
106301
107053
90795
90177
108983
90454
96635
100082
97503
97472
91938
112674
79287
94717
80128
124056
92444
79406
96853
79705
91902
94829
91908
78118
129194
90328
79853
84849
95114
88534
94111
79226
94533
80239
136315
110471
91715
79550
126508
111624
90288
72523
77876
77474
95355
92839
95404
76641
80313
91911
94194
97637
97708
128884
91966
92271
79974
77639
89013
80384
93129
82161
94454
96766
94981
93086
91665
89873
92357
92435
91894
94294
94545
94871
95449
134039
90006
97086
92327
90091
94522
99351
