49686
38435
44807
38120
47248
40040
43525
39660
46467
38055
46304
34919
44964
36458
39421
49837
57189
41599
46282
39192
36149
41572
35518
38770
48124
49381
38311
46081
43446
41521
35303
39517
39599
35075
40955
48504
42035
38129
37836
40532
43408
45641
38047
36753
37810
37411
32872
45259
44749
73606
45986
46429
40586
45179
43215
44763
42971
40093
39011
50017
38991
40451
102204
44808
34859
38994
70031
39025
34179
39623
35775
47544
38457
35613
38205
116823
44214
35137
38481
36244
74613
42114
38854
38449
52139
40680
40723
48047
41003
70266
37528
61576
39383
40726
48431
176927
146219
35888
106973
105064
130226
110514
40215
83241
41072
45323
42806
44064
35972
44406
