219346
255840
248141
221417
237896
238774
291586
288397
288139
285246
215406
218718
224525
221290
248530
223490
218900
227507
217559
219004
226678
213591
249679
214789
219038
222384
175394
147503
248061
181486
146552
148802
248660
230938
232126
246076
154888
146236
161481
161896
149113
174102
177432
151169
146596
145979
159982
149220
187996
214548
146147
150707
180120
147878
179063
151404
149772
147676
242493
199582
246615
248432
156441
162788
147371
183619
198090
148506
144012
146355
154159
180682
3279054
232851
164578
169147
228477
160618
189982
170532
190083
206389
209326
161784
163245
175399
163360
170857
156537
174319
211311
165940
192743
192327
173053
301032
214393
180996
279078
183818
281467
182772
146047
180330
178775
148852
193563
192558
296699
189846
