145299
192908
190502
180756
199639
191482
192871
180551
187047
172747
120167
112208
124143
117494
202067
110904
118766
109862
105695
113867
112927
114303
203760
123510
127807
138023
119322
99153
199442
162014
163248
112451
184557
161096
189341
190320
115996
109590
97785
101267
98321
99694
132366
99484
98672
94248
101616
100847
99649
94732
93720
101433
97961
98170
121692
108996
98925
108049
188640
149026
191477
192156
163049
98466
97871
102514
100481
94237
100446
99052
99266
172365
96295
191083
107074
195182
183959
100336
101399
109768
96748
102346
184052
102463
101673
102572
101267
99789
99585
103834
108771
102680
119730
103580
107066
225386
167930
160172
223412
153510
226085
108515
98449
98881
160778
94091
150544
156103
204653
159063
