1842833
1747744
1782202
1697526
1814612
1540888
1778897
1720397
1775421
1342721
1161351
1214851
1159408
1298328
1761936
1284166
1136709
1765123
1320965
1213237
1146161
1429077
1240823
1280183
1188719
1150916
912942
1039870
1366690
897871
925180
1041024
1346069
1041917
1338165
1040733
833633
735602
796385
745908
751346
743918
947613
828503
740023
759626
750561
752774
932432
853558
789165
747884
751519
777770
980300
801361
774087
894887
1329782
919875
1437970
1112271
753905
789060
769514
803894
771012
828376
1092416
1018663
755657
1091494
1046282
1535850
981308
1485434
966340
861507
1128530
1036634
863958
1432741
1098026
1074898
849603
872957
833430
847043
862435
840426
1058396
861661
849203
1158717
1019260
1219498
1051582
1215806
1523705
1560249
1417751
1113931
1026628
1098543
984554
1044582
1582538
1122946
1401666
1054443
