190617
184080
178184
184983
186444
183570
157350
182746
173017
116042
116977
122133
114953
120395
114231
205694
201121
110972
202029
124700
112663
115673
202624
112763
115799
126524
114981
109134
107420
116161
111267
120266
110259
109457
122383
111181
118771
116402
119421
118598
113324
115943
115381
110820
114082
114068
118800
105934
110672
109641
110842
112459
111166
109110
94588
94320
95439
93993
95761
98169
157096
95095
93404
105170
97033
94761
93961
92540
91925
93622
159756
108574
93398
91510
170109
106724
96030
94750
108733
93633
95027
97963
91936
91648
94282
92428
92002
91050
106008
160459
99230
95648
91845
93417
93738
93605
93668
93157
95461
91710
92436
94537
93526
96916
94046
95845
91442
92803
94546
95443
93425
155074
95727
93925
93323
95835
95699
106704
