43086
45624
39598
43846
37613
39807
41885
53613
51390
57520
44385
41443
37355
39406
158358
37178
37498
41912
42046
41049
38398
35983
38490
42227
50550
45317
36529
42334
39165
41843
40511
35222
42521
110718
38690
42694
38441
42087
35451
35800
35144
34496
38616
38967
35095
37985
39223
34033
36067
70351
36394
41535
38472
35327
35851
35387
37461
37511
38713
39922
36736
42108
45045
37056
41674
40833
88395
39661
38870
37282
41103
41451
37787
40987
42065
38831
37834
44118
41689
35670
108991
42174
41250
40481
50667
43666
42169
41435
35701
69355
35532
39435
37966
44911
38353
111047
145219
37331
105888
45180
176529
69814
42717
70846
38806
42729
36277
40085
44697
40674
