204620
223124
119400
128615
133272
137280
170279
119450
124434
140444
144520
79263
142378
125420
142784
129321
176335
177533
144848
174002
124053
135832
138709
171150
144302
75894
104017
72646
83581
87510
112699
80419
86220
75539
81581
88905
72686
112985
74179
82329
76887
75383
75074
73581
81504
94866
98751
72325
103289
79534
74335
69453
138725
101635
64494
78374
75711
93283
68498
76043
78542
130448
91186
73277
71374
70858
95922
80864
77738
80934
66953
128417
93880
92757
76153
125260
86815
90786
75959
79424
78087
64720
75813
79662
76488
73468
86522
76652
71135
71158
133236
91390
75861
98346
76373
98761
73885
71898
63468
73924
77050
74409
69681
73931
93355
79350
68495
95637
73567
71370
74128
72128
124743
84499
66886
66747
97041
98141
69092
