690534
750642
663877
782344
752086
739677
693611
763481
685851
450836
458782
432259
434032
508223
464502
543454
549451
420254
520589
415837
443979
413229
453195
459804
421621
428436
446607
413067
420955
416641
456530
420369
423368
421503
416002
421367
381656
379718
400171
404478
371261
395214
372562
380700
401495
383521
374209
357618
342788
345108
360317
379919
316457
335749
327256
320624
353120
336715
320604
308010
346124
300622
344793
327467
329153
300638
318468
312147
328698
326137
384290
303519
300692
311707
378684
327348
394372
334644
312131
308800
312382
310106
312609
336294
359354
336155
315666
313013
312588
415351
349187
330172
358336
327784
335608
321017
320950
322195
336283
360195
346330
314450
305211
334360
308397
343992
325752
356338
324721
325360
317217
401627
332908
310120
314246
308422
390714
302447
