105204
49710
49372
51530
48126
53945
49446
49294
50993
47298
44709
48288
47291
48188
51565
47871
47192
48749
47867
46791
47717
48090
53613
47001
45789
47416
45793
46318
48955
48312
49160
47336
46196
101495
45190
45891
47985
46079
47701
45097
52032
45712
44875
49058
48550
44778
44619
45613
47616
100965
47818
47648
47815
42782
45633
45864
45805
44515
44298
44849
44883
47821
44945
47561
43919
46574
98697
46224
44479
44702
44220
47692
45846
49476
47929
45379
46748
48010
51952
68042
48310
49173
47509
46529
48020
46096
52388
46378
43262
79259
44067
47312
46460
52956
47643
132313
81779
50877
114880
99032
147796
99172
44541
102003
45763
46761
46953
47350
47426
44815
