3942
3666
3648
3694
3674
3626
3668
3684
3658
3620
3638
3674
3708
3674
3676
3668
3650
3648
3652
3648
3670
3640
3634
3654
3638
3644
3676
3668
3664
3696
3670
3648
3670
3650
3668
3660
3658
3646
3670
3640
3664
3630
3680
3642
3652
3666
3802
3648
3652
3674
3682
3678
3688
3636
3634
3664
3666
3650
3660
3640
3666
3658
3964
3768
3678
3676
3694
3668
3688
3660
3640
3638
3664
3676
3662
3660
3632
3672
3856
3688
3720
5106
3658
3654
3706
3650
3658
3656
3664
3626
3670
3672
3662
3658
3662
3704
3692
3660
3650
3656
