1325.1475
1329.857
1327.4275
1324.393
1331.701
1328.486
1325.2705
1325.402
1325.8485
1323.7835
1325.4465
1326.5395
1325.314
1326.1995
1326.9585
1325.674
1323.703
1323.9945
1324.773
1325.9385
1323.872
1324.265
1324.669
1323.3585
1325.7685
1324.167
1323.138
1323.6505
1327.8685
1323.4825
1324.958
1324.0845
1322.094
1325.5565
1324.59
1325.3055
1325.9045
1325.089
1322.918
1324.83
1324.555
1323.6035
1331.406
1331.7635
1330.504
1329.28
1330.117
1329.967
1330.243
1329.749
1328.5175
1329.3755
1334.076
1331.568
1330.974
1330.4725
1328.183
1328.9735
1328.0945
1328.3525
1331.1325
1329.3255
1326.9235
1329.3945
1329.7415
1329.1955
1330.0035
1329.2805
1327.268
1331.37
1328.501
1329.026
1329.8765
1332.119
1328.776
1329.821
1329.513
1326.9815
1327.214
1325.524
1324.9615
1323.0875
1325.292
1321.3715
1322.182
1323.9685
1323.846
1323.134
1320.994
1321.736
1324.1405
1325.4445
1322.009
1327.4025
1327.6055
1328.7535
1331.2525
1330.7675
1329.641
1330.7775
