2038272621
1837627273
1834441997
1866948121
1834439556
1808262361
1779558563
1801575282
1781130228
1781688813
1816227210
1739279250
1731637833
1777474562
1807451513
1732813155
1772523199
1748181474
1748828076
1795922310
1764653081
1773977068
1760298350
1769193132
1769870498
1763797246
1744718124
1731261508
1735630308
1720750231
1710929711
1759228934
1796922403
1753203792
1762861284
1782411451
1774000862
1759231386
1806503400
1789296171
1772966290
1747097692
1734427784
1777833198
1785782822
1723332991
1792300143
1779377612
1728492764
1755517039
1729202624
1750066588
1739735245
1739572313
1715340327
1754030337
1790084400
1726691226
1740247666
1734140903
1718470199
1738256245
1720552868
1743249607
1775045974
1773203840
1733380923
1721275399
1721661993
1767630583
1773862530
1740089503
1791189444
1749062728
1764632047
1752627193
1750013346
1771716516
1736684686
1765912580
1731932920
1761242671
1778592441
1763233990
1765934589
1760081093
1743279898
1760724332
1746794496
1789958926
1765746560
1758310805
1722421866
1726129581
1743065033
1746591746
1726266472
1727968023
1741961934
1769931810
