1874353102
1679339132
1602620192
1621321695
1636626442
1658074462
1630816440
1606704296
1621462724
1622659825
1590816445
1608515340
1575578814
1634670613
1626208137
1640171527
1643918146
1610114836
1578356140
1580160991
1620213140
1580881131
1615991219
1623137936
1593817067
1607703706
1605513766
1609981206
1590657886
1600468388
1576126748
1602006928
1628477358
1571631852
1573125920
1592802271
1622300941
1626161817
1608868966
1606355483
1646001911
1588368007
1616674282
1652201137
1624655237
1611868347
1635310528
1634238441
1588312961
1663835199
1589222853
1609513185
1618178205
1634554645
1610436005
1614635174
1625804688
1601761137
1649496010
1604703415
1589630022
1639814642
1644765884
1599568693
1598126883
1617939900
1594804531
1635914646
1603417217
1616351345
1651562981
1631094443
1583041353
1625276886
1599861102
1578368719
1604651363
1591184512
1606734144
1652217135
1610353899
1643887827
1656505723
1609250827
1658264961
1618277989
1598741342
1606746079
1587168845
1589446583
1613409073
1625878094
1618240316
1638906407
1626394483
1607957424
1623122820
1640998573
1594448499
1602967800
