1582017761955180868
1582017763991791584
1582017765902598883
1582017767850342046
1582017769755204220
1582017771804964523
12201735439
12434356400
12476354624
12353052313
12500193344
12572618836
12456757868
12453146465
12432540843
12306811374
12607183213
12523932324
12453184991
12580708256
12607945114
12629087672
12556175709
12311624203
12275093787
12372875633
12025055713
12309226023
12161625135
12238768099
12185248069
12398045547
12400157534
12526272849
12161939351
12269379616
12601154615
12539029509
12469866396
12446190810
12539853532
12319078387
12163843471
12277888058
12663661303
12735303142
12341601943
12594196799
12620396130
12806451953
12741812195
12769304134
12390557132
12678995329
12579027418
12577914844
12711226208
12704436902
12736273157
12477985965
12542937710
12293071441
12568938187
12231437096
12585149964
12662457982
12751958379
12729344646
12396419299
12155409815
12154408826
12312940447
12251296695
12294316735
12289106655
12361391568
12347497576
12335936607
12123659857
12264656945
12393298827
12445493181
12691073282
12813902513
12779510113
12691823690
12644915574
12634592122
12553926945
12531264956
12554210250
12570021023
12689966246
12719449247
12544184319
12497246788
12422773037
12381108001
12459907462
12387709640
