3076598394
2247257459
2200626774
2193889212
2168017825
2141745598
2150512023
2159740928
2218078312
2183699488
2145037236
2179637452
2147331564
2095172112
2125269395
2110758654
2145442124
2127679922
2159060129
2132712603
2125605081
2120740392
2089920736
2126828238
2132667055
2128991016
2156561122
2166502186
2191939488
2228118414
2148222021
2194354072
2152563936
2122211165
2168741685
2157660567
2214154219
2158205058
2160042236
2085565800
2124235220
2154308219
2173417928
2189951545
2164060141
2173850059
2165053419
2171336546
2173018144
2223664990
2196393589
2182578323
2119405482
2142842891
2131200327
2092908733
2147704152
2128232132
2119178577
2102502788
2173763109
2172137104
2113956569
2108487914
2100448466
2092419981
2108599625
2085925824
2133588405
2139860857
2160519888
2122801691
2147424025
2135798932
2107244815
2080052929
2111703209
2095715375
2121527561
2144116042
2131911789
2144867949
2133669907
2127733831
2183244725
2142322653
2131957236
2134790258
2141306639
2178975244
2177213501
2197444679
2152054814
2168020396
2233726942
2177829295
2171587237
2184914476
2166049205
2145260153
2682484456
3023461975
2194404702
2213085593
2233778442
2236813368
2328194014
2154017993
2238258050
2320644394
2196139183
2099530394
2427242497
2334866342
2147604842
2231248944
2404558022
2047734321
2398935478
2038275994
2224347407
2191146986
2230509347
2503265227
2300017387
2141073865
2183366297
2200511699
2278931927
2019006432
2006735500
2158335611
2393006857
2274115669
2291079663
2137928182
2282847654
2095147583
2263688508
2033346641
2113192821
2172582782
2322405455
2221850260
2163857376
2392118503
2221602054
2190085230
2194069233
2197146903
2382559426
2219975834
2212894142
2165579444
2165422726
2248828288
2169847198
2451729158
2408693726
2047428116
2196518394
2058220291
2095515931
2180415332
2191687162
2121356272
2129724431
2380639442
2154514542
2156418274
2271440874
2090420052
2200439326
2240606763
2224630220
2160240121
2203139984
2214905070
2044198118
2221777362
2482949596
2276431967
2403123694
2242484969
2200776742
2189970459
2146570110
2167774797
2188798160
2226854386
2191061606
2150647817
2229737463
2230200253
2210418093
2419868981
2189876904
2164382921
2221918404
2178443181
