1582017963345961780
1582017965422551172
1582017967481397875
1582017969544890629
1582017971626107412
1582017973699919105
12872032300
12784186242
12781357173
12818532072
12983572293
12975900066
12931988045
12982231894
13071306411
12969013503
12960498497
12988533320
12604582418
12602963905
12869199884
12771183796
12781012122
12716583551
12470308580
12557642938
12517408206
12795823610
12922052344
12896660726
12978604082
12776674463
13002003708
12973033138
13025687953
12947462378
12991221830
12993717380
12912329335
12825561466
13016795425
12941658152
13165046495
12922622724
13186856179
13168108238
13177377075
13176423793
13138020182
12975309729
13152489779
13124601935
13135203379
12969183465
13092249486
13033033858
13222279635
13330879036
13385355888
13309939878
13274587617
13167077806
13337457113
13286757452
13255659437
13257114163
13149767224
13166721244
13136126402
12977894705
13016363755
12979216621
13124224772
13158336204
13135861340
13207452794
13118419727
13029212006
12974659849
13165946830
14999224408
16386247463
17847104122
19461758250
20656449626
22219118375
21672784561
20992184335
21364585625
21826522297
1582018433877904269
1582018435906510859
1582018437959754613
1582018440027658912
1582018442099647444
1582018444152015678
12861757044
12647882422
12773018883
12709764335
12762648414
12882027903
12734244441
12664116262
12676916193
12721101713
12754151135
12602563697
12464992359
12435663628
12624154954
12565275563
12669463459
12715197665
12803899043
12598555524
12759852172
12577207312
12687464063
12666690330
12798810528
12628123800
12833448407
12933474345
12731724328
12679826223
12715213458
12586839421
12658565754
12697943140
12783830146
12807710620
12685056313
12743655581
12778867736
12700380863
12950213795
12916859929
12880801321
12871342640
13056237748
13005949545
12972163145
13024542718
13027392076
13056709199
13104020036
13131084412
13100861703
13083692062
13177910394
13135482019
12648698764
12847785781
12769318094
12563201518
12840111624
12670769256
12509295797
12870988928
12916864810
12501625101
12904891781
12584488502
12725537639
12564460025
12613774706
12847001853
12831566533
13176814017
15546580414
16912598198
18876580113
20420861082
22122652657
23203467646
22566590280
21962354183
22134890386
21963668976
