1654023667
1532643231
1580664685
1615243057
1566764638
1595360430
1567456934
1579528044
1525853251
1568221137
1557268263
1571654913
1544162714
1603633755
1559891712
1567777101
1581495486
1586035194
1577704943
1593182555
1597254438
1562528283
1583026967
1599171790
1582876574
1586603141
1497581817
1583884693
1541824473
1538400943
1605689454
1548545382
1587243783
1577650429
1576370503
1573983699
1540560205
1579708628
1623151682
1568666303
1613097760
1609499816
1546434368
1595901458
1553615444
1538112096
1584922474
1579477149
1574519701
1506982709
1598595167
1549944095
1581453905
1621531774
1622920272
1535311368
1585395304
1581726036
1562626637
1624076783
1597867028
1623293809
1559899545
1552378947
1583739708
1617164947
1508256636
1582065663
1572835282
1540281004
1608927574
1549331347
1560696822
1538957956
1552641024
1579303327
1545317101
1541752049
1598561233
1543556070
1542519072
1576769672
1566192636
1591509737
1605210384
1579383869
1578172388
1563052729
1606773859
1579983050
1570110971
1588111972
1610051630
1574505504
1580428793
1554542764
1565540401
1555500299
1538915811
1557205021
1658901826
1541700252
1545301313
1505489560
1486857030
1527952485
1495427643
1507677840
1554566240
1520868557
1590829125
1512901809
1486739141
1554129407
1545515988
1483220579
1549175693
1512327620
1450909785
1495956112
1552902937
1535975828
1495973893
1527534468
1503527210
1552286652
1533207413
1475008462
1548546213
1565170840
1478263600
1472139869
1561156365
1482736689
1495830023
1561036407
1501916302
1518038520
1506429374
1520987570
1549140255
1539868344
1515042354
1517215704
1512856926
1479533123
1497197587
1513351334
1552080543
1483736291
1511480066
1530320021
1478107042
1527382867
1491405339
1469721488
1510433229
1496872737
1526002185
1487910898
1522277540
1512754220
1528152816
1457553831
1459461246
1491999520
1492754594
1539582742
1559775119
1453034949
1521006151
1469853503
1532320046
1588945694
1497101184
1472536389
1526265341
1485071835
1512484175
1532091014
1536286157
1492069261
1515268108
1496620302
1545272138
1487905860
1551038620
1499369762
1497075650
1494048487
1510524087
1443884762
1552818311
1517927094
1522080420
1506682293
1477560969
1512018196
1526663833
1500310415
