1582018168868781133
1582018170934206156
1582018173021762501
1582018175099228449
1582018177182804012
1582018179263940957
1582018181321990403
1582018183401738167
1582018185483241410
1582018187559582835
1582018189647343845
1582018191739512019
1582018193821640203
27249001944
27232652693
27265582500
27258438874
27334649143
27237964394
27462384352
27473578392
27337287854
27318674254
27365450921
1582018273641007417
1582018275704157268
1582018277797785004
1582018279891067681
1582018282012094615
1582018284074780621
1582018286169005373
1582018288260551694
1582018290350404707
1582018292436397987
1582018294526559972
1582018296597429105
1582018298682463615
27483617737
27364091771
27625852869
27328796154
27477212049
27316338450
27345616483
27334529694
27367402579
27325007794
27568496650
27552624860
27562811606
27764770081
27513222495
27832402355
27583736925
27729647271
27694064512
27729694110
27836849256
28035973509
27789355587
27973470633
28127549533
28053560591
28616057380
33793148957
38451255277
43161722412
47549145439
51498292677
