1582017561321640879
1582017563361582923
1582017565355872454
1582017567081074812
1582017569027870690
1582017570941681491
11850814788
11867549215
11748553023
12027791787
12226144199
12367407892
12390646532
12176694145
12541733165
12491371417
12450709033
12167046961
12493534670
12272970686
12138954466
12201562221
12047980061
12352350246
12497803582
12356955340
12239258881
12339544146
12469547406
12233046752
12233875137
12243975854
12437429900
12671784147
12143329277
12535208895
12629918763
12544099609
12428094338
12664075987
12761786172
12763468008
12739221190
12779480828
12772662608
12728763523
12602558842
12582432252
12688463813
12576586821
12520710126
12498850462
12583870947
12567739232
12574165393
12361114214
12452568811
12398410388
12554526788
12455000779
12536331161
12542746922
12676542817
12674457854
12680734509
12488169375
12610926221
12590177795
12729597435
12619783044
12668446674
12540343978
12690957432
12393403762
12294199829
12213492765
12119293592
12157722682
12217216108
12131392812
12420316506
12302381968
12548150490
12678066813
12416492909
12524716480
12274331883
12380178132
12270012086
12189106538
12216583121
12570398228
12606056751
12569016729
12554229345
12709064633
12531278821
12550519017
12521954506
12389746056
