1549959994
1420104985
1439105639
1367391340
1376336590
1460421651
1446518576
1363893954
1409029426
1465227887
1349805670
1387230225
1457784594
1479222317
1393136050
1411235908
1435653186
1407941510
1358111282
1373044194
1409172837
1391448325
1443959758
1423367356
1394389325
1408638938
1368946580
1382193945
1359676340
1385895539
1451564372
1456636805
1401692608
1437206854
1388440231
1472273031
1434152289
1429241838
1419817543
1427714255
1397379775
1381016516
1429657079
1439792816
1369119962
1470046902
1373349591
1474273344
1409049429
1392431421
1404660482
1386571920
1417631482
1457863034
1433752563
1461873376
1354373165
1375045132
1410361912
1417414962
1432913763
1470894397
1482722841
1416740626
1431116748
1352773394
1323978909
1370971473
1413774798
1433886792
1400353247
1404516633
1391454234
1467539560
1372506550
1369439133
1406096148
1365064735
1371464411
1381587589
1387563011
1389048053
1395427680
1293670256
1408002188
1349613703
1435356825
1440159835
1386534995
1401713588
1405919931
1406716278
1365535394
1415570129
1436283445
1355210116
1424937333
1419587290
1343645500
1391088210
