1907462
1926619
1905544
1967399
1939361
1906615
1906392
1922440
1906221
1924915
1905138
1916992
1905782
1917471
1911388
1911630
1905923
1905461
1930604
2005757
1907034
1916115
1913894
1926828
1928100
1913438
1905916
1905292
1913990
1906065
1915288
1905711
1905134
1905382
1905290
1905413
1930178
1913700
1906060
1905640
1923127
1905295
1905538
1905319
1905060
1905453
1913059
1912251
1911266
1905614
1905214
1935449
1927849
1923908
1919203
1905067
1917004
1905209
1917090
1912611
1916337
1929887
1905193
1905499
1914125
1913687
1905408
1929800
1906456
1919900
1924164
1916860
1914287
1913718
1914403
1927860
1907300
1907789
1916556
1906329
1905070
1905767
1905305
1905476
1914984
1906072
1915840
1915062
1905814
1922287
1905078
1906391
1905229
1905034
1904980
1905655
1987564
1905560
1924652
1905874
1905307
1905404
1905476
1906135
1918977
1905476
1925812
1924297
1921288
1919938
1914902
1918815
1905287
1905221
1905140
1905232
1905299
1905892
1905936
1913832
1922937
1916890
1905962
1905082
1913162
1915116
1906597
1929799
1905538
1920322
1905249
1906467
1907999
1920498
1908381
1908089
1926022
1926207
1920515
1905860
1905119
1906021
1907110
1905413
1905193
1924629
1919926
1905422
1911043
1905066
1916836
1906921
1905617
1910680
1911870
1912662
1912103
1914292
1913997
1905653
1923891
1927620
1904983
1905321
1921247
1906005
1920014
1905609
1913709
1905770
1915183
1906716
1905858
1913052
1905691
1905415
1905085
1905226
1905243
1905533
1905084
1905303
1912507
1910681
1913659
1913854
1993682
1915031
1927077
1914723
1920133
1916046
1916886
1917162
1918774
1908463
1918203
1906025
1906166
1923787
1916463
1905991
1905068
1905207
1905473
1905195
1905156
1923204
1922541
1905388
1921052
1914890
1916150
1905369
1905616
1905968
1905144
1905837
1905301
1991484
1905386
1906461
1920107
1919886
1918854
1919318
1919399
1918938
1912304
1907155
1905144
1918691
1917356
1905550
1906095
1928617
1906853
1919643
1918543
1907583
1915034
1918864
1905080
1905133
1905239
1911235
1911366
1905209
1905611
1917497
1905234
1905003
1905058
1917285
1916081
1905261
1905131
1911527
1911672
1905778
1914291
1929631
1916271
1914724
1911616
1911566
1905218
1905150
1917149
1917641
1923110
1926895
1905069
1905286
1905193
1905369
1905918
1989423
1912092
1905774
1915514
1906098
1905143
1923933
1918315
1918757
1905624
1910782
1911168
1906021
1905196
1906076
1919484
1919556
1920219
1919164
1905379
1906106
1930611
1912014
1913881
1922086
1923729
1923330
1919322
1919120
1905131
1906071
1905444
1905794
1905112
1932325
1924165
1905140
1905148
1930420
1917604
1905764
1905229
1912670
1905400
1905472
1910890
1914871
1911846
1911451
1905364
1905542
1920458
1905712
1905069
1917182
1921320
1919740
1919660
2001181
1918912
1905462
1905262
1911434
1905129
1911974
1925799
1912758
1911706
1911472
1912850
1905690
1919749
1906246
1905217
1905058
1912798
1914270
1914130
1929290
1912575
1905300
1905365
1924864
1905141
1905215
1910536
1911129
1912129
1925748
1912150
1911158
1905375
1905638
1923938
1916962
1905015
1905522
1905450
1910960
1911359
1905369
1905510
1912617
1925108
1906405
1905521
1907970
1905557
1913014
1905359
1913000
1912614
1905530
1926132
1925327
1905714
1905078
1905458
1905521
1913862
1911667
1906095
1905285
1914975
1926372
1905272
1905009
1905374
1919453
1919670
1906194
1913194
1919251
1914346
1922995
1905213
1905885
1905216
1911095
1911933
1905529
1905288
1917863
1905008
1905219
1910911
1921299
1905298
1909581
1905098
1922850
1907814
2017073
1905363
1918981
1920909
1919476
1919287
1917610
1905150
1905857
1915049
1905524
1905044
1922853
1931060
1924959
1924098
1919922
1905372
1905706
1923022
1913841
1921545
1916865
1905635
1905216
1905232
1905377
1922783
1910885
1905370
1905459
1905147
1935039
1924884
1919349
1917926
1917101
1905683
1905285
1914777
1905443
1924985
1927026
1905530
1905423
1905237
1905589
1925415
1910117
1905378
1911794
1915806
1926650
1905460
1905308
1905307
1905263
1905325
1930600
1919785
1905926
1925984
1932614
1905117
1905061
1905460
1905839
1905223
1905660
1905292
1931629
1922525
1916560
1905612
1905061
1918203
1920694
1920994
1918409
1918979
1905609
1923709
1915151
1905463
1905157
1904978
1905370
1906405
1929443
1905426
1905304
1915732
1938063
1905236
1905144
1905305
1905226
1906318
1920490
1905618
1905864
1905245
1905616
1912214
1922176
1911516
1925493
1912869
1905868
1917240
1913912
1905083
1911553
1912470
1966083
1914227
1912956
1905143
1912674
1914063
1906321
1925057
1906821
1905174
1905143
1905422
1905344
1904996
1912141
1912952
1905444
1905060
1912594
1913314
1912860
1913342
1913146
1914316
1913417
1913070
1905962
1904984
1905230
1930927
1926782
1907113
1905945
1906613
1918440
1917775
1908758
1905065
1917190
1970113
1917591
1909059
1927351
1924404
1906074
1905921
1916261
1916245
1935647
1905452
1905531
1905141
1905764
1905459
1994190
1928047
1905322
1921032
1935410
1905144
1905452
1905385
1905398
1911298
1905308
1905146
1912545
1905094
1911659
1913360
1917677
1905298
1905342
1906156
1913242
1912341
1905608
1914849
1934272
1905225
1905233
1905136
1905457
1905094
1920947
1905517
1905798
1917138
1905317
1905452
1905143
1905065
1905456
1912890
1996764
1905914
1905534
1905130
1905081
1910857
1911473
1926864
1911425
1911347
1905313
1905661
1927448
1914694
1934384
1905479
1905369
1905146
1905559
1905530
1933011
1905216
1906178
1905139
1905334
1917928
1929886
1924874
1905315
1913507
1905861
1905206
1912359
1906771
1915147
1915093
1912263
1911958
1911897
1911313
1905460
1905685
1914047
1905050
1919895
1918466
2006898
1917614
1918437
1905416
1905089
1905612
1914010
1904972
1940606
1912150
1912452
1913850
1913376
1911767
1905374
1905056
1913810
1925982
1905031
1918227
1920370
1917228
1905147
1905076
1913117
1915585
1905691
1914286
1906577
1910699
1911525
1911776
1925889
1913559
1905523
1905300
1923440
1923755
1905321
1905938
1922121
1918502
1910019
1910264
1927319
1907164
1906014
1917183
1905163
1905095
1910200
1905139
1905682
1905764
1905926
1914720
1913778
1905416
1905140
1922293
1918009
1906090
1906134
1918705
1906474
1911040
1936681
1916367
1905287
1905473
1910797
1910851
1905250
1905682
1905835
1913889
1915868
1916900
1923598
1905148
1905054
1905734
1905058
1905371
1912077
1914089
1905527
1905072
1917184
1920647
1905591
1905147
1920816
1919698
1920553
1929957
1905890
1905087
1936568
1913726
1912003
1905229
1912596
1913525
1906353
1919529
1905450
1906841
1930630
1905316
1905367
1905305
1905298
1905139
1912083
1913262
1905897
1905068
1905222
1906711
1906021
1905631
1905997
1924939
1906345
1915304
1906169
1904983
1917181
1905346
1920809
1915160
1905979
1920258
1924931
1906601
1922781
1917085
1905217
1905209
1905140
1905265
1905915
1916647
1929122
1905680
1906240
1925281
1916086
1906201
1905060
1905069
1924543
1909976
1905149
1905759
1912079
1905096
1912747
1910641
1913784
1910613
1911229
1911661
1928355
1905637
1906081
1904974
1905155
1919353
1916928
1905445
1913477
1911711
1905213
1913083
1911635
1905114
1905190
1926233
1910319
1910354
1905062
1905312
1905142
1910933
1911312
1905140
1911554
1912999
1913932
1905483
1911441
1910324
1906029
1905739
1912387
1904997
1921026
1921168
1917986
1921017
1921001
1905925
1905296
1910590
1905375
1905135
1915530
1913113
1911068
1911317
1911191
1905140
1905844
1913133
1920082
1905134
1942078
1920585
1919605
1918554
1917622
1917052
1905458
1905918
1905729
1905010
1926124
1924765
1923624
1921673
1919454
1905306
1905299
1996566
1905291
1915799
1905052
1905326
1905386
1905058
1905340
1910848
1912265
1905446
1905392
1905158
1934361
1913527
1913317
1915157
1915638
1905760
1905368
1922483
1931680
1914031
1905582
1905258
1905138
1905216
1906009
1912359
1913276
1906448
1905840
1905204
1923448
1923606
1922770
1934665
1925646
1918981
1905071
1905226
1912864
1905275
1922363
1920999
1926035
1920146
1920231
1905612
1905504
1928014
1905604
1905046
1905476
1911820
1911024
1911080
1911273
1905467
1905761
1925063
1919123
1923433
1918519
1918604
1907534
1921277
1915449
1905960
1915251
1905551
1923590
1905008
1917121
1915098
1912243
1923088
1911437
1905161
1905428
1918103
1905218
2045370
2090766
1933382
1912716
1931380
1929091
1911840
1926200
1922408
1929761
1905138
1934206
1964996
1919629
1909886
1909195
1914055
1916640
1907285
1905569
1915928
1927581
1905207
1905509
1905767
1905284
1978920
1905416
1913987
1914123
1905140
1907363
1905838
1921328
1905302
1905288
1905428
1912462
1913966
1968504
1916468
1905674
1905488
1905603
1905339
1905367
1906153
1906089
1905758
1906577
1938481
1906159
1905374
1905061
1913753
1914004
1905607
1905370
1988835
1912940
1915891
1911823
1928898
1922183
1920736
1908715
1950418
1908309
1907112
1920041
1905881
1913511
1928823
1923331
1953207
1908275
1925867
1918041
1918866
1914638
1905528
1930036
1925926
1926724
1926617
1926094
1932525
1908746
1918011
1916713
1905410
1905522
1920767
1921848
1923639
1922545
1922332
1921232
1905681
1924622
1905072
1905428
1905614
1966357
1913013
1914145
1914960
1917938
1920115
1915711
1904972
1939212
1920654
1905186
1905688
1906075
2054173
2106358
2050672
2068093
1916791
1934007
1981909
2020934
1954606
1909695
1933805
1926293
1908423
1907725
1916236
1905526
1906330
1905265
1905913
1906063
1905571
1905967
1905842
1905950
1927321
1906251
1905313
1905142
1906154
1905787
1906064
1914505
1905719
1911983
1905079
1915991
1915936
1913304
1917315
1914504
1911691
1906613
1906273
1905790
1923145
1908050
1922703
1920694
1930663
1905816
1905523
1905312
1905680
1905532
1905918
2083939
2065308
2051901
1990011
1936243
1932380
1908594
1915632
1916465
1908410
1906223
1922580
1921403
1927869
1922080
1905216
1905209
1906257
1905839
1905944
1908599
1908194
2013268
1944443
1911235
1954491
1906685
1906862
1913619
1912478
1906350
1905816
1905395
1906730
1920082
1919546
1918351
1920698
1906237
1905056
1907537
1906545
1905597
1906570
1905753
1905141
2004822
1922742
2000283
1911993
1931117
1924364
1905285
1905251
1905420
1905761
1921592
1905288
2002636
1907114
1907012
1919599
1911314
1923543
1908816
1905493
1919328
1907278
1907921
1916350
1906467
1906356
1906892
1907713
1916551
1916035
1915721
1912948
1917188
1930538
1917310
1905550
1990810
1905059
1905365
1906069
1905336
1915630
1915182
1904977
1908600
1978660
1905199
1905886
1905531
1906285
1905295
1923547
2001024
2231208
2231082
2232424
2227097
2252434
2327322
2225204
2240384
2288458
2374296
1905906
1957688
1907469
1905694
1908173
1905766
1917587
1914651
1905961
1905981
1918380
1933185
1954782
1919393
1925542
1924121
1959243
1933067
1963926
1925170
1916812
1939464
1912973
1907495
1915190
1907679
1942828
1953724
1972520
1952352
1905518
2223392
2223317
2242205
2223692
2226035
2236025
2323924
2224081
2442966
2244885
2237095
2223249
2236704
2329230
2224725
2253126
2223885
2222856
2256011
1918237
2023395
1989257
1980591
2006598
1975181
2086270
1985692
1917565
1906217
1905694
1905471
1905122
1905189
1905266
1911372
1910878
1905431
1912729
1905718
1934522
2075254
2064661
2049715
2101576
2041648
2092218
2027331
1906250
2052277
2222998
2222746
2227000
2249913
2318089
2222672
1907113
1921112
1920335
1905937
1905677
1910578
1937103
1926021
1932431
1907649
1994718
1916222
1919194
1906384
1905535
1910599
1932447
1920530
1943207
2009050
1939506
1909565
1915751
1918995
1905884
1932762
1924309
1906483
1916937
1917424
1973352
2028958
1905468
1905625
1905210
1907451
1912588
1913522
1905775
1905112
1905600
1905212
1921365
1905617
2242498
2229362
2222670
2245081
2236998
2224216
2223477
2242928
2230305
2284083
1922281
1913681
1910590
1905225
1905316
1912305
1905353
1922547
1905449
1985614
1905323
1906103
1905104
1905576
1905541
1925602
1921325
1905112
1905229
1911050
1905259
1905564
1922960
1926559
1925120
1921525
1905731
1905181
1910911
1905429
1930453
1916799
1916021
1913073
1922684
1911583
1910563
1905244
1905367
1912199
1917118
1926362
1925191
1905981
1906451
1915771
1919377
1905339
1905114
1911496
1905791
1905600
1906297
1931685
1905500
1926369
1906451
1905909
1917452
1905966
1905647
1905308
1905451
1925776
1924516
1905228
1918135
1905731
1917754
1905608
1914407
1914804
1906077
1906759
1929374
1909390
1916574
1907783
1905703
1915551
1905163
1905470
1905841
1922123
1913196
1912569
1914780
1912277
1913567
1913146
1905055
1905440
1905406
1932142
1923035
1926664
1920435
1920914
1921788
1923340
1913978
1908550
1908486
1905625
1909631
1928994
1922717
1911399
1909740
1906142
1905153
1905273
1905152
1905149
1913524
1918162
1905328
1919058
1918213
1905139
2223486
2222888
2229317
2224124
2234812
2246559
2223658
2222781
2232464
2299446
1915911
1917668
1913581
1912435
1914273
1909999
1905192
1918811
1918177
1905307
1905437
1905356
1905441
1905134
1905433
1918630
1919071
1905293
1913073
1905769
1905211
1920444
1922545
1919686
1919368
1905384
1907151
1907043
1990930
1908558
1923217
1919097
1914053
1925113
1914881
1911921
1911550
1906038
1905157
1925196
1905302
1924621
1918306
1909351
1949926
1906826
1937305
2033625
1907021
1917645
1915517
1919758
1914440
1905948
1917453
1979957
1919784
1906200
1906509
1930964
1917355
1979902
1959940
1966313
1921323
1917471
1908261
1906314
1906372
1920630
1905856
1925680
1917632
1931165
1927723
1998683
1929301
2071681
2022501
2041834
1917220
1929024
1923075
1918020
1935867
1923487
1919310
1905682
1905902
1915410
1916988
1906115
1905192
1905186
1905128
1905182
1905190
1905708
1926003
1905344
1905496
1905691
1915599
1913662
1986855
1913541
1911588
1913123
1914153
1914229
1917803
1905211
1909820
1910454
1905834
1905914
1905757
1905304
1906585
1905919
1905040
1905285
1915167
1905383
1905266
1905075
1905293
1905280
1923960
1905677
1916853
1922765
1923392
1905364
1905496
1913256
1912432
1918203
1920697
1912172
1905673
2003850
2034794
1950662
1992065
1943720
1910401
1932454
1931020
1960360
1915888
1919837
1919485
1915635
1922056
1908837
1905944
1943589
1926517
1907546
1908113
1972889
1938767
1906854
1908164
1911660
1922442
1914853
1931363
1935655
1918163
1925841
1925588
1925254
1926872
1924201
1905927
1918809
1919948
1924692
1905053
1905564
1906110
1905490
1905968
1908201
1960997
1907457
1919956
1927741
1913330
1927258
1971254
1905545
1905572
1905107
1905680
1905420
1905496
1920437
1905069
1905776
1908863
1911945
1913549
1913623
1913367
1912992
1905797
1915068
1917669
1919219
1905255
1916493
1921558
1905432
1905438
1905256
1906650
1906187
1904994
1905878
1904977
1910631
1913890
1905301
1905661
1905261
1921576
1921596
1905995
2013232
2015524
2001729
2018822
2002847
2119833
2131498
2070884
2033261
1918155
1931149
1915393
1974097
1908674
1911063
1910228
1922784
1908584
1921246
1918728
1922769
1919002
1916908
1915693
1917286
1906093
1905367
1911453
1914259
1916405
1925785
1921990
1921376
1916714
1905116
1905460
1905299
1913542
1921954
1905898
1905277
1918905
1920034
1916225
1905448
1905150
1910958
1910826
1905895
1920507
1915158
1905660
1927196
1905808
1905882
1919990
1906031
1920097
1906402
1925487
1915283
1928482
1914867
1905948
1905422
1912283
1909576
1905146
1905429
1905791
1914954
1915317
1913841
1913565
1911225
1905517
1905433
1976033
1905457
1909536
1905288
1905395
1905679
1955419
1906088
1918309
1906049
1905523
1922693
1905257
1905652
1905279
1905798
1905192
1905111
1905208
1905196
1905239
1916013
1910521
1905415
1905184
1920654
1907189
1924640
1907248
1908925
1916157
1905959
1908764
1905574
1917791
1917621
1910415
1924383
1905748
1906324
1973075
1905161
1924623
1916764
1905226
1909669
1927356
1906658
1925996
1909568
1906703
1905744
1928841
1922736
1905346
1906123
1916607
1905134
1968192
1905872
1916152
1916054
1905564
1916705
1917402
1905698
1907695
1908918
1924431
1919924
1907294
1915796
1927052
1926628
1905385
1905727
1919665
1910064
1927259
1906972
1923557
1908484
1912178
1924280
1905581
1905153
1915240
1905275
1906288
1949893
1913659
1911620
1908185
1905114
1915641
1906801
1924549
1905835
1918873
1916070
1905616
1926371
1905502
1905399
1940169
1906781
1942139
1925872
1906220
1918147
1905607
1916180
1922319
1916588
1905528
1926812
1905520
1931550
1905833
1905543
1916936
1905997
1916690
1927237
1905854
1919639
1907448
1919726
1907538
1926569
1906815
1917475
1918863
1916702
1905842
1936479
1905660
1920581
1905760
1905531
1916462
1905711
