1918862
1922391
2084543
1934617
1924623
1913052
1949785
1908105
1907491
1925273
1922736
1910396
1905296
1905238
1916138
1905214
1923093
1905295
1905295
1918377
1926347
1920606
1905271
1953567
1912670
1905560
1918553
1905261
1905325
1911341
1736916
1496308
1920717
1912786
1905313
1914690
1508732
1488337
1489384
1497831
1925069
1913504
1925880
1953112
1905235
1905551
1912376
1952818
1905038
1907250
1905430
1913167
1905091
1964407
1905191
1905097
1909193
1905542
1905236
1956372
1907121
2223011
2223945
2241383
2222864
2222981
2231223
2222828
2248945
2568446
1907566
1905263
1912150
1905446
1905069
1910884
1905219
1905083
1918910
1905063
1905307
1905192
1911777
1920124
1905327
1910382
1905490
1482101
1482239
1495508
1924164
1911917
1905228
1911310
1920511
1905236
1916499
1910305
1960297
1905496
1915010
1912423
1905331
1780793
1482067
1481937
1583599
1487533
1783046
1629114
1923971
1921002
1916641
1910485
1905613
1905349
1918324
1910472
1905317
1905390
1923648
1911251
1905251
1953109
1905318
1905208
1954392
1905326
1905249
1916902
1905186
1905277
1905482
1954321
1905246
1905214
1912275
1927008
1905077
1915561
1924471
1910332
1905248
1961179
1919021
1905237
1481945
1481970
1612407
1761875
1905346
1905232
1917552
1905268
1905209
1911272
1905305
1905313
1910265
1859935
1905424
1910713
1935734
1905412
1918794
1905256
1958187
1925721
1905240
1942943
1925173
1905220
1905640
1911710
1905231
1920954
1914266
1905258
1911780
1905248
1905271
1905210
1940894
1905163
1905401
1911347
1905520
1919592
1905313
1911049
1905963
1905522
1913260
1905321
1910612
1905626
1905317
1923238
1905235
1905306
1911363
1911668
1905319
1919093
1912045
1905191
1943186
1922007
1905220
1905203
1915975
1905206
1905232
1912424
1905224
1905418
1918188
1926987
1905223
1907226
1905853
1905295
1954282
1905521
1919073
1950313
1905212
1959908
1920925
1905736
1920217
1924925
1905325
1911174
1905220
1905315
1920382
1905263
1910643
1963007
1905455
1912421
1905216
1920447
1905083
1905246
1963137
1905274
1905277
1911155
1919528
1911982
1905123
1937350
1923058
1905231
1911360
1914257
1905261
1905248
1915575
1905264
1965875
1922476
1905244
1910518
1905230
1910192
1963749
1905887
1905280
1905620
1910990
1955148
1905216
1918592
1905378
1905413
1911116
1920339
1905373
1905208
1909767
1905453
1905308
1917397
1905184
1905325
1957701
1918455
1913832
1926374
1905394
1905250
1946461
1905310
1921550
1961154
1481936
1911139
1915596
1924260
1905102
1919965
1905267
1909157
1905390
1905517
1916077
1482027
1905211
1912226
1912620
1905213
1919246
1482013
1481792
1489318
1488777
1482019
1923726
1912710
1905477
1912414
1905300
1921246
1912378
1905306
1911419
1657662
1905455
1911804
1933289
1905241
1964918
1905219
1905249
1918794
1905198
1916408
1905188
1905238
1919253
1905426
1905261
1958127
1905217
1916543
1905348
1905193
1916358
1921725
1905777
1910574
1905265
1905330
1917522
1923039
1911705
1905231
1905267
1905236
1918298
1907587
1905307
1905235
1905689
1920091
1905517
1905197
1905549
1919916
1910318
1905264
1956621
1905616
1916507
1920503
1905256
1911063
1916479
1481955
1481960
1497694
1482081
1481961
1765012
1481943
1482162
1481916
1905309
1933426
1905268
1905266
1911547
1905060
1911442
1905314
1905264
1911338
1915424
1912937
1905216
1921029
1905264
1913461
1905221
1911849
1905191
1905249
1906048
1905272
1920191
1905235
1910929
1905252
1911984
1905371
1905384
1910430
1905580
1905465
1914038
1905235
1917924
1925962
1905355
1909758
1905307
1911922
1915572
1912724
1905595
1918977
1905295
1911476
1905207
1905312
1919487
1910494
1915905
1912752
1905238
1918845
1905224
1905238
1912587
1905244
1905264
1911513
1914661
1922950
1905322
1957571
1905388
1911144
1905357
1905313
1911327
1905252
1923255
1912589
1905187
1912621
1905622
1916868
1905228
1905379
1913345
1905302
1918269
1905194
1943794
1928006
1481951
1482109
1482005
1494854
1514040
1494759
1915114
1905261
1923886
1905324
1905316
1912764
1905304
1911523
1957170
1905452
1916380
1905206
1962456
1905258
1905354
1911476
1905307
1905326
1918470
1905249
1905212
1905199
1959219
1905225
1965656
1905067
1905069
1910359
1905316
1916712
1907150
1911478
1905344
1905344
1917985
1905220
1910043
1905584
1910844
1918541
1905265
1905213
1910641
1905565
1916825
1905126
1905312
1912043
1905220
1905441
1915978
1905190
1905333
1918986
1905242
1910707
1905269
1905225
1918553
1905344
1917726
1912824
1905079
1917121
1905316
1905250
1911056
1905265
1905219
1911067
1915256
1905201
1905271
1905196
1905226
1912744
1905217
1917577
1910029
1905238
1906047
1911796
1905256
1905486
1910847
1905410
1905270
1920379
1912935
1905235
1906023
1905508
1918677
1905086
1910826
1925600
1905223
1905238
1959614
1911106
1921118
1905527
1905185
1959715
1905191
1919341
1913158
1905080
1956769
1905323
1931363
1912092
1905386
1915382
1905486
1917391
1912512
1905271
1957816
1916704
1916783
1905622
1920199
1905732
1914158
1912383
1905401
1929087
1911625
1905441
1905736
1905426
1919024
1905182
1911215
1905138
1905392
1919866
1905371
1953955
1916834
1905489
1920946
1911797
1905227
1946941
1905288
1905290
1911557
1905301
1917011
1905284
1905233
1922563
1905245
1911749
1905234
1905229
1918088
1925843
1720245
1482015
1487523
1482004
1481966
1481808
1481949
1569030
1775998
1481942
1905446
1913656
1905230
1911794
1905335
1905237
1916344
1905313
1950803
1905398
1915607
1913774
1905229
1921870
1905360
1910976
1905356
1911491
1917591
1905449
1905370
1905239
1928926
1905350
1915638
1905326
1917838
1912495
1905577
1911803
1915812
1905348
1961592
1923602
1905448
1913168
1905254
1911663
1905422
1905221
1905423
1923081
1913374
1905253
1912454
1905644
1905219
1912222
1913898
1905300
1905429
1921331
1905276
1910721
1912223
1482208
1481977
1482066
1481936
1487411
1905249
1905188
1913236
1905575
1918460
1905364
1905392
1915311
1921348
1905146
1916407
1905335
1911514
1905239
1905227
1911902
1905302
1911769
1905323
1905246
1918129
1915793
1905221
1914330
1905272
1905215
1911663
1905271
1905127
1960672
1905368
1912869
1905191
1969283
1918549
1905245
1925042
1905467
1905423
1911353
1905184
1915077
1905193
1920917
1905230
1905305
1911758
1905388
1905374
1929516
1905364
1905512
1967387
1905230
1918788
1905278
1905241
1918182
1905284
1911131
1905258
1922097
1905290
1911740
1905290
1917576
1482052
1481930
1482020
1481959
1905358
1912575
1905251
1912453
1920711
1905614
1911543
1905325
1905435
1916254
1905189
1913525
1925014
1905374
1912241
1905219
1913052
1905196
1929822
1911002
1917934
1905568
1912016
1905297
1905125
1911824
1905269
1956457
1906062
1905369
1924058
1905627
1924600
1905144
1905474
1955411
1905519
1960324
1913384
1905306
1916995
1905651
1905206
1921024
1905650
1912227
1488366
1525424
1495403
1488904
1905716
1919322
1917564
1905220
1911922
1663462
1481905
1482028
1481951
1488622
1905501
1911339
1905376
1905744
1770165
1482189
1481936
1774670
1481996
1482042
1916118
1905350
1905327
1922041
1905227
1945840
1905045
1905236
1920066
1957533
1905396
1923290
1905197
1912255
1905477
1905247
1921905
1905238
1911660
1913316
1905353
1905457
1925567
1905398
1911024
1912822
1754269
1777193
1598434
1521788
1905539
1905269
1921435
1905496
1916541
1905326
1920738
1921364
1905233
1911380
1905579
1905193
1952735
1905247
1481807
1488477
1481972
1481994
1486122
1739482
1905327
1905343
1914362
1905441
1966315
1905186
1914550
1905842
1905336
1918665
1925905
1905231
1958190
1905576
1905402
1905238
1905507
1911016
1905425
1912661
1917008
1905240
1913084
1920945
1905472
1911985
1905282
1905320
1919649
1905250
1905494
1922289
1905333
1905302
1923635
1905311
1905330
1924109
1912812
1906905
1905791
1911853
1913830
1905226
1962514
1912051
1905256
1912051
1905335
1481992
1916112
1905540
1905220
1962618
1905462
1905238
1913671
1905231
1905238
1911318
1905292
1905494
1915896
1905359
1905242
1921866
1905558
1911642
1905392
1925156
1922921
1912295
1905472
1912318
1905203
1905246
1938435
1905252
1905235
1921592
1905325
1905575
1957102
1905301
1928756
1905414
1905292
1960093
1921733
1913876
1915951
1905219
1911791
1964191
1905263
1915232
1905250
1905313
1921784
1905380
