1340377
1487842
1333558
1333680
1390788
1333575
1400075
1428679
1333841
1333576
1483154
1481715
1456110
1333576
1333613
1333599
1340265
1337855
1334229
1333594
1450812
1342971
1333558
1333584
1333580
1333602
1346069
1345981
1333571
1333593
1688583
1490131
1481728
1481713
1486087
1481890
1493579
1481748
1481727
1702743
1698928
1497604
1481678
1481755
1488397
1481746
1490486
1481733
1481755
1629855
1639117
1333603
1333600
1333772
1333585
1341099
1342757
1341877
1333580
1333593
1627302
1347758
1342409
1333597
1333604
1333599
1333815
1333580
1338010
1341090
1652725
1333577
1333876
1333558
1333602
1341584
1337005
1338868
1333581
1333577
1685957
1481716
1333573
1333605
1344268
1344976
1333600
1333568
1333709
1333598
1656391
1333572
1333543
1456567
1333576
1333579
1333568
1440397
1333578
1333579
1646843
1333522
1333600
1345926
1337981
1346043
1333561
1333596
1333598
1333598
1650353
1333545
1333599
1345984
1346836
1333592
1333554
1333595
1333718
1333592
1633945
1347825
1347444
1333547
1333582
1333877
1333648
1333597
1341750
1341715
1678482
1481715
1494482
1481749
1481699
1486387
1481728
1492184
1481757
1501971
1710910
1481709
1481748
1333899
1346276
1346064
1333579
1333605
1333592
1333543
1674583
1486002
1481775
1493130
1481751
1481757
1486596
1481728
1481706
1492964
1666249
1481822
1333569
1333561
1347277
1340238
1333596
1333586
1333597
1333607
1701470
1481715
1487044
1481715
1481749
1486572
1481748
1481747
1491955
1630953
1683171
1497485
1481898
1487480
1481835
1481747
1491297
1481747
1481728
1654084
1607975
1333560
1333603
1414863
1339383
1333598
1333590
1333603
1333596
1333595
1654095
1486072
1481692
1481700
1490979
1481721
1485498
1481753
1481748
1661048
1709295
1481730
1481746
1486354
1481753
1481893
1489470
1481746
1485575
1653926
1674840
1333591
1333546
1333589
1354228
1344097
1335391
1333602
1333597
1333601
1647072
1348425
1333580
1333581
1333568
1333563
1338818
1336648
1333599
1333600
1681347
1481718
1333581
1348217
1348022
1333649
1333559
1333577
1333600
1333600
1701801
1481725
1481728
1502077
1481704
1487017
1482008
1481750
1491090
1536641
1607893
1343100
1333544
1333564
1452991
1361970
1341036
1333579
1333572
1333615
1730432
1481752
1482272
1371427
1333578
1373141
1480183
1369868
1333578
1446237
1699689
1493710
1481743
1481756
1488041
1481818
1489029
1481746
1481751
1648498
1694309
1481700
1486450
1481744
1491095
1481727
1481751
1485991
1481727
1699076
1711468
1747891
1385077
1340934
1333586
1333598
1333597
1333585
1333932
1345015
1647971
1333582
1333560
1333580
1333567
1337331
1339305
1341083
1333526
1333605
1706217
1481731
1495798
1481752
1481744
1490503
1481709
1487010
1481728
1674913
1699784
1481703
1488417
1482063
1486411
1481727
1481740
1487811
1481720
1616352
1699991
1481744
1481727
1481727
1481729
1487229
1481741
1481698
1485338
1647117
1668542
1498173
1481729
1490460
1481727
1481730
1486291
1481728
1492108
1481726
1609699
1333584
1333563
1336637
1338614
1336367
1333603
1333581
1333574
1333578
1713377
1570963
1333549
1333592
1333540
1333580
1333575
1337226
1333914
1333576
1700215
1481718
1481729
1486974
1481730
1481726
1481720
1481729
1486928
1653743
1622506
1333599
1338689
1336487
1346893
1333582
1333584
1333524
1333579
1333600
1652691
1339419
1333562
1333581
1333609
1333853
1342347
1341978
1343177
1333587
1724234
1481707
1492958
1481730
1481804
1488860
1481710
1490303
1481732
1633358
1710574
1492033
1481727
1481728
1488561
1481980
1481730
1481727
1481935
1663102
1615350
1333610
1333582
1333578
1339153
1336653
1346456
1333569
1333559
1333575
1682862
1481728
1490285
1481752
1486192
1481727
1644635
1333579
1333582
1333573
1706518
1481717
1489443
1481751
1489027
1481734
1481989
1488709
1333522
1333579
1659382
1487980
1481728
1481695
1484763
1481796
1498700
1481732
1481729
1665236
1640287
1333582
1333883
1333526
1333573
1339915
1338542
1333578
1333559
1333578
1728252
1489789
1481732
1490315
1481713
1481737
1488097
1481736
1492773
1662521
1670301
1481711
1481694
1486714
1333567
1333581
1333596
1333580
1343717
1342005
1684182
1481740
1486842
1481730
1490097
1481676
1481714
1488045
1481730
1639178
1644076
1333580
1333542
1438921
1333570
1333571
1333536
1401990
1333555
1481725
1610351
1333548
1347770
1341397
1333551
1333575
1333577
1333598
1333826
1333580
1711198
1509612
1481749
1481748
1481728
1481732
1487388
1481731
1488786
1505663
1692267
1481679
1490391
1333576
1337665
1478569
1384521
1333570
1370109
1478612
1721080
1481679
1481712
1490317
1481728
1481729
1487624
1481727
1489717
1652928
1678569
1481729
1481735
1489884
1481727
1481751
1486231
1333583
1333576
1333602
1723629
1481676
1485641
1488437
1481726
1492937
1481728
1481744
1488675
1625502
1734746
1481752
1481677
1500040
1481728
1494149
1481954
1481727
1486598
1654615
1704006
1333581
1333572
1333570
1347931
1346265
1347052
1333592
1333603
1333581
1680193
1485313
1481730
1492659
1481697
1581917
1487086
1481752
1481743
1490302
1710645
1481713
1340678
1333579
1333580
1333580
1384257
1478234
1351974
1333583
1592696
1339631
1333600
1333563
1333565
1347581
1347503
1333562
1333581
1333558
1664614
1490791
1481728
1481732
1486694
1481749
1494668
1481731
1481746
1648609
1693833
1481712
1489716
1481677
1481751
1488302
1481780
1481750
1486318
1566431
1651581
1342343
1333671
1333590
1333529
1333587
1333604
1337003
1338620
1333607
1656875
1481703
1488889
1481879
1495590
1481734
1481733
1488018
1481746
1638402
1671188
1481730
1490890
1481728
1481748
1488122
1481717
1491935
1481737
1617305
1715615
1481694
1487343
1481705
1481721
1490274
1481732
1481714
1488483
1590904
1708549
1481717
1481677
1488769
1481733
1491918
1481744
1481729
1488431
1597967
1696929
1481910
1481745
1488173
1481694
1495749
1481708
1481732
1486317
1575871
1623870
1333581
1346253
1346879
1668192
1333581
1333561
1333582
1346339
1344811
1680173
1481726
1486680
1481748
1485865
1481729
1481721
1485368
1481731
1520747
1723759
1333523
1439908
1521594
1333556
1390107
1478968
1333577
1333887
1341159
1653410
1333546
1493255
1333581
1333586
1343319
1333575
1333578
1333576
1387609
1695984
1481740
1487783
1481825
1481735
1481710
1481949
1484910
1481710
1499524
1653469
1333564
1333577
1333573
1337920
1345449
1333588
1333580
1333586
1333583
1708408
1497357
1481746
1482025
1488425
1481941
1481727
1486336
1481730
1472259
1638126
1345748
1347781
1333786
1333585
1333576
1333574
1349413
1343018
1342705
1674163
1490212
1481713
1481679
1485979
1481731
1488937
1481734
1481728
1635658
1675799
1481698
1481989
1487255
1481727
1481694
1489942
1481728
1485271
1481711
1606129
1333578
1333587
1349359
1347177
1333568
1333594
1333580
1333574
1333582
1575093
1333574
1333569
1333559
1342862
1333541
1333595
1333568
1333557
1333577
1698289
1481728
1491610
1481728
1481727
1488266
1481727
1481696
1498031
1593434
1709142
1481727
1491942
1481749
1481728
1493706
1481734
1481756
1333559
1340750
1704991
1493202
1481695
1481728
1494872
1481731
1489958
1481729
1481727
1653057
1695438
1491580
1481726
1481725
1486802
1481725
1481727
1490482
1481739
1595085
1667590
1337125
1333575
1349092
1333576
1415137
1333571
1349496
1333578
1406140
1599017
1333542
1340131
1337421
1333578
1333579
1333569
1333586
2381657
1333601
1689077
1481710
1493381
1481692
1485215
1481724
1481728
1490240
1333574
1333579
1688661
1333585
1333574
1333587
1333572
1345371
1345905
1333581
1333585
1333600
1648199
1333548
1333820
1333648
1340090
1337919
1333530
1333961
1333771
1333592
1634589
1333526
1344128
1344788
1333851
1334030
1333798
1333575
1333560
1336441
1709051
1481678
1486199
1481699
1490506
1333586
1363535
1464336
1333576
1333551
1705895
1490550
1333536
1333578
1387682
1483980
1333568
1333580
1391858
1480084
1682165
1481709
1492281
1488242
1481730
1485934
1481705
1481727
1490066
1481725
1705923
1481727
1481752
1489980
1481726
1481732
1486523
1481734
1489736
1481730
1700102
1481680
1496386
1481729
1481727
1486516
1482134
1481695
1489535
1481730
1701095
1481677
1481692
1487859
1481733
1481726
1490001
1481736
1488024
1580563
1599408
1333569
1435685
1333599
1333560
1333573
1455677
1333545
1333607
1333579
