1500097
1481988
1481801
1482217
1481906
1498953
1489029
1535067
1512898
1438348
1918583
1915373
1918868
1905229
1481947
1488573
1504893
1481890
1481745
1716761
1907044
1912763
1940570
1905380
1905084
1492922
1667218
1639030
1606454
1905289
1915763
1905844
1919592
1915172
1915968
1924513
1905057
1905132
1481803
1470855
1923719
1905343
1906097
1922423
1916558
1913626
1905544
1906200
1905905
1576245
1923905
1911963
1913958
1481889
1481763
1481827
1481926
1524767
1490783
1481747
1905524
1914215
1905308
1905187
1905248
1927474
1913766
1926056
1905167
1481821
1914680
1913561
1922996
1937273
1918683
1905082
1905183
1905281
1917083
1918869
1915150
1905436
1929665
1914903
1482026
1516110
1486549
1481853
1481807
1481852
1922182
1912518
1915412
1921142
1905165
1905631
1905109
1935712
1912649
1594979
1924405
1905043
1913278
1923343
1916799
1905256
1905100
1905257
1911236
1905044
1915458
1905694
1911825
1915034
1922437
1905452
1905290
1905625
1905141
1905279
1905875
1912910
1905413
1905277
1905134
1926909
1914619
1925140
1906837
1481743
1724741
1481761
1481970
1481971
1490624
1490879
1513959
1481763
1481765
1481809
1713991
1482158
1482083
1482098
1481920
1492015
1509981
1481945
1481829
1482110
1723034
1481898
1481823
1584735
1481884
2543474
1481821
1481859
1481794
1481768
1727194
1481883
1481819
1495388
1493521
1481803
1481957
1481819
1481777
1500811
1916525
1483008
1482501
1481865
1481784
1481803
1481890
1546825
1488041
1799945
1914826
1905483
1910756
1911338
1919280
1905165
1905116
1905118
1482174
1906772
1905453
1905410
1905158
1905057
1912151
1920219
1941533
1905343
1906964
1908674
1716879
1488025
1488273
1829252
1487001
1791528
1765946
1691022
1481761
1642409
1905525
1915096
1905349
1905586
1905179
1933187
1915131
1493066
1481762
1393333
1905218
1915973
1905173
1487124
1517905
1490765
1481802
1481764
1481944
1482214
1915397
1905409
1921929
1911488
1953508
1905490
1905315
1905056
1906048
1333646
1915413
1927139
1927806
1914165
1905098
1905116
1905078
1914577
1481745
1349149
1915344
1922799
1916695
1913948
1905545
1905417
1905342
1916882
1918038
1914353
1907363
1922269
1919023
1905563
1905323
1905122
1926710
1911459
1930509
1761620
1922707
1919363
1919593
1922449
1907235
1906700
1907097
1905878
1917813
1913331
1915504
1905260
1905115
1914460
1921789
1918409
1905110
1905331
1905244
1829035
1905544
1905218
1905157
1905141
1912752
1940688
1490466
1481827
1481888
1755797
1922646
1905493
1914721
1921965
1954661
1905473
1905204
1905435
1912534
1756736
1922640
1766000
1481806
1546043
1481843
1481870
1481812
1481754
1481835
1912285
1721909
1483485
1481843
1481938
1481825
1481904
1481791
1481810
1481928
1481854
1916567
1910419
1918386
1944115
1905190
1905099
1905085
1909667
1813221
1763764
1915150
1905264
1912323
1914106
1922823
1905373
1905227
1905312
1905131
1913477
1905113
1924130
1912065
1905084
1905077
1905157
1941833
1914516
1922651
1660816
1905377
1905387
1498491
1482790
1481808
1481900
1481877
1492562
1513979
1493523
1915307
1905139
1781744
1742019
1679947
1482044
1481813
1513414
1488105
1481798
1905195
1905228
1905189
1905431
1912568
1496645
1505559
1481792
1482010
1466062
1917073
1914042
1952289
1910201
1487236
1486591
1785067
1772247
1761224
1711339
1707276
1481781
1499856
1513432
1481889
1481961
1481809
1481901
1490196
1496857
1905518
1905486
1905081
1905232
1912781
1943507
1917891
1905210
1905041
1920255
1915677
1905224
1905103
1920498
1494058
1487004
1688187
1662663
1481810
1556476
1905194
1589026
1493788
1481963
1481959
1481886
1481837
1490934
1487879
1483260
1905099
1913010
1905293
1905165
1487557
1515766
1481897
1481890
1481766
1333845
1905761
1482654
1481814
1481762
1530913
1571460
1495183
1487565
1794504
1785153
1923855
1910127
1916564
1918580
1905139
1905239
1905184
1921586
1911613
1867775
1905455
1911942
1905087
1492957
1783053
1772654
1661058
1481870
1481748
1481770
1922743
1909863
1917430
1922006
1905178
1905326
1905065
1922736
1916055
1489852
1710687
1491036
1481830
1481896
1481803
1481958
1515808
1498750
1508074
1481872
1915295
1906529
1921561
1942176
1916024
1906667
1905182
1905157
1905258
1879175
1922889
1912903
1920842
1905221
1905526
1905176
1905398
1921344
1912682
1702775
1923248
1905295
1915622
1918173
1923949
1905103
1536471
1558401
1905110
1774168
1907058
1905458
1905227
1905172
1911043
1913054
1923262
1905232
1767282
1481807
1916540
1911314
1932064
1487792
1790119
1779911
1769911
1482033
1929758
1487153
1905148
1905294
1905201
1912559
1921540
1931788
1905077
1905136
1905557
1826873
1905287
1905315
1481789
1481768
1482042
1722248
1489731
1498102
1492955
1911854
1905636
1905307
1905339
1906677
1914259
1916036
1927729
1905063
1905195
1905147
1707145
1489058
1481999
1765315
1486653
1487425
1481978
1482094
1481898
1487010
1924207
1905153
1919379
1909777
1921445
1918658
1905157
1481764
1528311
1783591
1917604
1918273
1481848
1481920
1911605
1918572
1928244
1905123
1905106
1482010
1905680
1905207
1635949
1596097
1544638
1482103
1481803
1481804
1481889
1910034
1709767
1481854
1481814
1481814
1481823
1909614
1493991
1486568
1781573
1780502
1923897
1905182
1916115
1911067
1921164
1942708
1905331
1905058
1905063
1350644
1917838
1922058
1918425
1905525
1905141
1905234
1481876
1481870
1482026
1764859
1905519
1913341
1916353
1905362
1905355
1905336
1913602
1923375
1509305
1482057
1905106
1905389
1905489
1905601
1925853
1935335
1948749
1906308
1905237
1490064
1905257
1905388
1905160
1912708
1916805
1482007
1481871
1498531
1488528
1748294
1915041
1913722
1924765
1914637
1905059
1905105
1905098
1905264
1914636
1653207
1905135
1905617
1481952
1481763
1481953
1481825
1481939
1506429
1499840
1481766
1705616
1490950
1482101
1481961
1481810
1481878
1481907
1491843
1489416
1481896
1923557
1905054
1905245
1920797
1912559
1936453
1333713
1481882
1490227
1866959
1905277
1905398
1906696
1905258
1946286
1914086
1917065
1905135
1905611
1905803
1905230
1916630
1905446
1905378
1905184
1934249
1916707
1922591
1905300
1898381
1905351
1924105
1905449
1905383
1905330
1921161
1916040
1917128
1906869
1482030
1914384
1905335
1923671
1930171
1925578
1905088
1905079
1905243
1916808
1912624
1924151
1905520
1917228
1923382
1920245
1905432
1905292
1905337
1758913
1494501
1905201
1905302
1905556
1905225
1922544
1914938
1920665
1906580
1910337
1614228
1915591
1922680
1919748
1905906
1905906
1905612
1925455
1922320
1917972
1914230
1709008
1489648
1487728
1481823
1481757
1481760
1483416
1481792
1489184
1487464
1916538
1915968
1922313
1905182
1905472
1905276
1920398
1481892
1481880
1710383
1922880
1481858
1481970
1499028
1488532
1481889
1481819
1481889
1481766
1481774
1708540
1490808
1488871
1481825
1482114
1482009
1481800
1482074
1491077
1503571
1924371
1910532
1915826
1905239
1905198
1905414
1911519
1915975
1911596
1912060
1675047
1481739
1481800
1863711
1487823
1487671
1481837
1481868
1481943
1481990
1905059
1905476
1905039
1905055
1911709
1938606
1911575
1905062
1913979
1481825
1924790
1911320
1914246
1905324
1905098
1905344
1911888
1937862
1905124
1858469
1924383
1911881
1915246
1905214
1739630
1781740
1774489
1905103
1907029
1482204
1917100
1905462
1931052
1911056
1913673
1905100
1905174
1905158
1913529
1807266
1905524
1905222
1905139
1911300
1911696
1924945
1905151
1905203
1905257
1633178
1916351
1911681
1933634
1912955
1905395
1905089
1905510
1910366
1913487
1804384
1707856
1481823
1502024
1502794
1496949
1481768
1481824
1481828
1481791
1490519
1905520
1905227
1905132
1912757
1924218
1916338
1905691
1906066
1905108
1851752
1711519
1499708
1500296
1481809
1481823
1482029
1481993
1489897
1515693
1489857
1741252
1482980
1481986
1481916
1481813
1481814
1509543
1555319
1605819
1486665
1916182
1929653
1912035
1915837
1905319
1905181
1491588
1487474
1481828
1905152
1905081
1915624
1905430
1905523
1906588
1482353
1481934
1481792
1482238
1509579
1718864
1486702
1481881
1481819
1481933
1481827
1490996
1498663
1501149
1481905
1905197
1905398
1905512
1905342
1911234
1916604
1905251
1905147
1905134
1905090
1905191
1905229
1905223
1912937
1910694
1920999
1905147
1905089
1905862
1922328
