3558258
2222318
2233107
2222252
2228589
2222277
2228017
2222250
2233298
2232985
1333350
1333363
1333350
1336050
1333350
1333350
1338595
1396031
1333350
1449032
1333371
1435090
1333351
1338650
1333350
1333375
1452714
1333354
1379046
1396357
1333369
1342495
1333350
1412711
1368091
1333351
1434478
1333371
1338339
1333369
1333351
1335797
1333351
1333348
1337112
1333376
1333350
1470923
1333366
1335782
1333375
1333372
1339060
1447839
1333350
1338752
1333366
1333363
1335929
1333363
1333350
1337200
1333351
1333366
1338927
1333350
1412452
1369712
1333364
1429940
1333351
1338697
1333350
1364077
1415483
1333363
1438308
1333364
1481501
1486579
1481502
1481502
1487397
1481514
1481499
1485486
1481499
1481517
1438125
1333350
1333364
1336771
1333350
1340447
1333363
1333364
1337387
1428445
1333364
1339058
1914205
1904787
1904788
1908172
1904790
1904808
1908391
1914286
1904788
1915029
1910830
1904816
1904813
1908751
1904813
1904814
1913861
1919240
1904814
1904813
1908052
1909861
1904787
1908213
1913757
1904787
1904805
1910932
1904813
1904786
1908909
1904830
1904817
1913476
1911630
1904786
1912008
1908601
1904808
1904803
1913835
1904787
1904786
1909228
1912026
1904786
1912161
1915788
1904812
1915913
1487556
1484266
1481518
1481515
1487990
1481517
1481500
1487280
1481500
1481502
1485468
1481502
1481502
1481522
1483900
1481514
1481501
1379668
1402428
1333364
1473086
1333372
1338835
1333350
1333351
1444202
1333363
1437141
1333366
1338830
1333350
1333351
1446364
1333365
1369442
1409169
1338097
1333371
1442409
1481525
1485470
1488029
1481525
1481514
1485494
1481515
1481502
1484181
1481513
1481501
1916004
1904813
1904786
1910389
1904812
1904811
1912284
1904814
1904804
1911732
1904787
1904813
1908577
1908385
1904788
1908203
1912869
1904812
1904787
1908169
1904804
1904787
1908138
1904807
1904787
1911851
1904813
1904788
1907953
1909178
1904786
1908269
1912945
1904786
1911891
1908962
1904807
1904821
1908028
1904807
1904809
1911718
1904789
1904786
1907956
1904817
1904787
1913179
1913162
1652387
1484264
1481502
1481501
1589872
1713793
1491968
1599084
1481514
1481517
1500259
1481501
1766756
1761132
1484443
1481518
1481519
1481500
1484191
1481519
1481501
1487273
1481517
1481518
1485523
1481515
1481501
1484335
1481515
1481515
1488986
1484502
1481515
1481517
1481520
1481514
1484905
1487156
1481501
1481501
1481501
1481521
1725168
1485636
1402562
1333364
1478268
1333350
1337223
1333350
1333350
1700675
1488351
1486108
1481517
1481517
1484280
1481520
1481501
1491293
1481525
1481499
1487392
1481514
1481502
1485484
1481521
1481502
1492466
1486873
1481521
1481500
1489306
1481522
1481525
1484591
1481521
1481500
1484367
1481515
1481501
1488300
1481514
1481521
1487387
1488818
1481502
1481518
1487512
1481517
1481500
1484650
1481501
1481500
1488253
1481514
1481501
1494298
1481515
1481501
1485413
1487577
1481518
1481499
1487385
1481515
1481527
1488768
1481500
1481500
1487457
1481514
1481501
1484932
1485196
1481515
1481500
1485269
1481515
1481502
1488068
1481515
1481502
1489669
1481500
1481500
1484656
1481518
1481501
1491925
1485677
1481517
1338557
1333351
1333364
1340309
1333351
1333363
1336182
1333352
1333351
1338933
1333352
1333369
1340312
1333363
1437696
1338406
1333363
1333362
1702016
1710453
1481525
1487715
1486808
1481520
1481518
1484132
1481514
1481501
1487871
1481501
1481500
1487961
1481501
1481501
1486431
1481517
1481527
1492733
1486684
1481521
1481515
1490836
1481514
1481500
1484091
1481515
1481515
1487700
1487779
1481514
1481517
1484809
1481500
1481502
1488064
1481518
1481502
1487405
1481515
1481514
1484086
1481515
1333350
1333362
1339783
1333350
1333363
1336842
1333369
1333364
1338904
1333350
1333368
1339886
1333351
1333364
1336001
1333352
1333351
1339023
1333365
1333366
1341257
1333369
1333374
1335898
1333351
1333365
1339381
1333351
1333364
1341176
1481500
1484170
1481502
1481515
1481514
1484718
1481517
1481514
1487534
1481501
1481501
1487371
1481514
1481500
1484786
1487756
1481518
1481514
1488218
1481515
1481501
1487892
1481515
1481518
1485303
1481500
1481500
1698559
1339795
1333388
1333364
1338853
1333370
1333370
1339182
1386414
1333374
1335853
1333352
1333363
1339434
1333372
1333350
1339266
1333352
1333371
1336384
1333351
1333363
1339141
1333351
1487756
1481521
1481500
1487358
1481501
1481501
1487660
1481501
1481502
1488297
1481501
1481499
1487479
1490070
1333369
1333350
1335976
1333367
1333362
1333351
1339315
1333350
1333369
1340260
1333365
1333363
1335924
1333364
1333352
1481499
1488198
1481500
1481501
1485554
1481522
1481518
1484409
1491160
1481521
1481523
1484398
1481514
1481521
1488227
1481517
1481501
1487562
1481517
1481500
1484452
1481517
1481500
1489004
1481514
1481501
1488143
1481502
1481503
1484827
1487495
1481524
1489568
1486459
1481521
1481500
1489235
1481520
1643939
1333350
1337268
1333351
1333364
1340330
1333350
1333351
1337521
1694286
1481517
1481502
1484948
1481500
1481501
1490301
1481514
1481500
1487418
1481515
1481522
1484268
1487503
1481515
1481521
1485476
1481518
1481519
1488660
1481513
1481501
1487560
1481520
1481499
1485104
1481517
1481501
1490109
1481501
1481499
1488771
1481522
1481500
1908156
1488084
1481517
1481500
1485077
1481518
1481518
1489065
1481514
1481500
1486854
1481502
1481500
1484772
1481512
1481518
1491514
1488217
1481523
1481512
1488606
1481517
1481501
1487996
1481501
1481515
1484991
1481500
1481500
1489832
1481515
1481500
1488441
1481517
1481522
1484349
1481500
1481517
1490859
1485693
1481503
1481514
1490778
1481500
1481518
1487277
1481521
1481502
1484320
1481515
1481502
1488982
1481501
1481515
1487683
1481522
1481500
1486204
1481522
1481518
1490294
1487692
1481514
1481500
1487618
1481518
1911475
1919941
1904792
1914456
1481520
1481518
1487388
1481519
1481502
1487187
1481500
1481514
1484258
1481525
1481501
1488026
1481501
1481501
1904785
1904785
1912429
1904813
1904836
1908430
1909733
1904786
1911363
1912354
1904790
1914599
1908247
1904789
1911747
1909180
1904804
1904785
1912995
1904813
1904813
1908228
1904788
1904786
1908480
1913173
1904787
1916982
1910128
1904788
1904804
1909907
1904814
1904785
1912088
1904786
1904787
1908627
1904806
1904785
1908493
1913732
1904787
1915656
1908745
1904787
1904804
1908458
1904814
1904788
1914063
1904790
1904786
1909055
1904806
1904786
1908076
1913655
1904788
1919307
1481521
1481513
1491628
1487392
1481518
1488679
1551524
1481521
1481501
1489199
1481517
1481502
1486251
1481500
1481514
1491257
1485865
1481501
1481501
1488905
1481520
1481517
1916395
1333351
1333367
1460111
1333367
1339213
1333350
1333364
1463967
1333367
1384116
1395809
1333351
1338968
1333371
1484999
1481501
1492117
1333372
1333365
1333351
1429963
1350557
1354503
1418702
1333362
1338980
1333366
1360173
1420797
1486769
1481521
1487764
1484188
1481513
1481514
1487665
1481515
1481515
1486860
1481500
1481515
1485411
1481521
1481499
1488845
1481520
1481500
1487406
1481518
1481499
1484655
1481502
1481514
1489089
1481519
1481499
1488265
1481520
1481521
1485113
1487742
1481502
1490653
1491519
1481515
1481515
1488502
1481527
1481500
1487281
1481514
1481501
1485205
1481515
1481501
1488893
1481520
1481500
1488074
1481522
1481500
1485504
1487654
1481524
1490261
1485973
1481516
1481524
1489820
1481518
1481521
1489087
1481500
1481500
1485244
1481524
1481501
1491522
1481520
1904863
1668947
1484969
1643697
1515477
1481503
1481517
1481517
1488467
1481516
1476095
1333369
1333360
1434593
1333363
1337181
1333362
1333369
1335702
1333362
1333369
1374005
1333351
1333350
1335859
1333350
1333350
1342576
1333369
1333373
1339389
1333366
1333370
1336825
1333363
1333368
1474394
1333353
1333351
1339457
1333371
1333369
1335691
1333350
1333369
1339371
1333350
1333362
1338976
1333373
1333361
1340097
1481514
1481500
1490964
1481515
1481500
1484871
1481499
1481500
1484102
1481518
1481501
1489224
1481515
1481501
1487576
1481515
1481502
1485171
1481500
1481514
1491077
1485469
1481515
1481514
1491058
1481517
1481523
1487568
1481515
1481500
1484237
1481515
1481518
1492507
1481522
1481499
1487519
1481515
1481515
1484708
1481511
1481500
1489257
1481515
1481515
1488196
1491759
1481515
1708280
1481514
1488791
1481501
1481501
1488364
1481514
1481499
1484755
1481514
1481500
1488595
1481514
1481520
1486393
1487700
1481513
1488075
1486271
1481525
1481520
1484198
1481519
1481524
1488213
1481522
1481500
1487568
1481521
1481501
1484354
1481521
1481501
1489804
1481521
1481501
1489571
1490556
1481524
1481524
1488848
1481521
1481501
1484274
1481515
1481521
1489581
1481500
1481500
1487820
1481524
1481502
1490424
1481515
1481524
1490912
1485903
1481515
1484641
1490813
1481501
1481515
1484715
1481525
1481502
1484413
1481520
1481501
1488879
1481514
1481501
1487373
1481500
1481501
1484205
1481520
1481502
1489802
1481521
1481524
1487159
1481501
1481501
1484258
1481501
1481500
1489537
1481523
1481500
1487655
1489494
1481514
1484674
1487451
1481518
1481526
1484461
1481501
1481522
1488915
1904806
1904787
1908503
1904812
1904787
1913936
1911677
1904788
1911509
1481517
1481520
1481523
1485858
1481499
1481522
1481521
1484124
1481514
1481518
1488809
1481514
1481500
1487778
1481521
1481523
1484563
1481518
1913567
1908679
1904787
1907988
1909808
1904787
1911543
1912159
1904810
1904813
1908072
1904787
1904814
1908682
1904786
1904803
1913699
1904819
1904810
1909272
1909332
1904786
1912030
1912531
1904787
1919784
1910299
1904805
1904836
1908623
1904786
1904786
1913817
1904786
1904786
1908101
1911733
1904786
1913506
1914592
1904812
1912255
1909451
1904786
1911733
1908505
1904786
1904786
1917426
1904786
1904786
1908241
1904808
1904788
1908936
1904787
1904809
1912508
1489025
1481502
1481500
1488756
1481518
1481499
1487632
1481517
1481500
1484842
1485594
1481521
1481501
1485942
1481515
1759188
1488240
1481500
1574646
1490075
1481523
1481501
1485890
1481522
1333369
1333350
1335683
1333373
1333369
1339337
1333363
1333363
1339568
1333351
1333350
1335922
1333371
1333352
1333364
1339115
1333374
1339634
1333364
1333352
1335912
1333351
1333367
1339074
1333371
1333350
1339644
1333369
1333369
1335748
1333364
1333363
1339599
1339753
1333351
1333366
1484359
1333350
1395957
1333369
1333374
1337528
1333350
1333369
1333369
1338615
1333350
1333365
1335918
1333370
1333350
1339849
1333371
1333372
1340307
1333367
1333367
1336850
1333370
1333363
1339273
1333350
1333351
1340282
1366340
1333352
1335898
1333364
1333365
1339563
1333351
1333367
1343169
1333351
1333352
1335782
1333351
1333369
1339129
1333350
1333350
1340771
1481501
1484349
1481518
1481502
1490374
1481500
1481500
1487331
1481500
1915699
1760735
1676390
1487499
1481500
1481519
1481500
1481501
1754611
1757346
1481537
1481502
1481529
1489345
1481522
1481501
1487428
1488276
1481521
1481502
1487230
1481515
1481521
1484242
1481502
1481500
1488061
1481518
1481500
1487232
1481515
1481514
1761216
1485514
1481521
1481521
1484103
1481521
1481499
1488167
1481503
1481500
1487459
1481524
1481501
1484754
1481522
1481501
1489093
1481515
1481501
1487670
1481502
1481517
1484503
1488027
1481502
1477281
1333370
1335824
1333351
1333363
1339485
1333372
1333364
1333351
1339697
1333369
1333351
1335768
1333366
1333369
1339441
1481500
1481501
1484228
1481500
1481500
1488281
1481520
1481515
1487189
1481522
1481521
1484311
1487302
1481514
1488172
1484145
1481499
1481514
1490232
1481499
1481501
1487851
1481525
1481520
1484574
1481515
1481501
1911652
1912246
1904808
1913590
1911273
1904788
1487361
1481501
1481500
1484233
1481515
1481523
1488456
1481517
1481500
1487226
1481525
1481501
1484279
1481522
1481500
1488209
1481519
1481515
1487394
1481519
1481500
1484216
1487133
1481501
1481501
1484104
1481522
1481499
1489159
1481515
1481520
1487403
1481518
1481502
1484701
1481515
1481500
1492687
1481520
1481501
1487577
1490721
1481515
1481499
1487620
1481518
1481518
1484354
1481501
1481515
1489666
1481522
1481501
1487819
1481520
1481500
1490733
1481515
1481502
1487290
1481501
1481500
1486840
1481517
1481500
1484641
1481499
1481523
1493150
1481518
1481525
1487625
1488660
1481515
1481500
1487206
1481500
1481518
1484954
1481521
1481518
1488518
1481519
1481522
1487378
1481502
1481501
1484202
1481500
1481502
1488324
1481521
1481502
1488459
1911372
1904786
1911509
1908117
1904786
1904813
1917973
1904786
1481535
1481501
1487080
1481501
1481501
1484234
1481500
1481500
1488437
1481524
1481502
1487320
1481520
1481521
1485723
1487146
1481515
1481502
1484223
1481501
1481501
1488714
1481524
1481522
1487306
1481525
1481501
1484228
1481522
1481500
1488435
1509043
1481518
1481524
1489136
1481501
1481514
1488586
1481522
1481501
1485094
1481518
1481499
1490451
1481501
1481502
1487777
1481501
1481500
1485311
1481524
1481500
1488675
1481518
1481500
1487139
1481501
1481518
1487952
1485744
1481501
1487224
1487311
1481501
1481500
1488689
1481521
1481499
1487508
1481519
1481521
1486711
1481501
1481515
1488250
1481500
1481515
1487493
1481517
1481517
1484455
1481522
1481502
1490766
1481515
1481501
1487692
1481515
1481499
1484900
1481515
1481524
1659870
1481515
1536116
1487820
1910636
1914926
1904786
1916322
1909265
1904788
1908798
1909790
1904804
1904786
1913235
1904785
1904809
1912142
1904804
1904787
1909219
1904787
1904787
1915472
1911956
1904787
1908582
1910575
1481501
1481500
1485486
1481522
1481500
1488822
1481517
1481521
1486853
1481503
1481501
1909244
1913830
1904786
1904804
1908480
1904787
1904790
1914291
1904787
1904787
1912620
1911720
1904786
1912871
1911238
1904805
1904812
1914557
1904806
1904787
1909229
1904818
1904787
1910335
1913059
1904786
1913349
1911245
1904787
1911609
1908864
1904788
1904786
1481500
1490886
1481503
1481521
1485880
1481501
1481515
1487675
1487537
1481500
1488591
1484497
1481522
1481501
1909058
1904822
1908867
1913893
1904787
1918087
1910167
1904787
1904789
1909227
1904813
1904811
1913439
1904805
1904808
1909666
1904787
1486980
1486079
1481502
1488395
1488239
1481530
1481499
1597209
1481513
1338693
1333369
1333350
1343902
1381734
1333368
1339537
1333350
1333369
1335590
1333350
1333363
1342040
1333367
1333351
1339586
1333351
1333368
1338380
1333350
1333369
1333369
1333350
1333366
1337759
1333370
1342330
1338852
1333363
1333370
1339786
1333350
1333363
1335873
1333351
1487505
1481520
1481500
1484374
1481502
1481501
1489164
1481500
1481500
1487822
1481521
1481521
1485028
1481515
1481520
1492959
1481501
1481515
1492892
1492363
1481502
1481518
1487648
1481501
1481502
1484237
1481522
1481500
1487936
1481515
1481522
1487911
1481500
1481500
1484228
1481515
1481500
1491439
1485660
1481526
1485582
1489373
1481518
1481517
1491248
1481512
1481521
1485451
1481500
1481518
1488392
1481520
1481518
1611644
1481532
1481501
1485677
1481500
1481514
1481524
1753988
1485503
1481514
1481501
1487084
1481504
1336048
1333369
1403573
1383951
1333350
1475373
1333350
1413543
1366899
1333369
1333350
1333352
1408532
1333373
1333351
1448453
1333369
1338637
1333350
1333352
1472274
1333373
1419717
1362419
1333364
1333367
1333351
1412002
1373672
1333370
1404411
1333352
1338589
1333367
1387108
1398755
1333363
1471488
1333372
1338700
1333350
1333369
1474723
1333351
1410669
1481522
1481518
1484125
1481514
1481501
1487971
1481502
1481500
1486763
1481524
1481501
1484980
1481521
1481499
1489799
1481500
1481501
1488649
1481501
1497981
1485133
1487182
1481502
1490223
1485076
1481522
1481500
1495012
1481515
1481521
1487871
1481500
1481500
1485483
1481500
1481500
1490398
1481522
1481501
1487529
1481518
1481500
1911690
1904806
1481502
1485664
1481499
1481500
1490806
1487287
1481524
1337442
1333351
1333368
1341698
1333351
1333363
1337285
1481501
1485065
1481513
1481521
1485593
1485208
1481518
5521991
1333389
1333353
1339021
1333372
1333374
1340159
1348088
1335921
1335703
1333351
1333364
1338385
1333369
1333351
1340177
1333363
1333370
1336423
1333351
1333364
1339276
1333352
1339975
1333363
1333363
1333350
1337752
1333369
1333371
1338878
1333350
1333363
1340271
1333371
1333351
1336570
1333369
1486913
1481522
1481500
1484360
1481517
1481499
1489005
1481521
1481500
1487520
1481514
1481521
1484424
1481517
1481517
1492471
1486489
1481499
1481514
1498719
1481521
1481502
1487330
1481500
1481522
1484116
1481519
1481501
1488516
1481502
1481500
1488064
1481521
1481499
1484631
1481517
1481501
1488854
1481513
1711890
1490401
1481500
1481500
1485468
1481523
1481501
1484268
1481501
1481501
1488168
1481523
1481500
1488633
1481501
1481502
1487365
1481522
1481522
1481500
1484100
1481521
1481500
1493395
1481501
1481520
1486791
1481501
1481501
1484386
1481524
1481499
1489465
1481522
1481539
1490999
1488895
1481517
1484472
1488480
1481515
1481522
1484281
1481500
1481517
1489726
1481518
1481501
1488175
1481525
1333351
1333351
1335882
1333367
1481521
1481501
1487295
1481522
1481522
1485054
1481517
1481515
1484186
1487609
1481500
1481514
1484850
1481502
1481518
1489158
1481515
1481500
1488124
1481515
1481502
1484479
1481518
1481500
1488968
1481522
1481501
1488074
1481514
1481500
1484888
1485825
1481522
1481519
1487819
1481515
1481514
1488179
1481514
1481502
1487335
1481515
1481501
1484720
1481515
1481501
1904842
1913701
1909199
1904817
1486900
1481517
1481521
1484352
1487239
1481515
1481518
1484400
1481514
1481515
1490710
1481522
1481500
1488673
1904813
1911470
1904809
1481515
1481499
1492985
1481501
1481502
1487513
1488969
1481502
1481500
1485131
1481516
1500052
1337084
1333363
1333369
1336972
1333351
1333364
1342146
1333351
1333352
1337347
1333383
1333351
1337065
1481500
1481500
1488038
1481500
1481501
1490574
1481525
1481501
1808466
1333369
1339673
1339531
1333364
1333368
1481518
1487323
1481515
1481499
1485754
1481502
1481501
1488608
1481522
1481501
1487313
1481519
1481499
1485359
1481514
1481500
1488757
1481500
1481503
1487876
1481520
1481500
1484460
1481533
1481525
1491018
1485809
1481521
1487568
1491377
1481515
1481522
1487221
1481500
1481500
1485043
1481525
1481499
1489002
1481515
1435120
1344894
1333359
1333373
1340522
1333376
1333350
1337677
1333350
1333350
1344079
1333370
1333367
1337561
1333371
1333365
1340367
1333370
1333350
1342860
1333369
1333351
1336562
1333352
1333350
1339551
1333350
1333350
1341226
1333368
1333350
1336099
1333365
1333369
1339546
1333351
1333353
1341261
1333363
1336099
1333350
1333350
1340235
1333353
1333362
1333369
1340363
1333363
1333351
1335892
1333364
1333370
1339560
1333366
1333366
1340411
1333366
1333372
1333351
1333365
1340165
1333363
1333366
1340487
1333366
1333351
1335748
1333372
1333350
1336337
1333364
1333351
1338567
1333369
1333375
1336131
1333367
1333362
1339963
1333350
1333363
1340656
1333350
1333364
1335951
1333368
1333350
1339467
1333369
1333362
1341422
1333352
1333351
1335820
1333350
1333367
1339500
1333351
1333369
1340020
1904990
1910369
1904813
1904785
1908589
1912364
1904787
1912384
1910132
1904818
1904817
1910124
1904908
1904805
1913576
1481500
1488324
1488848
1488021
1481517
1488572
1488925
1481518
1481502
1488004
1481524
1481514
1765472
1486077
1481500
1481521
1484409
1481519
1481514
1488773
1481517
1481515
1488316
1481517
1481501
1490939
1481521
1481500
1490747
1481500
1481521
1488742
1489157
1481523
1481525
1488076
1481500
1481499
1484612
1481520
1481500
1488527
1481521
1481519
1836185
1481500
1481518
1484195
1488346
1481501
1488889
1486800
1481517
1481515
1484249
1481515
1481521
1488566
1481538
1481501
1488606
1481499
1481518
1488408
1481521
1481521
1484288
1489133
1333371
1339719
1333350
1333370
1794537
1333371
1333367
1340679
1333369
1333351
1339950
1333364
1333372
1335975
1333351
1340477
1333369
1492617
1481515
1481518
1484405
1491390
1481539
1481518
1484568
1481521
1481515
1489892
1481521
1481535
1481513
1486210
1481522
1481501
1487206
1488019
1481529
1481517
1489375
1481514
1481517
1488522
1481517
1481515
1481540
1488650
1481501
1481518
1484671
1481522
1481522
1481537
1485161
1481514
1481520
1491360
1481515
1481519
1489121
1489073
1481522
1481514
1488375
1481513
1481515
1976221
1481521
1481515
1757478
1486043
1481500
1481525
1489545
1484796
1481518
1481522
1489233
1481521
1481501
1487892
1491305
1481521
1481522
1506521
1481522
1481515
1484412
1489044
1481517
1481501
1484470
1481522
1481520
1489716
1481501
1481549
1493197
1489362
1481524
1481522
1489182
1481520
1481533
1484560
1481517
1481518
1491679
1488940
1481513
1481536
1487541
1481500
1481514
1489233
1488534
1481517
1481535
1481576
1492124
1486566
1481499
1481520
1488902
1481499
1481540
1488359
1481511
1623100
1481519
1487947
1481521
1481521
1481500
1486495
1481524
1481515
1487724
1481523
1481534
1481522
1486699
1481501
1481518
1490044
1491931
1481522
1481519
1487194
1481517
1481521
1486290
1481501
1481500
1481523
1484119
1481500
1481502
1488123
1481519
1481521
1481519
1484349
1481518
1481519
1489062
1481519
1481517
1481521
1491848
1481517
1481519
1486409
1481501
1481515
1984321
1485825
1481501
1481518
1484762
1481524
1889481
1481502
1484380
1481522
1481500
1494779
1488131
1481520
1481500
1491480
1481500
1481523
1489051
1481544
1481531
1487155
1490037
1481502
1481521
1484729
1481499
1617329
1489263
1481525
1481522
1481503
1492870
1481521
1481501
1487999
1481520
1481534
1481515
1488312
1481518
1481518
1484326
1481581
1481519
1486208
1487650
1481504
1481522
1489473
1481523
1481500
1484306
1481525
1481523
1495651
1486331
1481525
1481501
1492210
1481515
1481519
1488442
1493008
1481518
1481522
1488036
1481520
1481518
1484602
1481518
1481524
1481517
1486398
1481514
1481503
1488776
1481501
1481545
1488479
1489424
1481515
1481499
1487966
1481519
1481520
1484718
1481517
1481514
1489019
1484166
1481519
1990555
1489427
1481525
1481501
1488475
1481514
1481518
1484142
1488681
1481515
1481521
1488285
1481500
1481515
1488650
1484544
1481502
1481522
1492863
1481501
1481520
1488834
1491880
1481518
1481515
1488037
1481518
1481499
1486223
1481515
1481537
1492454
1486392
1481513
1481513
1487835
1481518
1481514
1485640
1481515
1481501
1481514
1484110
1481517
1481514
1484522
1333350
1340453
1333351
1333352
1341055
1492980
1481502
1481515
1485577
1481521
1481499
1488088
1485830
1481521
1481518
1485947
1481518
1481514
1837876
1491071
1481522
1481514
1488519
1481501
1481515
1489014
1491821
1481501
1481518
1488719
1481515
1481501
1487036
1481517
1481522
1481500
1485336
1481517
1481515
1488943
1481515
1481540
1485738
1488175
1481522
1481521
1489534
1481521
1481518
1484187
1481524
1481501
1491150
1489526
1481522
1481540
1487852
1488077
1481520
1481500
1488993
1481501
1481525
1488760
1481520
1481515
1484802
1488179
1481514
1481502
1485327
1481502
1481514
1493672
1481515
1481519
1487854
1491762
1481524
1481519
1488197
1481517
1481515
1486066
1481501
1481534
1481515
1486438
1481515
1481519
1492230
1486727
1481534
1481522
1488326
1481518
1481500
1484643
1481520
1481521
1481518
1485864
1481521
1481499
1485200
1904872
1910577
1904813
1904785
1914182
2544546
1904808
1904788
1908324
1913896
1904808
1904805
1912561
1908196
1904824
1908474
1913754
1908533
1904812
1908195
1910333
1904812
1904809
1916980
1915655
1904808
1908679
1909903
1917718
1904808
1915204
1910059
1904806
1904805
1909035
1913472
1904785
1911989
1914484
1904809
1904827
1908210
1916593
1904786
1904810
2531818
1910290
1904808
1910102
1912510
1904814
1904808
1912105
1908616
1904814
1908266
1913500
1909535
1904804
1912101
1908287
1904821
1904827
1912309
1910039
1904813
1904804
1910677
1918196
1904809
1904820
1912228
1904786
1904804
1908605
1914226
1904788
1904787
1912786
1904803
1904809
1908672
1914922
1904809
1904786
2536474
1908436
1904805
1904804
1912475
1904787
1904806
1908333
1910539
1904809
1904817
1917469
1908436
1904787
1914028
1645813
1481501
1489453
1489198
1481504
1481514
1488370
2232529
2231090
2222252
2228925
2222281
2234518
1481519
1481522
1484851
1481525
1481521
2201268
1904828
1904786
1912375
1904814
1904814
1904785
1918556
1563067
1487871
1486914
1481502
1484938
1489267
1481524
1481520
1486091
1481521
1481522
1337504
1333371
1369683
1412650
1333371
1338911
1333369
1361579
1415973
1333370
1445588
1333374
1427277
1364084
1333369
1447479
1333373
1333393
1333375
1338709
1333350
1333351
1493241
1333369
1336088
1333351
1373490
1413202
1333353
1462005
1333369
1385013
1396561
1341467
1435352
1333369
1475693
1333371
1335863
1333370
1333375
1340838
1333372
1333373
1335737
1333351
1333374
1337112
1333350
1333351
1338820
1333369
1333372
1336994
1333350
1333368
1337000
1333350
1333369
1338679
1333373
1333350
1335761
1722063
1481524
1481520
1486093
1481522
1481524
1487143
1485656
1481523
1481520
1487320
1481524
1661798
1484561
1481500
1481501
2284943
1487055
1481520
1481501
1739813
1481520
1481523
1489619
1487486
1481520
1481525
1487836
1481521
1481521
1484769
1489032
1481521
1481522
1486547
1481521
1481520
1484132
1481500
1481500
1489785
1488389
1481500
1481499
1487201
1481521
1481520
1486753
1481524
1481524
1484157
1481499
1481522
1481520
1486305
1481502
1481522
1487933
1481521
1481497
1481526
1487629
1481500
1481521
1485620
1481522
1481522
1997056
1487318
1481521
1481525
1678912
1481523
1481521
1487290
1486748
1481520
1481522
1487744
1481523
1481525
1486756
1481538
1481524
1484159
1768457
1481522
1481522
1484187
1488181
1481522
1481500
1484186
1481522
1481521
1487915
1481500
1481541
1486701
1487772
1904872
1904826
1908310
1904789
1904806
1908138
1913753
1904789
1913953
1908141
1904843
1904822
1908185
1914083
1904813
1912341
1911235
1904809
1904812
1911038
1904812
1904835
1904813
1910834
1904813
1904786
1910837
1913366
1904786
1904817
1909221
1904820
1904813
1908560
1913026
1904813
1913583
1481521
1481524
1481525
1497606
1481521
1766798
1696521
1484348
1481521
1481537
1481523
1608933
1487340
1707240
1484678
1481521
1481502
1481520
1522070
1481501
1763335
1647304
1481524
1481500
1484214
1485485
1481521
1481500
1484448
1481522
1481521
1481501
1486261
1481518
1481521
1487226
1481523
1481541
1485472
1487461
1373946
1333370
1450584
1333369
1336005
1333367
1376570
1412168
1333350
1475849
1333387
1380226
1401669
1333351
1333368
1333367
1451324
1333374
1367960
1333373
1333372
1333369
1333373
1904854
1904810
1910274
1912296
1904814
1904787
1908025
1904808
1904811
1908204
1904813
1904821
1904811
1908493
1904787
1904814
2561633
1913942
1904813
1915116
1910869
1904820
1904805
1908041
1913801
1904787
1912377
1908146
1904809
1904787
1908122
1914019
1904813
1914959
1908212
1904812
1904808
1911126
1904787
1904829
1904811
1911021
1904786
1904808
1908509
1915925
1904789
1915608
1908078
1904817
1904787
1911822
1912421
1904822
1911956
1910888
1904813
1904831
1908133
1911900
1904786
1481500
1784205
1488775
1481501
1481500
1490283
1481501
1481499
1484622
1492608
1481500
1481502
1484390
1481501
1481501
1485065
1486463
1481501
1481501
1484134
1481502
1481501
1488070
1481501
1481519
1484709
1481501
1481502
1488628
1481501
1481501
1481538
1486917
1481499
1481500
1487919
1481503
1481501
1486046
1731107
1481500
1544310
1688693
1487389
1610438
1481502
1488687
1481501
1481500
1539123
1481501
1712475
1485579
1481541
1481499
1484221
1481501
1481500
1763675
1753927
1485970
1616379
1481501
1481510
1547855
1555430
1762360
1658384
1487529
1648695
1593593
1481502
1481501
1484248
1488854
1481524
1543439
1603487
1481500
1491642
1481529
1481541
1481500
1488714
1481527
1481523
1485967
1481502
1481528
4454503
2222271
2231066
2222281
2233789
2222251
1333373
1336006
1348667
1339577
1333351
1348032
1336423
1333367
1333351
1339335
1333352
1333366
1339283
1333373
1333372
1338448
1333366
1333365
1695648
1333376
1341137
1333384
1333367
1336456
1333365
1333366
1338754
1333350
1333351
1341332
1333376
1333372
1336670
1333351
1333365
1339623
1333351
1347844
1333369
1333368
1338179
1333366
1333368
1338835
1663271
1481501
1489212
1481523
1481500
1487590
1490232
1481520
1481502
1487556
1481515
1481522
1484435
1489490
1481518
1481515
1484522
1481502
1481522
1489418
1481501
1481501
1487303
1481521
1481502
1339318
1333369
1481524
1481522
1481518
1485375
1481524
1481501
1492334
1481522
1481540
1486995
1481500
1481518
1484410
1481525
1481522
1340268
1333385
1335974
1333351
1333362
1339614
1333372
1333350
1341393
1333387
1333369
1335978
1333363
1333370
1339856
1333350
1333364
1342708
1333369
1333351
1335866
1333369
1333373
1339058
1333364
1341827
1333373
1333350
1335783
1333372
1333373
1338871
1333363
1333369
1341489
1333350
1333366
1336470
1333350
1333350
1339258
1333371
1333368
1340540
1333350
1333367
1335983
1333351
1333370
1333350
1333372
1341651
1333351
1333371
1337411
1333372
1333352
1346442
1492904
1481521
1481500
1486946
1481524
1481514
1484397
1489610
1481517
1481525
1487025
1481514
1481501
1488078
1481500
1481537
1481540
1488001
1481501
1481517
1488313
1481524
1481520
1484940
1481524
1481523
1491910
1487718
1481514
1481519
1488118
1481521
1481517
1485652
1481501
1481516
1985240
1487838
1481500
1481518
1706530
1481525
1481501
1481500
1762852
1487834
1481499
1481501
1336301
1333373
1333352
1341005
1333352
1333371
1339328
1333351
1333365
1336037
1333350
1333373
1339513
1333373
1333369
1340014
1333367
1333369
1336743
1333372
1339061
1333370
1333371
1339945
1333369
1333372
1335809
1333386
1333366
1339261
1417560
1333350
1340863
1333367
1333371
1797662
1333385
1339660
1333371
1333350
1345526
1333369
1333372
1793373
1333380
1333354
1339225
1333350
1333363
1340309
1333366
1333350
1702571
1493738
1487786
1481501
1481500
1711885
1481524
1481503
1988497
1490667
1481523
1485726
1484134
1481502
1481524
1486328
1481520
1481501
1489635
1481528
1481501
1488262
1481527
1481559
1481524
1488211
1481523
1481519
1484221
1481515
1481524
1481524
1487471
1481521
1481524
1487370
1481501
1481515
1487930
1481524
1481500
1484482
1487861
1481522
1481500
1485031
1481525
1481524
1490787
1481514
1481518
1485628
1495851
1481521
1481521
1484099
1481501
1481501
1485774
1481518
1481519
1481518
1487648
1481525
1336109
1333350
1333366
1333391
1333351
1339574
1333369
1333372
1338953
1333369
1333350
1341969
1333351
1333371
1335964
1333364
1333367
1338973
1333351
1333350
1340110
1333366
1333368
1337761
1333353
1333351
1339027
1333391
1339794
1333350
1333362
1335823
1336195
1333353
1333370
1798767
1487969
1481500
1481514
1487348
1488597
1481500
1481514
1487448
1481526
1481502
1485224
1490702
1481520
1481501
1487029
1481517
1481518
1484517
1481515
1481538
1491347
1487563
1481517
1481517
1488565
1481499
1481522
1492048
1481524
1481500
1488081
1485662
1481524
1481519
1484154
1481501
1481524
1487656
1481521
1481518
1481521
1596708
1484430
1481517
1481501
1489951
1481519
1333369
1333386
1339174
1333353
1333350
1339785
1333373
1333351
1335886
1333371
1339249
1339452
1333362
1333366
1340705
1333351
1333366
1333393
1333369
1335685
1333367
1333368
1338677
1333351
1333365
1336289
1333368
1333351
1344990
1333369
1333372
1339478
1333366
1336234
1333372
1333350
1338948
1333351
1333372
1341209
1333350
1333388
1336004
1333350
1333369
1339241
1333368
1333370
1340491
1333371
1335943
1333350
1333372
1487845
1481524
1481500
1487395
1486157
1481534
1481504
1491357
1481515
1481520
1484222
1494795
1481514
1481517
1484595
1481501
1481515
1489364
1481522
1481519
1491114
1481521
1481519
1485709
1487287
1481520
1481542
1336778
1333362
1333369
1338449
1333407
1333363
1337509
1333389
1335958
1333366
1333366
1338693
1333350
1333363
1335926
1333388
1333350
1337056
1333350
1333371
1338742
1333352
1333367
1333389
1333350
1337119
1333372
1333369
1338468
1333363
1333351
1336227
1333366
1333367
1337045
1333370
1333351
1455781
1333372
1333369
1333350
1337150
1333362
1333373
1338458
1333351
1333364
1336077
1333365
1333351
1337050
1333375
1333366
1338725
1333363
1336159
1333351
1333367
1336952
1333370
1333368
1338716
1333366
1333389
1333372
1337163
1333350
1333373
1338588
1333351
1333364
1333389
1335959
1481522
1481530
1481511
1481520
1766044
5164449
1481524
1481521
1481500
1481501
1763889
1690437
1481521
1481521
1509989
1481524
1764299
1666788
1487262
1481539
1534006
1481522
1488096
1481524
1481500
1487599
1481544
1481522
1487733
1481517
1481515
1333369
1333366
1333371
1333365
1333369
1333350
1333351
1338027
1333370
1333351
1336360
1333366
1333366
1339499
1333351
1333367
1340106
1333366
1333371
1333365
1339200
1333350
1333350
1342617
1333363
1333372
1333371
1335707
1333372
1333351
1729405
1333368
1335765
1333370
1333371
1333362
1340489
1333371
1333351
1337839
1333352
1333375
1333374
1341990
1333369
1333369
1337559
1333366
1338843
1343456
1333351
1333368
1335671
1333369
1333350
1339570
1333374
1333389
1333351
1335830
1333364
1333369
1339248
1333350
1333365
1336258
1333350
1333351
1338916
1481567
1487743
1481505
1481501
1488137
1481500
1481517
1487846
1481521
1481500
1484326
1481522
1481518
1493508
1481519
1481524
1488390
1481517
1481500
1487666
1481519
1481518
1484126
1481520
1481501
1339628
1333370
1333362
4260998
1340951
1333352
1333363
1340027
1333372
1333350
1335961
1333369
1333366
1339054
1333363
1333351
1340445
1333351
1333369
1333384
1339622
1333350
1333350
1344753
1333369
1333351
1335869
1333364
1333371
1339812
1333352
1333366
1340874
1333350
1333371
1333369
1338728
1333350
1333350
1340483
1333369
1333350
1341264
1333366
1333369
1338962
1333353
1333366
1341176
1333366
1333370
1338986
1333369
1333351
1340739
1333376
1333366
1335717
1333350
1333351
1338903
1333369
1333350
1341473
1333369
1333390
1333352
1339004
1333369
1333373
1341020
1333363
1333369
1335831
1333353
1481524
1481522
1489183
1481499
1481520
1488066
1481523
1481501
1484215
1481517
1481526
1491426
1486304
1481515
1481524
1481541
1481501
1487641
1488302
1481501
1481507
1337000
1333372
1333350
1345949
1423186
1333373
1339053
1333350
4612427
1342947
1333364
1333350
1338903
1333350
1333366
1336583
1333367
1333372
1339626
1333351
1333369
1336004
1333350
1333350
1333383
1342247
1333369
1333350
1336933
1333371
1333372
1335645
1333362
1333368
1341776
1333352
1333362
1335885
1333369
1333370
1342077
1333350
1333371
1335842
1333372
1333366
1339076
1333351
1333366
1340789
1333352
1333350
1336099
1333369
1333371
1341228
1333351
1333363
1335873
1333352
1333350
1339071
1333371
1333352
1340014
1333366
1333372
1335999
1333351
1333363
1338954
1333370
1333350
1345195
1333364
1333350
1335790
1333366
1333371
1493384
1481500
1481521
1487543
1481500
1481501
1484220
1481521
1481502
1491442
1481514
1481527
1488615
1481502
1481543
1487731
1481517
1481499
1484312
1481524
1481522
1487492
1481518
1481517
1484794
1481517
1481525
1339148
1339276
1333350
1333367
1339686
1333370
1333350
1335710
1333362
1333369
1338811
1333351
1333363
1340577
1333351
1333350
1333383
1338974
1548448
1333352
1339518
1333372
1333350
1336941
1333363
1333373
1338889
1333350
1333363
1339821
1379466
1333351
1333388
1339489
1333350
1333350
1340563
1385727
1333350
1335873
1333365
1333350
1339278
1333350
1333363
1339659
1333370
1333371
1339771
1333373
1333365
1333350
1339475
1333368
1336001
1333351
1333366
1338875
1333370
1333367
1340546
1333366
1333390
1333351
1338630
1333370
1333368
1339368
1333366
1333364
1336791
1333364
1333350
1481532
1488958
1481526
1481549
1487307
1481514
1481514
1484275
1481518
1481499
1488756
1481502
1481517
1911660
1562176
1481500
4703252
1481544
1491823
1481502
1481515
1487837
1481501
1481502
1487548
1488677
1481513
1613463
1484533
1490897
1481546
1481499
1491200
1481525
1481500
1491472
1481521
1481521
1484273
1481501
1481499
1488681
1333370
1335905
1340681
1333352
1333372
1339956
1333350
1333367
1335892
1333351
1333370
1339162
1333351
1333350
1340367
1333365
1333351
1337695
1339567
1333364
1350257
1333350
1333351
1333363
1338076
1333350
1333363
1338975
1333372
1333351
1339508
1333365
1333369
1333370
1339000
1333364
1339670
1333350
1333350
1336984
1333369
1333350
1339195
1333350
1333369
1340510
1333351
1333364
1333375
1344646
1333350
1333362
1339613
1333351
1333350
1335732
1333374
1333350
1912069
1904822
1914062
1908130
1904787
1904822
1908124
1904818
1904807
1912183
1911367
1904812
1911491
1908101
1904786
1908186
1914230
1904822
1904812
1485697
1481501
1481515
1485866
1481524
1481520
1487043
1481522
1481501
1489129
1481514
1481517
1487194
1481502
1481515
1484270
1481524
1481501
1481501
1487720
1481500
1481500
1488342
1481500
1481525
1487446
1481501
1489821
1481525
1481501
1487803
1484189
1481525
1487183
1488121
1333365
1333371
1337657
1333351
1333366
1338958
1333350
1333370
1333367
1335787
1333368
1333352
1339109
1333375
1333366
1339201
1333355
1333366
1336485
1333352
1333369
1339606
1344550
1333350
1333367
1335949
1333373
1333351
1339264
1333372
1333372
1339209
1333365
1333369
1335859
1333352
1333370
1340737
1340906
1333352
1333352
1335886
1333372
1333366
1339131
1333371
1904815
1904787
1912476
1904805
1904816
1912046
1908452
1904786
1908255
1912077
1904786
1912813
1913103
1904786
1904787
1908472
1904813
1904786
1911277
1481517
1767109
1481502
1481500
1481500
1487915
1481520
1481500
1487515
1481523
1481520
1487603
1481500
1481525
1484502
1488289
1481521
1333372
1333372
1335785
1333366
1333385
1333370
1340194
1333365
1333369
1335774
1333350
1333364
1339450
1333375
1333350
1339865
1333370
1333369
1388019
1339055
1333370
1333372
1338491
1333350
1333351
1338530
1333359
1333359
1335714
1333374
1333350
1339100
1333367
1333372
1337257
1716075
1333365
1339873
1339927
1333352
1333367
1335831
1333351
1333350
1338996
1333371
1333350
1338858
1333364
1333369
1337638
1333350
1333367
1340069
1333350
1333350
1335860
1333368
1333350
1333350
1339493
1333367
1333372
1340793
1709134
1481521
1488916
1481521
1481517
1487249
1481541
1481501
1487002
1481521
1481524
1484130
1481517
1481500
1488685
1481501
1481502
1487465
1481524
1481502
1488553
1481519
1481501
1333350
1339688
1333365
1333372
1336718
1333369
1333365
1340010
1333350
1333350
1336773
1333372
1333370
1342901
1333365
1333369
1335806
1333350
1333351
1338947
1333350
1333353
1339861
1333366
1333369
1335852
1333376
1333400
1333351
1341786
1333350
1333369
1335834
1333350
1333366
1338977
1333373
1333351
1333366
1333369
1335804
1333351
1333367
1333384
1341810
1333350
1333367
1337551
1333369
1333351
1335699
1333368
1333369
1340667
1333367
1333387
1340069
1333367
1333382
1341797
1333373
1333350
1335814
1333372
1333366
1339735
1333364
1333366
1339864
1333351
1333351
1336066
1333370
1333372
1342284
1333372
1333364
1904873
1909778
1904804
1904793
1913222
1904786
1904808
1909644
1911187
1904786
1911268
1908083
1904786
1908074
1913662
1904857
1904787
1908505
1904809
1904808
1909140
1904785
1904808
1923129
1481525
1481521
1710618
1333369
1336647
1333350
1333367
1339226
1333371
1333350
1335834
1333366
1333367
1338904
1333363
1333369
1340407
1336356
1333366
1333365
1338662
1659424
1333365
1339611
1333375
1333350
1338126
1333368
1333374
1338737
1333351
1333366
4247436
1339863
1333350
1333363
1339103
1333350
1333351
1339710
1496712
1333351
1335833
1333366
1333373
1339706
1333351
1333369
1333388
1335882
1333367
1333350
1339051
1333352
1333351
1339640
1333372
1335872
1333350
1333367
1333372
1339265
1333351
1333382
1335777
1333363
1333364
1339355
1333362
1333370
1339598
1333363
1333367
1335750
1333367
1333364
1481522
1481528
1486197
1481527
1481531
1484330
1481500
1490620
1481520
1481524
1484286
1481519
1481523
1487841
1562033
1640927
1481518
1484583
1481500
1481515
4701164
1481532
1489776
1481518
1481520
1486587
1493300
1481501
1481514
1487401
1481515
1339069
1333363
1333369
1337365
1333373
1333368
1333370
1339449
1333350
1333363
1335901
1333371
1333350
1339135
1333368
1333369
1340369
1333350
1333366
1339803
1333350
1333363
1339503
1333373
1333353
1335863
1333365
1333371
1338864
1333363
1333363
1339926
1333363
1333364
4252008
1337299
1333351
1333376
1342334
1333374
1333350
1339067
1333351
1333372
1339289
1333352
1333369
1341004
1333352
1333362
1333389
1339277
1333350
1333366
1341240
1333369
1333350
1336341
1333362
1333381
1339542
1333351
1333362
1339736
1333367
1333369
1333368
1338872
1333351
1491504
1481528
1481535
1484209
1481501
1481521
1484259
1481519
1481500
1491642
1481519
1481522
1488961
1481518
1481528
1487577
1481500
1481518
1484321
1487431
1481501
1488768
1484258
1481543
1488073
1485813
1481525
1481524
1481499
1487476
1481522
1481501
1489389
1481518
1481522
1487445
1481500
1481539
1487865
1481517
1481500
1503007
1487347
1481518
1488455
1484146
1333374
1333377
1336458
1333350
1333366
1333388
1337216
1333351
1333369
1335785
1333351
1333350
1338699
1333371
1333350
1339072
1333367
1333372
1339568
1333350
1333379
1333371
1335783
1333363
1333369
1339252
1333351
1333352
1339872
1333369
1333372
1336013
1333367
1333370
1340183
1416453
1333384
1335875
1333373
1333351
1338855
1333370
1333370
1339624
1333366
1333372
1335764
1333351
1333370
1339095
1333373
1333370
1333366
1339381
1487101
1481500
1481501
4722793
1481540
1481501
1484192
1481524
1481525
1488964
1481499
1481517
1487500
1481500
1481501
1486185
1481521
1481520
1484119
1481501
1481527
1488486
1481518
1481518
1490019
1481530
1481500
1484295
1481521
1481501
1491137
1481536
1481501
1487775
1481501
1481518
1487575
1488749
1481502
1481521
1487251
1481520
1481501
1484444
1481518
1491430
1485424
1481517
1481517
1488641
1481500
1481522
1486856
1481522
1481500
1484648
1481518
1481499
1488694
1481539
1481527
1489155
1481500
1481521
1487675
1481518
1481501
1336964
1333364
1333371
1338910
1333351
1333369
4262135
1336002
1333369
1333368
1339260
1333350
1333369
1340960
1333368
1333350
1335900
1333367
1339954
1333351
1333351
1338787
1339640
1333352
1333374
1336964
1333369
1333365
1347845
1333352
1333368
1335890
1333351
1911750
1904788
1908258
1913803
1904808
1904814
1908167
1904804
1904787
1908130
1913467
1904809
1909472
1914920
1904819
1904816
1911957
1904804
1904816
1909001
1912902
1758618
1485295
1481501
1481515
1487381
1481517
1481500
1488385
1481522
1481524
1489494
1481502
1481517
1487174
1481502
1481515
1484374
1481521
1481501
1491524
1485586
1333371
1333350
4471478
1333383
1333372
1337235
1333350
1333370
1335735
1333350
1333350
1350478
1333372
1333363
1336361
1333363
1333369
1340263
1686164
1333363
1333370
1335860
1333350
1333367
1333376
1333367
1339650
1333367
1333374
1336099
1333370
1333370
1339348
1341922
1333350
1333359
1336933
1333371
1333351
1339435
1333366
1333365
1339673
1333363
1333372
1336323
1333352
1333364
4509585
1333387
1333350
1335874
1333372
1333371
1339250
1333371
1333351
1339811
1481526
1481531
1481502
1486043
1481500
1481520
1487522
1485706
1481500
1481499
1484196
1481525
1481500
1489452
1481518
1481542
1488469
1481501
1481518
1487349
1481524
1481501
1484248
1481525
1481517
1491098
1487452
1481500
1481502
1484550
1481517
1481522
1489129
1333350
1333371
1335822
1333372
1333350
1340289
1333364
1333372
1340274
1333367
1333369
1340068
1333350
1333363
1339810
1333369
1333350
1336102
1333369
1338971
1333350
1333351
1340152
1333351
1333351
1336034
1333387
1333373
1478793
1333363
1339664
1333372
1333363
1339036
1333363
1333372
1339746
1697489
1333369
1337505
1333350
1333369
1341674
1333350
1333371
1339497
1333369
1333372
1335985
1333350
1333363
1347731
1333367
1333350
1339674
1333352
1333350
1338344
1333351
1333369
1339360
1333352
1333369
1335925
1333372
1333350
1333385
1491956
1481525
1481499
1487451
1481522
1481501
1484348
1481517
1481521
1491073
1481501
1531955
1481518
1487931
1481501
1481502
1487902
1481525
1481499
1488514
1481524
1481524
1485092
1526953
1481499
1481501
1679299
1481535
1481515
1490361
1488215
1481501
1481524
1485789
1481500
1481520
1484366
1481524
1481500
1489785
1481515
1481543
1487756
1481500
1481515
1487591
1481501
1481502
1484291
1333372
1339362
1333371
1333367
1339968
1333371
1333370
1333363
1455933
1333350
1333350
1340901
1333374
1333350
1335800
1333362
1333365
1339073
1333350
1339651
1333370
1333389
1333350
1338814
1333363
1333362
1387723
1333366
1333367
1336086
1333364
1333367
1339204
1333350
1333351
1340977
1333350
1333390
1333362
1338885
1333361
1333373
1339490
1333350
1333365
1335700
1333350
1333362
1339169
1333365
1333366
1481537
1481515
1487681
1485700
1481500
1481517
1484546
1481500
1492983
1481518
1481521
1487565
1488233
1481515
1481522
1487723
1481501
1481515
1487531
1481522
1481499
1488396
1481517
1481538
1488117
1481513
1481515
1487374
1481500
1481500
1484313
1481517
1481499
1488606
1481501
1481524
4732606
1333380
1339378
1333369
1333350
1337577
1333367
1333367
1339657
1333363
1333350
1335979
1333350
1333370
1339723
1333371
1333372
1333352
1337898
1333369
1333347
1339046
1333372
1333371
1339717
1333351
1333362
1485944
1333353
1333350
1337549
1341813
1333350
1333352
1338786
1333370
1333363
1333350
1333369
1339593
1333364
1333366
1336397
1333372
1333366
1339854
1345269
1333372
1333369
1335815
1333366
1333371
1338777
1333350
1333369
1333368
1333351
1341667
1333364
1333366
1339058
1333350
1333382
1333369
1481558
1490729
1481535
1481523
1488549
1481501
1481517
1487093
1481524
1481500
1484237
1481515
1481500
1488769
1481500
1481523
1500533
1481501
1481517
1487795
1481525
1481518
1487465
1488004
1481521
1481521
1485914
1481516
1627614
1487973
1481522
1481516
1658285
1489446
1481500
1481517
1487670
1481518
1481500
1487520
1491101
1481502
1481500
1487232
1481541
1484302
1487328
1481502
1481524
1484090
1481501
1481520
1488283
1481524
1481501
1487595
1481524
1333372
1333369
1333364
1339281
1333365
1333351
1489182
1333372
1335781
1333351
1333363
1338896
1333372
1333365
1340755
1333366
1333388
1333367
1340017
1333365
1333365
1339330
1333363
1333364
1336929
1333377
1333350
1338875
1333373
1333350
1342086
1333381
1333371
1339281
1333369
1333367
1339839
1333351
1333352
1335828
1333368
1333350
1338897
1481524
1481528
1488866
1481520
1487687
1488769
1481499
1481500
1485104
1481525
1481500
1485971
1481517
1481524
1488814
1481501
1481521
1491537
1481522
1481501
1484153
1481524
1481502
1487656
1481517
1481515
1490265
1481504
1481500
1488208
1481520
1481520
1487715
1481524
1481500
1484192
1481524
1481500
1489228
1481502
1481519
1487797
1481522
1481518
1484559
1481536
1481501
1485676
1481502
1481502
1487201
1487459
1481502
1481515
1488269
1481500
1481500
1487493
1481524
1484540
1487597
1481514
1488343
1490656
1481502
1481521
1487500
1481501
1481502
1485935
1481502
1481500
1486634
1481536
1481515
1484276
1481501
1481500
1488827
1481501
1481501
1487360
1481521
1481500
1484598
1333371
1339423
1333391
1333353
1340657
1333370
1333372
1339092
1333350
1333369
1340940
1333351
1333367
1337870
1333369
1911530
1904818
1904786
1911900
1904805
1904787
1909478
1909461
1904787
1911802
1912153
1904816
1904785
1913186
1904804
1904813
1908208
1904809
1904812
1909755
1481501
1481518
1488866
1481516
1481501
1494226
1487102
1481521
1481743
1333350
1376294
1333355
1336152
1333370
1333368
1338686
1333372
1333351
1337559
1333370
1333351
1335819
1333363
1333371
1339914
1336283
1333362
1333371
1339480
1333352
1333365
1339870
1333371
1333370
1335897
1333350
1339661
1333350
1333363
1344108
1336228
1333350
1333366
1339102
1333371
1333351
1342967
1333369
1333366
1335857
1333352
1333372
1338978
1333350
1333365
4476709
1333391
1333351
1338928
1333369
1333371
1339611
1333350
1333363
1336035
1333370
1333350
1338871
1333350
1333350
1339571
1337908
1333375
1333351
1337009
1333363
1333367
1333358
1333350
1335808
1488098
1481501
1481501
1488421
1481524
1481501
1487338
1481521
1481518
1488044
1481502
1481502
1485560
1481521
1481501
1490651
1485824
1481525
1481502
1488482
1481524
1481524
1487431
1481539
1481518
1487938
1481522
1481524
1485402
1481522
1481501
1488246
1481521
1481524
1487868
1481517
1481524
1488029
1481501
1481501
1484308
1481526
1481502
1490384
1494495
1481520
1481501
1487325
1481525
1481589
5474034
1481522
1481518
1487396
1481500
1481500
1484390
1487537
1481501
1481500
1484729
1481524
1481501
1488486
1489447
1481538
1481500
1484229
1481522
1481518
1488694
1481501
1481518
1487486
1481514
1481500
1487005
1481520
1481501
1343857
1333420
1333367
1337571
1333352
1333366
1336578
1333369
1333367
1339735
1333371
1333373
1339277
1333368
1333369
1339796
1333367
1336008
1333351
1333373
1339161
1911287
1904806
1912581
1908738
1904788
1904809
1914181
1904809
1904785
1911443
1908253
1904787
1908181
1914231
1904817
1904786
1912698
1910114
1904805
1911511
1909953
1904806
1904817
1913544
1547038
1485537
1488242
1481501
1481502
1487932
1481521
1481524
1484566
1481514
1481501
1489424
1481517
1481500
1485810
1481520
1481500
1485616
1481520
1481502
1485717
1481515
1481517
1491029
1485603
1481515
1481522
1488486
1481500
1804593
1333366
1340045
1333351
1333366
1336954
1333370
1333352
1338774
1333367
1333371
1339447
1333373
1333370
1336197
1341136
1333351
1333370
1339277
1545056
1333369
1335830
1333373
1333350
1340472
1333365
1333369
1339446
1333351
1333364
1336059
1339281
1333350
1339243
1333365
1333350
1335882
1333373
1333368
1339162
1333351
1333365
1339601
1333351
1333350
1336431
1339647
1623142
1481501
1481500
1484126
1481524
1481501
1485740
1481526
1481517
1488550
1484114
1481523
1481521
1481521
1481517
1487697
1481524
1481501
1485765
1487221
1481517
1481501
1487794
1481521
1481522
1488367
1481518
1485761
1489349
1481501
1481514
1487417
1481520
1481499
1491552
1481517
1481501
1488872
1481501
1481518
4707885
1481521
1481500
1487439
1481513
1481501
1484191
1481521
1481521
1487247
1481500
1481518
1489050
1488504
1481523
1487291
1481524
1481500
1489169
1481502
1481524
1490412
1485542
1481518
1734991
1487204
1481499
1481515
1495649
1481521
1481518
1487613
1481521
1481515
1484264
1481518
1481521
1491300
1485633
1481518
1481522
1577126
1338148
1333365
1333366
1337069
1333351
1333363
1340246
1333370
1333350
1336062
1333369
1333373
1339024
1333367
1333363
4291262
1333371
1333350
1915886
1908588
1904785
1904806
1908566
1904805
1904786
1908969
1913927
1904817
1914523
1910185
1904812
1904812
1909040
1904785
1904814
1917973
1904787
1904785
1908558
1909779
1904808
1904786
1911461
1915971
1481524
1481501
1488444
1481522
1481523
1487528
1481514
1481523
1484503
1481499
1481519
1491136
1486436
1481500
1481514
3181210
1487658
1481499
1481515
1487386
1486894
1481500
1481517
1488430
1481517
1481501
1487479
1481521
1481517
4688884
1481541
1491690
1333371
1335813
1333350
1333367
1339951
1333350
1333368
1340499
1333363
1333350
1335863
1333362
1333372
1333372
1341480
1333363
1333372
1337178
1333351
1335675
1333369
1333350
1341274
1333366
1333373
1335734
1333351
1333373
1333387
1341983
1333350
1333351
1337383
1333369
1333363
1671177
1333368
1333369
1333351
1333371
1336202
1333373
1490947
1481514
1481517
1484219
1481522
1481501
1484290
1487302
1481499
1481514
1484359
1481524
1491335
1481520
1481528
1487636
1481501
1481515
1484250
1487182
1481500
1481501
1484280
1481522
1481502
1488622
1481540
1481522
1488126
1481518
1481521
1487237
1481501
1481501
1484605
1481526
1481501
1488683
1481502
1481521
1491628
1481501
1481517
1484114
1481524
1481501
1486240
1481521
1481501
1481500
1485656
1481521
1481524
1489288
1481533
1338034
1333371
1333351
1339755
1333375
1333373
1335821
1333366
1333369
1339304
1333350
1333366
1333370
1333372
1333380
1339268
1333353
1333372
1339858
1333362
1333366
1340160
1333351
1333350
1339391
1333350
1333351
1341383
1333370
1333386
1333350
1333364
1333369
1339499
1333351
1333365
1338931
1333375
1333350
1338973
1333350
1333373
1339558
1333350
1333352
1904813
1904810
1909160
1913355
1904837
1904818
1910365
1904803
1904826
1909505
1914189
1904791
1705497
1655985
1481520
1481522
1488962
1481500
1481501
1485135
1487563
1481539
1484164
1481523
1481525
1484749
1485347
1481522
1481527
1481538
1484212
1481520
1481499
1488043
1481501
1481539
1484260
1481521
1481502
1488357
1481520
1481525
1487832
1481522
1481527
1481522
1487488
1481529
1486787
1481517
1481500
1490990
1485597
1481525
1481518
1487430
1481501
1481522
1487693
1490268
1481502
1481528
1333373
1333350
1338820
1333372
1333371
1339017
1333370
1333371
1339144
1333350
1333374
1343187
1333351
1333369
1333366
1333372
1333371
1342359
1605660
1333353
1337328
1333350
1333369
1340196
1333373
1333350
1339874
1333372
1333373
1337783
1333351
1333392
1333372
1342530
1333369
1335721
1333369
1333350
1458870
1333383
1333372
1340784
1333369
1333372
1339330
1333351
1333368
1339252
1333369
1333376
1333388
1335868
1333371
1333351
1338498
1333369
1333368
1341263
1333374
1333369
1335960
1333350
1333373
1343726
1333371
1333350
1333392
1335921
1333373
1333366
1339267
1333373
1333371
1340222
1333370
1333350
1335824
1333373
1333352
1339699
1333375
1333372
1335838
1333372
1333375
1339402
1333350
1333363
1338883
1333371
1333350
1340434
1333350
1333372
1338731
1333350
1333370
1333372
1335872
1333363
1333368
1338876
1333350
1333370
1339821
1333369
1333353
1337512
1333368
1333368
1339784
1333362
1333386
1335829
1333351
1333352
1338673
1333368
1333350
1339736
1333350
1333389
1337400
1333350
1333351
1338797
1333372
1333392
1333364
1340646
1348127
1333351
1338861
1333367
1333351
1341126
1333367
1333369
1481521
1488425
1488227
1481520
1481521
1488141
1481519
1481520
1485322
1481525
1481501
1488952
1485053
1481521
1487216
1481517
1481500
1484336
1481518
1481525
1481525
1724951
1489366
1481527
1481524
1487481
1481518
1481542
1487839
1481500
1481524
1484184
1481522
1481501
1489973
1487504
1481526
1481501
1488901
1481525
1481524
1489404
1481515
1481499
1484205
1481523
1481501
1485944
1481522
1481518
1491082
1487217
1481500
1481501
5613332
1481539
1481523
1489353
1481522
1333366
1333368
1339165
1333350
1333363
1340705
1333371
1333350
1337748
1333371
1333368
1339571
1333366
1333374
1341607
1333364
1333369
1337752
1333369
1333351
1340767
1333371
1333373
1338902
1333351
1333366
1338706
1333352
1333366
1339552
1333368
1333350
1336924
1333362
1333368
1696285
1333370
1343133
1333369
1333350
1336226
1481528
1487450
1481506
1481522
1484433
1488093
1481500
1481517
4703146
1481521
1488802
1481534
1481520
1487512
1488968
1481500
1481514
1484862
1481501
1481530
1484166
1481524
1492290
1488736
1481519
1481525
1488417
1481500
1481522
1487739
1481514
1481500
1484471
1481521
1481500
1490598
1481540
1481518
1488062
1481501
1481520
1487304
1481525
1481501
1484165
1481518
1481524
1488464
1481520
1422715
1333389
1366209
1333364
1333369
1339131
1333350
1333369
1336955
1333371
1333351
1339532
1333369
1333371
1345049
1333365
1333350
1333389
1342273
1333360
1333351
1335840
1333351
1333372
1339511
1333351
1333351
1339683
1333371
1333369
1335890
1333366
1333386
1333372
1342716
1333350
1333367
1335860
1333350
1339034
1333363
1333372
1339715
1333351
1333368
1335802
1333350
1333370
1333369
1340370
1333365
1481522
1481501
1489302
1481526
1481501
1487462
1488803
1481523
1484149
1487364
1481551
1481594
1485137
1481522
1489054
1481521
1481503
1488111
1488885
1481527
1481500
1487077
1481522
1481525
1492888
1481519
1481501
1486039
1514303
1481521
1481500
1486094
1481519
1481502
1488075
1481525
1481501
1487335
1481517
1481520
4711946
1481537
1481523
1484149
1481523
1481502
1488421
1481520
1481501
1481499
1487393
1481522
1481500
1486259
1481522
1484219
1481501
1481514
1491557
1486061
1481526
1481500
1487407
1481524
1481501
1485416
1333369
1338775
1333389
1333350
1338908
1333369
1333352
1339419
1333369
1333371
1335703
1333350
1333363
1339185
1333372
1333350
1340982
1333372
1333385
1333350
1338526
1333350
1333372
1341510
1333351
1333350
1335757
1333365
1333367
1338837
1333350
1333352
1341222
1336197
5194000
1481522
1481523
1486883
1481521
1481525
1484290
1487166
1481522
1487540
1487917
1481517
1481524
1490440
1481520
1481514
1491754
1481501
1481502
1484318
1481525
1481500
1485587
1481515
1481526
1488263
1486876
1481514
1481529
1491289
1481501
1481517
1485749
1481501
1481502
1485972
1481522
1481521
1487566
1487524
1481524
1481524
1497047
1481518
1481525
1484204
1481518
1333363
1333369
1337595
1333351
1333383
1333369
1338583
1333350
1333371
1337234
1333373
1333352
1339015
1333369
1333371
1339650
1333371
1333365
1336205
1333366
1333371
1333363
1340295
1333358
1333363
1335820
1333372
1333351
1339191
1333385
1333375
1339386
1333366
1333362
1336269
1333372
1333351
1340333
1333369
1333351
1335820
1333364
1333372
1340292
1333369
1333365
1339371
1333351
1333351
1336584
1341430
1333351
1333351
1490845
1481525
1481525
1491872
1487297
1481522
1481524
1488414
1481515
1481519
1486044
1481500
1481538
1484042
1481526
1481522
1487030
1481518
1481500
1490210
1510469
1481523
1591824
1481500
1485521
1481515
1493001
1481524
1481501
1484051
1481522
1572201
1481500
1485099
1481524
1481501
1484663
1481501
1481526
1489697
1481519
1481515
1488024
1481521
1481500
1485736
1481522
1481500
1485239
1481514
1481501
1488634
1481501
1481514
1487696
1481502
1481517
1486817
1481525
1481524
1484107
1481518
1364520
1342101
1342071
1333362
1333370
1337939
1333372
1333364
1339325
1333369
1333352
1335870
1333369
1333374
1338818
1333366
1333367
1338708
1333351
1333369
1335814
1340649
1333351
1333366
1339799
1333370
1333362
1335805
1333363
1333371
1338885
1333352
1333351
1339726
1333351
1333351
1333364
1333393
1487079
1481500
1481518
1489095
1481501
1487891
1481515
1481518
1484196
1487744
1481518
1481521
1484046
1481501
1481515
1488370
1481506
1481506
1487762
1481540
1484323
1487497
1481515
1481522
1484122
1481500
1481514
1488327
1481502
1481501
1487742
1481524
1481524
1487484
1481521
1481523
1484343
1481501
1481518
1488529
1481525
1481501
1487300
1481522
1481500
1484479
1481515
1481533
1486229
1481513
1481502
1487603
1481521
1481501
1487454
1488277
1481521
1481502
1487314
1481515
1486675
1481500
1481501
1491233
1485617
1481501
1481500
1488299
1481520
1481499
1488434
1490183
1481538
1481500
1481521
1481518
1484136
1481501
1481500
1490792
1485597
1481524
1335648
1333362
1333373
1341850
1333350
1333363
1335878
1333370
1333350
1340789
1333351
1333372
1335809
1333365
1333369
1339284
1711889
1333350
1481524
1488203
1481501
1481517
1488350
1481521
1481500
1487527
1481515
1481521
1484504
1487468
1481519
1486551
1481502
1481500
1488580
1481526
1481500
1487681
1489351
1481525
1481500
1483996
1481521
1537727
1487596
1481501
1481514
1484243
1481501
1481500
1488944
1484145
1481500
1481500
1489069
1481521
1481500
4705755
1481540
1484180
1481529
1481499
1490523
1485441
1481502
1481501
1488452
1481522
1659732
1484313
1481514
1481519
1487592
1481500
1481518
1484163
1481524
1481522
1488270
1481522
1481501
1487412
1481515
1481522
1486310
1333373
1342015
1333350
1333369
1337659
1333351
1333363
1336897
1333351
1333351
1341575
1333350
1333350
1338164
1333363
1333371
1333372
1342384
1333365
1337564
1333351
1333350
1337150
1333369
1333350
1341582
1333366
1333371
1335783
1333351
1333363
1333390
1341551
1447417
1333378
1339274
1342868
1333350
1333362
1335793
1333350
1333351
1339065
1333371
1333351
1340014
1333368
1333369
1337680
1333350
1333369
1341941
1333369
1333350
1335835
1333365
1333367
1339036
1333374
1333371
1339528
1333351
1333369
1337503
1333370
1333369
4463603
1339712
1333373
1333350
1335867
1333370
1333367
1338961
1333350
1333369
1339628
1333350
1333350
1335795
1333369
1333352
1342395
1333366
1333370
1339539
1333350
1333369
1338750
1333351
1333371
1339718
1333369
1333350
1338367
1333373
1333373
1333371
1342170
1333367
1333369
1335736
1333352
1333370
1338450
1333369
1333352
1339996
1333368
1335812
1333352
1333368
4533905
1340244
1333352
1333351
1335952
1333373
1333352
1338540
1333351
1333372
1340141
1333369
1333370
1336162
1333352
1333372
1341644
1333369
1333350
1339498
1333366
1481524
1491284
1481518
1481524
1484245
1588904
1645776
1481515
1484443
1481500
1481500
1488362
1481522
1481500
1487267
1481524
1481525
1491689
1485736
1481517
1481528
1759018
1485419
1481532
1481500
1486156
1481501
1481548
1481533
1484977
1481501
1481521
1484455
1481501
1481501
1490402
1485560
1481525
1481501
1488670
1481522
1481500
1484606
1481501
1481502
1486839
1481502
1481502
1488249
1487458
1481523
1481501
1485799
1481525
1481516
1490399
1485863
1481518
1481502
1488470
1481522
1481523
1487878
1481518
1481499
1485374
1333351
1338703
1333366
1333372
1339820
1333363
1333369
1333385
1339062
1333371
1333372
1401789
1333350
1333365
1335966
1333370
1333350
1339558
1333350
1333369
1339980
1333351
1333383
1333362
1338813
1333351
1333363
1340427
1333351
1333354
1335897
1333372
1333372
1339537
1574916
1339664
1333351
1338713
1333370
1333369
1339900
1333352
1333372
1335704
1333369
1333350
1339350
1341672
1333372
1333364
1335857
1333351
1333350
1339201
1333369
1333368
1339309
1333364
1333370
1336963
1333367
1333366
1333388
1342514
1333350
1333351
1340007
1333350
1333367
1335843
1333351
1333369
1340279
1333350
1333367
1335901
1333369
1333353
1333372
1342532
1333373
1333351
1335820
1333363
1333362
1339036
1333353
1333367
1339950
1333353
1333351
1335822
1333373
1333386
1341838
1333368
1333371
1335695
1333350
1333350
1339171
1333350
1333352
1339008
1333366
1333371
1337960
1333365
1333370
1333374
1339399
1333350
1333365
1335762
1333351
1333364
1339387
1333351
1333351
1340128
1333369
1333369
1337015
1333363
1333392
1333351
1342544
1333369
1339457
1333374
1333350
1336378
1333370
1333368
1904866
1904804
1908227
1904818
1904786
1912248
6012537
1904806
1913358
1908098
1904808
1904823
1908205
1904799
1904804
1912471
1904785
1904813
1911343
1910737
1904840
1909814
1916901
1904786
1904808
1914191
1904786
1904786
1908146
1910065
1904786
1913377
1481523
1481500
1481522
1485024
1333369
1333362
1338935
1333371
1333350
1336002
1333363
1333369
1339026
1333370
1333364
1335884
1333369
1333350
1338861
1333370
1333372
1339556
1333363
1333365
1336224
1333351
1333363
1337329
1333371
1333371
1333366
1335840
1333351
1333351
1338781
1333352
1333373
1340985
1333362
1333373
1337111
1333350
1333366
1338755
1333385
1333351
1335821
1333364
1333367
1339091
1333350
1333364
1339344
1333351
2505206
1333360
1338520
1333351
1333350
1339858
1333367
1333350
1339908
1333364
1333366
1335825
1333352
1333363
1636459
1333362
1333350
1338053
1333370
1333373
1335812
1333367
1333369
1338975
1333351
1333363
1339126
1333371
1333351
1337796
1333370
1333372
1339655
1333370
1342046
1333350
1333350
1335865
1333351
1333372
1339074
1333353
1333369
1339864
1333352
1333362
1336453
1333366
1333350
1333385
1340185
1333370
1333352
1335822
1333363
1333370
1339047
1333350
1333363
1341117
1333351
1333351
1335734
1333369
4270730
1345275
1333364
1333370
1335745
1333351
1333363
1339371
1333350
1333350
1340677
1333350
1333367
1335774
1333350
1333365
1333390
1341800
1333350
1333370
1340126
1333351
1333364
1335731
1333351
1333351
1339486
1333350
1333369
1337301
1333363
1333366
1333389
1748079
1333363
1335748
1333350
1333353
1340678
1333351
1333371
1340587
1333364
1333382
1335904
1333351
1333369
1333385
1341326
1333350
1451729
1342787
1333370
1333351
1335826
1333363
1333378
1338800
1333369
1333350
1340211
1333352
1333351
1336449
1333351
1333372
1340090
1343309
1333371
1333363
1335832
1333364
1333369
1339007
1333350
1333366
1340302
1333372
1333350
1336230
1333370
1333367
4261468
1333370
1333368
1335901
1333351
1333363
1339648
1333350
1333351
1340168
1333350
1333369
1337701
1333351
1333366
1339102
1342216
1333350
1333369
1335826
1333350
1333367
1475522
1333364
1402057
1333351
1333362
1336422
1333350
1333351
1339149
1342419
1333365
1333351
1335930
1333350
1333353
1339659
1333366
1333372
1340487
1333350
1333366
1336212
1333351
1333363
4257619
1340504
1333350
1333363
1335951
1333350
1333367
1339172
1333363
1333366
1340420
1333351
1355844
1333352
1333369
1337621
1341110
1333350
1333371
1338788
1333351
1333369
1656728
1481513
1481515
1484968
1481524
1481501
1485604
1481540
1481525
1484235
1481515
1481520
1488098
1481501
1481499
1488182
1481515
1481500
1484414
1333366
1425547
1343164
1333352
1333366
1336046
1333350
1333367
1339247
1333366
1333351
1340652
1333358
1333379
1336489
1333365
1333363
1481521
1333382
1420674
1357464
1333377
1390550
1333363
1338822
1333369
1401941
1379395
1333363
1444278
1333368
1339006
1333363
1333390
1425669
1356612
1333363
1333370
1333372
1433534
1349815
1359948
1416737
1333352
1340760
1333369
1376241
1404526
1333370
1366617
1418272
1333352
1475501
1333373
1393570
1384490
1333362
1338880
1333362
1434079
1349745
1357515
1418028
1333372
1333351
1435785
1333369
1449867
1333369
1338782
1499545
1333351
1335839
1333350
1333369
1337146
1333368
1333364
1333390
1335941
1333350
4495290
1336926
1333355
1338903
1333351
1333367
1444965
1333351
1440648
1333376
1341230
1333350
1333364
1455494
1333372
4383067
1338927
1333364
1411094
1398606
1333364
1471948
1333372
1338854
1333350
1333366
1475544
1333350
1424591
1355144
1333371
1407247
1374390
1333369
1440094
1333352
1339689
1333372
1353004
1426472
1333363
1459977
1333369
1339283
1333350
1333366
1333393
1475204
1333363
1338543
1333369
1333353
1339455
1445353
1333369
1423385
1373308
1333371
1333372
1333352
1342935
1337582
1333350
1333353
1339662
1333350
1333366
1335821
1333352
1333364
1338866
1333366
1333351
1341326
1333350
1333365
1333373
1338760
1333350
1333366
1339648
1333351
1333364
1335908
1333350
1333369
1339354
1333353
1333350
1340301
1333351
1333373
1333373
1339171
1333369
1339605
1333350
1333362
1336562
1333369
1690588
1487638
1481522
1481525
1487419
1481502
1481501
1484281
1481500
1481501
1488556
1481518
1481502
1487583
1481502
1481525
1488429
1481518
1481501
1484292
1481500
1481501
1488368
1481518
1481501
1487272
1488658
1481520
1481524
1487604
1481522
1484451
1481501
1481501
1488398
1481521
1481518
1485661
1487906
1481518
1481502
1486032
1481515
1481521
1481535
1481500
1489920
1487137
1481525
1487467
1488440
1481522
1481526
1487644
1481518
1481501
1484536
1481501
1491262
1485752
1481522
1481501
1487269
1481513
1481526
1487221
1481500
1481501
1484351
1481500
1481501
1488450
1481537
1481500
1488438
1481500
1481523
1487175
1481518
1481501
1485813
1481502
1481500
1489749
1333367
1337442
1333381
1333364
1340235
1333363
1333351
1335786
1333362
1333352
1339126
1333364
1333372
1341256
1333359
1333350
1505800
1333350
1333351
1344733
1333350
1333372
1339485
1333362
1333371
1499831
1333352
1340057
1333369
1333370
1333351
1340165
1333352
1333350
1339341
1333351
1333376
1335795
1333353
1333362
1339294
1333371
1333350
1340940
1333366
1333390
1339175
1333363
1333370
1339515
1333351
1333367
1335870
1333371
1333369
1340374
1333351
1333372
1340098
1333351
1333371
1333365
1338022
1481514
1481515
1484217
1481517
1481500
1490693
1481522
1481503
1487948
1514886
1481527
1649353
1487634
1481515
1481501
1487327
1489418
1481515
1481521
1487573
1481501
1481500
1484433
1481518
1481502
1484667
1481521
1481499
1488226
1481518
1481499
1487557
1481500
1481515
1484381
1488320
1481502
1481515
1484469
1481541
1490739
1487451
1481518
1481501
1490087
1481516
1481501
1336334
1333350
1333367
1341183
1333372
1333365
1904870
1904821
1912191
1904787
1904786
1481517
1484280
1481501
1481501
1484206
1481519
1481536
1481500
1485675
1481522
1481500
1484157
1481515
1481517
1481501
1484289
1481515
1481523
1488544
1481500
1481502
1488310
1481515
1481500
1484852
1481522
1481517
1491571
1487304
1481521
1489075
1481514
1481500
1487704
1481501
1481501
1484184
1487362
1481522
1481500
1485338
1481521
1481500
1481520
1481501
1487372
1481524
1481501
1484294
1487462
1481521
1481500
1484328
1481501
1481501
1489412
1481524
1481544
1488750
1481501
1481514
1487466
1481520
1481500
1484240
1481515
1481501
1488722
1481501
1481518
4712000
1481521
1481500
1488683
1481520
1481501
1484265
1481516
1481520
1489121
1484306
1481518
1481521
1489252
1481536
1338832
1333351
1333351
1340120
1333351
1333369
1335842
1333350
1333368
1339189
1716735
1481500
1481513
1485381
1481520
1481501
1486214
1481522
1481500
1488611
1481534
1680679
1488453
1481501
1481501
1488622
1488361
1481502
1481516
1487333
1481524
1481500
1484671
1481522
1489286
1484096
1481515
1481521
1491633
1481501
1481502
1487219
1481518
1481523
1484730
1665302
1719158
1486447
1481499
1481500
1485692
1481501
1481501
1487344
1488023
1481500
1487641
1576368
1481518
1538197
1481501
1485465
1481522
1481502
1488631
1481513
1481522
1486903
1481502
1481500
1484316
1481500
1481502
1489263
1481520
1481546
1493173
1481515
1481501
1488768
1481500
1481501
1484751
1481518
1481501
1489672
1481521
1481522
1488030
1481548
1481500
1487352
1481500
1481500
1484304
1481521
1481501
1491121
1485727
1333369
1333350
1335787
1333363
1333387
1335916
1333352
1333363
1339632
1333351
1333351
1646390
1481506
1486257
1481500
1481514
1484443
1487200
1481515
1481514
1484165
1481501
1481500
1481534
1481521
1481501
1489538
1481515
1481501
1487167
1481501
1481500
1488012
1481500
1481502
1489607
1488440
1481547
1487987
1481514
1481521
1487597
1487654
1481515
1481521
1487182
1481501
1481501
1484595
1481521
1481501
1484913
1481524
1481501
1487653
1481501
1481504
1487483
1481502
1481514
1484244
1487474
1481501
1481515
1484607
1481539
1481500
1484274
1481515
1481501
1488473
1481501
1481515
1487218
1488378
1481517
1481515
1487202
1481499
1481501
1484988
1481519
1481500
1490795
1481518
1481521
1487442
1491977
1481515
1481522
1481499
1488517
1481513
1481500
1488661
1481501
1481502
1484134
1481500
1481502
1481514
1481523
1481499
1487966
1333363
1335770
1333351
1333351
1340970
1333352
1333369
1692075
1481533
1481500
1340630
1333363
1333350
1335956
1333366
1333350
1338947
1333367
1333369
1340549
1333363
1333385
1338740
1333362
1333366
1345327
1333372
1333352
1339724
1333372
1333371
1339300
1333350
1333364
1339746
1333350
1333352
1337549
1333373
1333350
1339234
1333363
1333371
1335804
1333352
1333350
1339339
1333351
1333351
1339542
1333369
1333352
1333370
1339911
1333350
1333350
1339046
1333351
1333366
1335825
1333350
1333364
1339382
1333350
1333350
1340997
1333350
1333392
1333351
1336690
1333351
1333366
1340018
1333352
1333366
1333350
1333350
1427324
1333350
1333374
1339858
1333350
1333371
1333389
1339320
1333363
1333369
1339504
1333353
1333363
1335813
1333370
1333350
1338913
1333369
1333369
1340873
1333351
1333383
1339593
1333350
1333350
1339146
1333350
1333350
1337812
1333363
1706918
1340972
1333350
1333367
1339503
1333350
1333351
1335904
1333368
1333352
1339093
1333363
1333365
1333363
1333364
1339126
1333367
1333371
1333350
1339405
1333350
1333369
1339948
1333350
1333370
1339261
1333351
1333352
1339591
1333353
1333350
1337736
1340273
1333371
1333350
1340942
1333371
1335754
1333363
1333366
1339360
1333371
1333350
1339833
1333367
1333369
1337576
1341439
1333351
1333371
1341002
1333350
1333362
1335844
1333350
1333352
1339304
1333351
1333351
1339161
1333350
1333369
1336394
1339562
1333350
1333367
1339017
1333352
1333364
1335877
1333351
1333351
1338748
1333351
1333351
1339188
1333352
1333370
1333373
1339108
1333364
1333378
1339097
1333352
1333364
1339203
1333350
1333364
1339340
1333366
1333351
1333352
1333365
4263182
1338918
1333350
1333363
1339192
1333351
1333367
1695434
1481521
1486917
1481502
1481502
1484274
1481522
1481501
1489132
1484153
1481520
1481515
1489405
1481520
1488071
1481517
1481502
1484254
1487242
1481514
1481518
1484411
1481513
1481521
1488006
1481515
1481500
1491422
1481518
1481501
1488829
1481528
1481501
1484262
1481522
1481501
1488991
1481515
1481501
1487710
1481519
1481520
1487109
1481524
1481501
1484630
1481519
1481501
1488641
1481501
1481521
1487361
1488542
1481514
1481520
1481543
1481500
1487260
1481521
1481499
1490967
1481515
1481519
1487269
1488921
1481516
1597087
1333371
1338812
1342378
1333364
1333371
1335838
1333351
1333370
1339095
1333362
1340532
1333369
1333369
1336137
1333367
1333366
1339769
1343469
1333350
1333364
1335807
1333350
1333350
1337095
1333350
1333352
1338824
1333352
1333364
1335984
1333350
1333363
4260111
1487805
1481501
1481515
1488761
1481521
1488141
1481515
1481518
1484137
1487609
1481501
1481524
1484222
1481501
1481500
1488839
1481525
1481500
1488474
1481541
1481501
1487419
1481512
1481500
1723329
1486054
1481514
1481520
1484226
1481501
1481517
1487764
1481521
1487611
1488720
1481519
1481525
1487578
1481513
1481517
1484207
1481501
1481501
1488633
1481500
1481501
4722239
1481531
1481525
1487700
1481500
1481501
1484390
1481504
1481500
1491115
1481520
1481500
1487478
1488404
1481521
1487692
1481501
1481502
1484278
1481524
1481501
1489128
1484157
1481500
1481514
1489841
1481522
1481501
1481520
1481515
1487786
1485700
1481500
1481515
1484298
1481524
1481514
1489250
1481522
1481500
1497151
1481513
1481539
1490444
1481502
1481501
1484402
1481521
1481502
1488387
1481518
1481524
1487312
1489309
1706206
1481522
1481499
1487130
1481521
1481499
1487003
1481515
1481500
1484367
1490475
1481501
1481522
1481543
1481501
1490874
1485534
1481500
1481500
1487550
1481513
1481501
1485526
1481501
1481501
1484236
1481515
1481522
1544550
1481517
1481501
1488985
1481501
1481500
1487111
1481502
1481518
1484418
1487834
1481501
1481515
1481539
1481501
1489017
1481514
1481521
1487594
1488673
1481515
1481500
1487601
1481500
1481500
1484898
1481521
1481522
1485786
1481519
1481500
1489813
1481514
1481502
1487675
1481502
1481514
1484222
1487397
1333350
1333364
1333389
1443081
1333351
1333350
1335724
1333350
1333350
1340320
1333371
1333363
1335811
1333364
1333362
1339205
1333351
1333371
1333367
1335775
1333350
1333351
1345950
1333364
1340616
1333363
1333351
1335770
1333351
1333352
1339316
1333366
1333375
1696968
1492613
1481521
1481500
1484840
1481516
1481521
1487550
1481522
1481500
1484230
1481525
1481500
1488060
1481519
1481520
1487568
1487956
1481521
1481502
1487586
1481518
1484557
1487494
1481500
1481515
1484226
1481524
1481501
1487902
1481518
1481523
1487375
1487716
1481520
1481500
1488228
1481515
1481518
1487125
1481500
1481514
1489690
1481522
1481502
1488685
1481513
1481501
1487547
1481503
1481520
1487987
1481499
1481503
1484500
1481522
1481517
1490832
1487798
1481520
1481500
1487872
1481501
1489259
1488050
1481515
1481515
1487488
1481519
1481501
1484432
1481500
1481500
1488234
1481514
1481518
1488456
1481520
1481501
1487589
1481528
1481502
1484188
1487317
1481522
1481501
1484500
1481517
1481515
1488143
1481515
1481540
1492280
1481500
1481514
1487079
1481522
1481518
1484460
1481523
1608983
1485416
1481514
1481515
1487694
1481500
1481502
1487550
1481524
1481523
1487273
1481521
1481502
1484179
1333365
1339876
1333351
1333350
1339902
1333350
1333365
1336324
1333350
1333363
1338743
1333350
1333364
1335842
1333351
1333363
1338979
1333350
1333365
1339843
1333350
1333370
1339198
1333350
1333352
1343493
1333350
1333373
1338746
1333351
1333369
1336686
1333350
1333363
1339596
1333350
1333350
1335914
1333351
1333373
1333369
1333362
1335797
1333369
1333350
1339089
1333367
1333369
1339923
1333363
1333363
1336055
1333351
1333350
1339717
1333372
1333353
1338947
1333364
1333370
1403752
1333353
1333350
1337306
1333351
1333383
1338567
1333350
1333366
1339004
1333351
1333370
1339293
1333362
1333362
1335852
1333366
1333350
1339277
1333367
1333390
1335715
1333363
1333366
1338850
1333350
1653393
1333383
1335892
1333350
1333366
1339167
1333351
1333352
1339209
1338610
1333351
1333350
1339060
1333350
1333373
1340333
1333350
1333370
1335851
1333350
1333363
1339850
1333371
1339899
1333366
1333369
1333373
1338839
1333366
1333369
1338997
1333350
1333368
1483799
1333351
1333351
1339449
1333350
1333370
1343672
1333384
1333363
1339446
1333350
1333350
1339227
1333366
1333351
1335793
1333363
1333367
1339783
1333350
1333364
1339364
1338895
1333351
1333369
1338944
1333350
1333350
1340462
1333352
1333367
1339184
1333350
1333365
1338995
1333350
1333364
1340257
1333389
1333350
1344127
1333369
1333372
1339651
1333363
1333369
1335748
1333350
1333363
1338889
1333369
1333350
1340079
1340787
1333350
1333350
1338780
1333350
1333371
1341516
1333351
1333367
1335776
1333351
1333364
1339150
1333372
1568966
1490440
1485716
1481527
1481499
1487409
1481521
1481500
1481520
1481515
1484143
1487205
1481518
1481501
1484185
1481518
1481521
1490058
1481528
1481522
1487265
1489203
1481521
1486970
1481525
1481499
1487287
1485744
1481521
1481499
1487198
1481522
1481501
1488766
1481527
1481500
1490882
1481500
1481514
1488370
1481521
1481501
1484270
1481520
1481525
1489466
1481520
1481578
1488263
1490022
1481521
1484722
1481517
1481499
1484261
1481522
1481521
1490050
1486907
1481501
1481522
1487943
1481525
1336921
1333390
1333351
1339547
1333369
1333367
1336848
1333363
1333364
1341103
1333350
1333350
1341110
1333350
1333368
1337804
1339916
1333373
1333363
1340370
1333363
1333365
1477446
1333350
1333369
1337029
1333366
1341726
1333350
1333369
1335862
1341738
1333352
1333368
1339806
1333350
1336759
1481569
1490830
1481522
1481500
1489330
1481521
1481502
1484853
1481515
1481500
1488372
1481501
1481518
1488347
1340305
1333363
1333370
1333367
1339378
1333351
1333350
1339328
1333351
1333365
1335869
1333351
1333350
1339094
1333351
1333367
1340167
1333380
1333367
1339183
1333362
1333350
1339674
1333350
1333350
1335937
1333350
1333365
1339675
1333350
1333363
1341651
1333350
1333371
1333364
1339363
1333369
1333352
1339800
1333369
1333372
1335751
1333362
1333369
1340108
1333350
1339667
1333369
1333385
1333351
1338630
1333351
1333368
1339818
1333350
1333352
1335946
1333351
1333363
1340165
1333352
1333351
1340926
1339875
1333368
1333364
1338814
1333350
1333363
1339910
1333366
1333366
1335815
1333351
1333351
1339262
1333366
1339773
1333362
1333382
1333369
1336957
1333351
1333369
1342212
1333350
1603989
1481540
1481518
1481515
1485552
1481515
1490911
1481500
1481500
1484074
1481517
1481525
1481500
1522440
1333350
1333366
1339593
1333372
1333369
1336167
1340391
1333350
1333369
1339306
1333350
1333352
1335737
1333354
1333351
1339767
1333369
1339311
1333350
1333366
1336584
1333350
1333373
1333367
1339441
1333375
1333351
1335745
1333364
1333372
1338882
1333350
1333350
1340087
1333370
1333350
1335743
1340202
1333350
1339678
1333363
1333375
1337734
1333350
1333363
1338975
1333350
1333351
1340323
1333366
1333355
1336252
1339175
1333366
1402399
1333351
1333363
1335772
1333350
1333365
1339566
1333350
1333364
1340352
1333352
1333364
1336085
1333351
1333370
1333369
1340039
1333351
1333364
1335894
1333350
1333350
1339069
1333370
1333371
1340694
1333365
1333369
1336417
1340502
1333364
1333369
1655794
1481501
1481500
1489217
1481501
1481519
1487454
1481533
1481499
1487368
1333350
1339362
1333366
1333350
1337054
1333362
1333350
1340332
1333350
1333366
1341480
1333350
1333371
1338996
1460548
1333350
1339913
1333369
1333368
1339317
1333351
1333362
1340467
1333350
1333352
1340030
1333351
1389650
1333351
1338986
1333364
1339379
1333350
1333350
1335827
1333350
1333351
1340414
1333368
1333369
1340203
1333364
1333370
1333390
1339073
1333351
1333367
1339964
1333350
1333364
1335869
1333351
1333351
1338626
1333351
1333372
1339821
1333351
1333383
1333374
1343152
1333365
1333365
1340894
1333352
1333363
1338177
1333367
1333363
1338902
1333363
1333371
1340568
1333382
1333361
1339178
1333351
1333351
1341162
1333350
1333366
1335773
1333350
1333365
1339104
1333352
1333364
1339531
1430782
1333369
1904815
1910015
1904786
1904788
1908420
1481522
1481500
1484133
1481514
1491379
1481529
1481500
1487535
1488846
1481518
1481501
1487644
1481522
1481502
1484642
1481514
1481502
1489920
1481536
1481501
1488569
1481527
1481521
1487463
1481520
1481521
1481501
1487624
1481519
1481521
1488375
1481515
1481535
1485443
1481501
1481501
1487861
1481518
1481500
1491261
1481515
1481501
1484476
1481501
1481515
1491941
1481526
1481503
1489683
1481519
1481500
1487402
1481515
1333369
1333352
1339649
1333363
1333369
1337934
1333351
1333383
1392119
1390955
1333350
1335701
1333369
1339976
1333350
1333365
1335794
1333366
1333351
1338856
1333370
1333350
4254342
1335821
1333350
1333372
1339026
1333350
1333369
1340347
1333350
1333351
1336271
1333351
1333350
1339444
1333351
1333367
1333371
1335853
1333350
1333369
1709830
1490375
1481516
1481500
1492319
1481500
1481518
1487668
1481503
1481519
1333365
1339142
1333350
1333351
1339889
1333369
1333350
1339671
1333364
1333387
1339437
1333351
1333364
1339610
1333350
1333351
1336188
1333368
1333350
1339063
1333351
1333372
1339954
1333350
1333382
1333371
1339336
1333350
1333364
1340765
1333350
1333350
1335828
1333370
1339570
1333351
1333364
1339701
1333373
1333352
1333370
1339467
1333350
1333352
1341231
1333372
1333370
1335821
1333351
1333364
1339039
1333370
1333351
1339041
1333416
1333369
1336722
1333366
1333366
1340443
1333364
1333363
1335748
1333367
1333352
1338877
1333351
1333350
1340489
1333350
1333393
1333350
1339222
1333350
1333369
1339740
1333351
1333363
1335772
1333363
1333359
1339058
1333351
1333350
1341033
1333364
1333387
1338796
1333351
1333362
1692861
1487618
1481501
1481501
1484317
1481522
1481499
1481521
1485533
1481521
1481517
1489931
1481522
1486073
1487434
1481513
1481501
1487202
1481502
1481500
1484291
1481522
1481515
1490555
1488160
1481525
1481501
1481519
1481501
1487337
1481501
1481515
1481515
1487848
1481499
1481500
1484765
1481521
1481500
1489238
1481513
1481520
1489366
1481501
1481499
1487535
1333351
1338627
1333350
1333369
1335769
1333350
1333363
1339339
1333372
1333371
1333350
1335788
1333350
1333370
1339386
1333372
1333350
1339448
1333362
1335783
1333371
1333351
1340913
1333369
1333366
1333371
1338961
1333352
1333364
1408767
1373499
1333366
1342156
1333350
1336095
1333370
1333369
1339131
1333363
1333369
1333386
1335861
1333350
1333367
1339640
1333353
1333367
1340345
1333350
1333350
1336158
1333372
1333372
1339360
