3074630
2241005
2250431
2259330
2254615
1944043
1943461
1948756
1959831
1909342
1904870
1905661
1913170
1905750
1904886
1909461
1905430
1905282
1913391
1905248
1904887
1913000
1908756
1904866
1909074
1909584
1904813
1908753
1912556
1904814
1904815
1481500
1526700
1588869
1623915
1660816
1628066
1672710
1697734
1904814
1914237
1912222
1904810
1911698
1912731
1904900
1912853
1909314
1904787
1904809
1913777
1904841
1904810
1912887
1904864
1904854
1908812
1904889
1904786
1909105
1912443
1904888
1913367
1908918
1904809
1908514
1908884
1904787
1908852
1913215
1904802
1904823
1914183
1904814
1904799
1908737
1904810
1904812
1919226
1904838
1904898
1908808
1909080
1904963
1911916
1915701
1904808
1912590
1908561
1904811
1909021
1909129
1904891
1904897
1912875
1904788
1905157
1908400
1904964
1904891
1904869
1904827
1909615
1917950
1904824
1915902
1909798
1904889
1904822
1909522
1904825
1904793
1915222
1904844
1905199
1908963
1909971
1904823
1913163
1918117
1904826
1904820
1909144
1904814
1904788
1909239
1904964
1904812
1917525
1912691
1904887
1913503
1909205
1904892
1909347
1914229
1904808
1904825
1909722
1904790
1904887
1914266
1904811
1904810
1912786
1909482
1905125
1908996
1909196
1904846
1904817
1913477
1904790
1904889
2161317
1909917
1904789
1914387
1918021
1904850
1904837
1908539
1904810
1904810
1908758
1904802
1904886
1913368
1910085
1904812
1914517
1912224
1904872
1904841
1913850
1904814
1904819
1916974
1904809
1904810
1913331
1913883
1904815
1914029
1909801
1904808
1909576
1909111
1904811
1904847
1912916
1904808
1904811
1914065
1904821
1904813
1909769
1913480
1904822
1916405
1911863
1904789
1904893
1913151
1914225
1904804
1913107
1909496
1904809
1904813
1913291
1904789
1904808
1909306
1904808
1904827
1909815
1913820
1904810
1913759
1909220
1904887
1904809
1908686
1904825
1904790
1920470
1904886
1904902
1909966
1915939
1904891
1910550
1914897
1904810
1904812
1909765
1904861
1904809
1914599
1904810
1904810
1916513
1910393
1904810
1910114
1909405
1904824
1909813
1916829
1904811
1904827
1913107
1904788
1904809
1916356
1912411
1904809
1909425
1915524
1904809
1904788
1908608
1904822
1904809
1908903
1904809
1904897
1914050
1904821
1904822
1909496
1909073
1904810
1913696
1918460
1904827
1914254
1908381
1904842
1904811
1909966
1904838
1904815
1914296
1904814
1904858
1914684
1916427
1904809
1909127
1914368
1904812
1914031
1908915
1904887
1904826
1909296
1904853
1904808
1911967
1904810
1904941
1914523
1904808
1904814
1910113
1911182
1904810
1908511
1915188
1904887
1904976
1909085
1904836
1904795
1908584
1904809
1904815
1913984
1904808
1904829
1910309
1910623
1904810
1911260
1916542
1904787
1920966
1910749
1904802
1904809
1914522
1904808
1904859
1917685
1904810
1904790
1910058
1910191
1904817
1910965
1914475
1904809
1914509
1909643
1905201
1905023
1908612
1904810
1904891
1916522
1905077
1904980
1915661
1915102
1904865
1910957
1912095
1904887
1904886
1915868
1904967
1904964
1909265
1904811
1904824
1910550
1905042
1904809
1919469
1915268
1904888
1910406
1909202
1904965
1909572
1914616
1904808
1905114
1909870
1904821
1904809
1915061
1905120
1904957
1913803
1905249
1904943
1911790
1910007
1905102
1913384
1919246
1904893
1917230
1912415
1904826
1904887
1910489
1904813
1914307
1904821
1904887
1909099
1908782
1904951
1913134
1913586
1904813
1904809
1917175
1904900
1950704
1911140
1904822
1904966
1913474
1909578
1904805
1908843
1908981
1904887
1908859
1913004
1904787
1904808
1909065
1904789
1481531
1904870
1905102
1913383
1481519
1508666
1536917
1582242
1626867
1657380
1689686
1572281
1904814
1481519
1519384
1551603
1588799
1636794
1656891
1693703
1723381
1748819
1768678
1799989
1801131
1789652
1821057
1908906
1905333
1562348
1537251
1488947
1577551
1628343
1651367
1684421
1719367
1733398
1763715
1905093
1904970
1913006
1909735
1905042
1913934
1914347
1904889
1904810
1914306
1904966
1905062
1909348
1904886
1904890
1909194
1904888
1904964
1914583
1908515
1905000
1909068
1910572
1904899
1913366
1922239
1904810
1905037
1908743
1904810
1904864
1913529
1916647
1915008
1904816
1904967
1911697
1904809
1904838
1916567
1904921
1904886
1914535
1918583
1904813
1910594
1916047
1904829
1916405
1909821
1904966
1904892
1910684
1904809
1904890
1916950
1905011
1905041
1913337
1904864
1904833
1911614
1914841
1905125
1915909
1909820
1905200
1905132
1910855
1904936
1904967
1918918
1905042
1905051
1910211
1905258
1905289
1910390
1913426
1905050
1913744
1909268
1905272
1911699
1914437
1904931
1914198
1919421
1905021
1914815
1909988
1905278
1905060
1909249
1904790
1905043
1921278
1904891
1905027
1910847
1905124
1905122
1909574
1905021
1904904
1915555
1910204
1905019
1910224
1910424
1904964
1913883
1919180
1904810
1914612
1908874
1905041
1904891
1909453
1904867
1905264
1914784
1905135
1904946
1912819
1904809
1904891
1909391
1905078
1905098
1914974
1910343
1904809
1917682
1909618
1904867
1904822
1912596
1904789
1904811
1914127
1904807
1904831
1908688
1911856
1904907
1910614
1914389
1904808
1904807
1909398
1904808
1904846
1911255
1705863
1686493
1666833
1636168
1615911
1585613
1556924
1533942
1505243
1481582
1481504
1481644
1481596
1481598
1481676
1570259
1481532
1481626
1481517
1481584
1481521
1481621
1508233
1546792
1597825
1634780
1677292
1700277
1740269
1756918
1784030
1792771
1729493
1700733
1791547
1789794
1797673
1794588
1780361
1748682
1727954
1701552
1678871
1658926
1624589
1598540
1579530
1547486
1520715
1576506
1548440
1520165
1481520
1481533
1481518
1481517
1481520
1481518
1481535
1481507
1481521
1481520
1503458
1543794
1595950
1625147
1657186
1688887
1711207
1735864
1801163
1796527
1790231
1796844
1793324
1794995
1796605
1775732
1917177
1904811
1904786
1913740
1910015
1904813
1910024
1918129
1904831
1904819
1911024
1904827
1904889
1908328
1904815
1904789
1913221
1909380
1904939
1909682
1910597
1904968
1913910
1913801
1904809
1904809
1908971
1904820
1904809
1909657
1904810
1766643
1796399
1793052
1783954
1797388
1789430
1795033
1759943
1742661
1709779
1683700
1670607
1632187
1606422
1588138
1554308
1532881
1505274
1481541
1481518
1481518
1481580
1481822
1481523
1481524
1481526
1481501
1527207
1574320
1619693
1647474
1698342
1720860
1745804
1920156
1731000
1750981
1787884
1797455
1790055
1788110
1793559
1785980
1761964
1736731
1718084
1680943
1653376
1636044
1608881
1584030
1562653
1534628
1507194
1481579
1481564
1481831
1481712
1481501
1481584
1481644
1481686
1481642
1481583
1502305
1557656
1599150
1641296
1658310
1911376
1904811
1904811
1914537
1904835
1904856
1909680
1909420
1904857
1909249
1914065
1904813
1904809
1909222
1904830
1904820
1909355
1904891
1904872
1914361
1904811
1904834
1908426
1909172
1904813
1909121
1914129
1904944
1917838
1909317
1904819
1904804
1911344
1904811
1904810
1914060
1904812
1904815
1914328
1908709
1904812
1909266
1908875
1904812
1904808
1913523
1904789
1904827
1912881
1904887
1904789
1908807
1904812
1904813
1913920
1914236
1904810
1913164
1912673
1904827
1908817
1913707
1904809
1904823
1909327
1904789
1904814
1910379
1904820
1904809
1913798
1908520
1904846
1909268
1908789
1904787
1914917
1916733
1904864
1904810
1908900
1904841
1904840
1903026
1765224
1739998
1709243
1682415
1661303
1634132
1646726
1626797
1595543
1566832
1547462
1512527
1481502
1481520
1481521
1481552
1904804
1911181
1904788
1904941
1917735
1909955
1904792
1912177
1911264
1904902
1913571
1919708
1904788
1904925
1909063
1904786
1904825
1910710
1904810
1904821
1917597
1910016
1904818
1911297
1910441
1904788
1914851
1920717
1904865
1904886
1909527
1904970
1904864
1914644
1905042
1904814
1918226
1910414
1904893
1910216
1909794
1905123
1910517
1916064
1905040
1918696
1913362
1904814
1904886
1912973
1905797
1905476
1913187
1905119
1905135
1911210
1904865
1905126
1910709
1905447
1904820
1915198
1909487
1905666
1909138
1909312
1904983
1911243
1915333
1904865
1916121
1909035
1905097
1905098
1914651
1904963
1905203
1916023
1905224
1905124
1914689
1904967
1905338
1910375
1905726
1905048
1915599
1911199
1905494
1910444
1911516
1905202
1912539
1915607
1905078
1905355
1909325
1904830
1905150
1910110
1904816
1913017
1916376
1904818
1919533
1910506
1904810
1904809
1912489
1904886
1904812
1921013
1904892
1904787
1913840
1913723
1904825
1908859
1914009
1904824
1904810
1909429
1904809
1904828
1909685
1904817
1904810
1914153
1908909
1904811
1909141
1909724
1904817
1904811
1912697
1904809
1904810
1909765
1904829
1904858
1908835
1908408
1904809
1909326
1913477
1904809
1904850
1909139
1905040
1904814
1908903
1904814
1904812
1913358
1909481
1904813
1912489
1908460
1904857
1904814
1913385
1904833
1904817
1913557
1904824
1904809
1908520
1913663
1904836
1913115
1909498
1904818
1909837
1909504
1904839
1904808
1913562
1904824
1904813
1911924
1904815
1904867
1909346
1912711
1904818
1918917
1913149
1904799
1909231
1909736
1904815
1904808
1915622
1904864
1904788
1908784
1904810
1904808
1912002
1914631
1904809
1910667
1904812
1904818
1914501
1908921
1904817
1909557
1909038
1904809
1904814
1914432
1904892
1904824
1908954
1909286
1904893
1909410
1912906
1904866
1914318
1909805
1904814
1904864
1909622
1905015
1904824
1914147
1904807
1904823
2034696
1913108
1904814
1909628
1914677
1904881
1913482
1909279
1904811
1904810
1909632
1904828
1904810
1913628
1904880
1904808
1908885
1904788
1904900
1909486
1904890
1904814
1915819
1908790
1904967
1910011
1910004
1905023
1912242
1919913
1905389
1913939
1909235
1905355
1905063
1909977
1904985
1905197
1914791
1905338
1905021
1908798
1905130
1905180
1909742
1905045
1905376
1914316
1909248
1905022
1908857
1909924
1905155
1909162
1914257
1905154
1905135
1912811
1904940
1905281
1910792
1904886
1905010
1913551
1904965
1904971
1909425
1913359
1904944
1909239
1904811
1910577
1909902
1904811
1910352
1913403
1904862
1918186
1912015
1904810
1904812
1909886
1904838
1904808
1912988
1904810
1904864
1909282
1909269
1904924
1915074
1917991
1904808
1904811
1909214
1904809
1904811
1908795
1904809
1904826
1917220
1904810
1904809
1910206
1913274
1904809
1909974
1914495
1904823
1904821
1912638
1904809
1904893
1914241
1904813
1904810
1909456
1914004
1904791
1912954
1909276
1904901
1908745
1909131
1904814
1904811
1917084
1904786
1904814
1908784
1904808
1904789
1909546
1915185
1904865
1916475
1909471
1904812
1913368
1909368
1904821
1904811
1915946
1904841
1904804
1909171
1904817
1904810
1909430
1913976
1904810
1912930
1908629
1904828
1904899
1910364
1904811
1904845
1913396
1904843
1904797
1910267
1909319
1904824
1912971
1915577
1904821
1904810
1912575
1904814
1911950
1904811
1904868
1909191
1904817
1904800
1915288
1908646
1904872
1909481
1910592
1904791
1904832
1913100
1904785
1904813
1915893
1904808
1904788
1909385
1912712
1904826
1914113
1909918
1904823
1909703
1909817
1904813
1904808
1916729
1904789
1904810
1909861
1904810
1904827
1908572
1950433
1904791
1904787
1913300
1904808
1904811
1910160
1904824
1904813
1913650
1908989
1904808
1909240
1909700
1904814
1909617
1914270
1904810
1904786
1914619
1904967
1904812
1908666
1583510
1481710
1481597
1481563
1481563
1481517
1481794
1481562
1481502
1500269
1550804
1582686
1617959
1665433
1685773
1720467
1742800
1761431
1785257
1801772
1793288
1786200
1802256
1784492
1481698
1481528
1525620
1524282
1573442
1611491
1656709
1687941
1713625
1676308
1716092
1745349
1785154
1795073
1786115
1785990
1803918
1904804
1911571
1904790
1904810
1913114
1917335
1904809
1918164
1915009
1904894
1904810
1912223
1904837
1904804
1915545
1904808
1904787
1910941
1909937
1904822
1913375
1919346
1904828
1904798
1909421
1904963
1904858
1910525
1904788
1904812
1917742
1915466
1904912
1914227
1910788
1904789
1904859
1915612
1904824
1904814
1914022
1910651
1904812
1908870
1909415
1904824
1904817
1915138
1904801
1904815
1909859
1904812
1904790
1913464
1916947
1904813
1914616
1481522
1481580
1481518
1481537
1481501
1481522
1481520
1496037
1541110
1574068
1613007
1654288
1681655
1709815
1744857
1763186
1788939
1795050
1790129
1785472
1799268
1787100
1770979
1755568
1725741
1698065
1748180
1720768
1696259
1678032
1659709
1728831
1711827
1686836
1660319
1638024
1613026
1871832
1714105
1682389
1657135
1635616
1609006
1916577
1904825
1904796
1910119
1910425
1904789
1911032
1915696
1904888
1915790
1910646
1904812
1904818
1910860
1904809
1904817
1917029
1904840
1904808
1910942
1911945
1904812
1910298
1916261
1904814
1904786
1912362
1904896
1904874
1910237
1904814
1904814
1916583
1910192
1904802
1911573
1915536
1904788
1913334
1917983
1904811
1904808
1910392
1904861
1904810
1911478
1904787
1904815
1916146
1909968
1904788
1915313
1912986
1904822
1904796
1914724
1904810
1904787
1914448
1905440
1905917
1910233
1904982
1905431
1915426
1910867
1905015
1910846
1910427
1905271
1905251
1913463
1905038
1905210
1912230
1904965
1904965
1913925
1915371
1904808
1917886
1909952
1904824
1904924
1911196
1904808
1905157
1915486
1904963
1904966
1913004
1912352
1904901
1909251
1914590
1905020
1904881
1910139
1904789
1905040
2146878
1911000
1909713
1905021
1904920
1917250
1904811
1904786
1913741
1904808
1904802
1911332
1916127
1904815
1916524
1909605
1904808
1904838
1911437
1904803
1904806
1914099
1904810
1904850
1909589
1908947
1904808
1909564
1913500
1904811
1904808
1909706
1904820
1904826
1909794
1909979
1904810
1911662
1920505
1904853
1904820
1908480
1904810
1904826
1908521
1904810
1904845
1912820
1904838
1904811
1908698
1908976
1904884
1910134
1912859
1904823
1912443
1917028
1904810
1908510
1908819
1904824
1904811
1913376
1904809
1904811
1920481
1904803
1904788
1909118
1904808
1904804
1912895
1908733
1904789
1908826
1909039
1904816
1909163
1913370
1904790
1913785
1909331
1904790
1904896
1909153
1904815
1904788
1912611
1904854
1904810
1909212
1904889
1904831
1909403
1904814
1904788
1912657
1908407
1904809
1904808
1914815
1904893
1904882
1908092
1910442
1904816
1909549
1914121
1904811
1913787
1914872
1904789
1904820
1909574
1904787
1904851
1914522
1904818
1904789
1910384
1909277
1904813
1911677
1917646
1904823
1904816
1908651
1904811
1904809
1909710
1904804
1904788
1914159
1904811
1904818
1911914
1913118
1904795
1909227
1913162
1904786
1904819
1910220
1904787
1904789
1910267
1904809
1904815
1913646
1904812
1904892
1915205
1913355
1904821
1909191
1913325
1904786
1915979
1912233
1904809
1904968
1908901
1904809
1905234
1913186
1905240
1904819
1913321
1914045
1904924
1909045
1913876
1904945
1912909
1909517
1904833
1904893
1910307
1904832
1904824
1913335
1904810
1905065
1909793
1909484
1904965
1912498
1913257
1904810
1913583
1908970
1904886
1904804
1912838
1905028
1904813
1913579
1905354
1904974
1904816
1908782
1904786
1904822
1915173
1909615
1904888
1915837
1909435
1904841
1904800
1913684
1904809
1904810
1915090
1904812
1904907
1909048
1904788
1904808
1913134
1910045
1904816
1909125
1909951
1904815
1904866
1914225
1904811
1904809
1908842
1904823
1904831
1914239
1904839
1904807
1909342
1904816
1904818
1915925
1904804
1904821
1914573
1914521
1904813
1908674
4469106
2231642
2222367
2237591
2222252
2227497
2228110
2222436
2236652
2222343
1904808
1904810
1915057
1904788
1904808
1909767
1915797
1904788
1904827
1910202
1905177
1905103
1909515
1914360
1905492
1914392
1909984
1905088
1905010
1912495
1905236
1904966
1919369
1905026
1904964
1909508
1909085
1904812
1905050
1917303
1481594
1481514
1481560
1481662
1515185
1537351
1570839
1588505
1610561
1640199
1647505
1668390
1583246
1611428
1917882
1904796
1481520
1481502
1481569
1481519
1481517
1481502
1481578
1481521
1481518
1481501
1481538
1481527
1481520
1481502
1481520
1481522
1481520
1511552
1537706
1567375
1596800
1619386
1642065
1666262
1681850
1697931
1712589
1722137
1741167
1755852
1761475
1790582
1790690
1796252
1794747
1795108
1787741
1790515
1793529
1788237
1790183
1792522
1788249
1790360
1770074
1754950
1746779
1731071
1716738
1711042
1693482
1682094
1672875
1657602
1648171
1632153
1613299
1600839
1596040
1582330
1565471
1558174
1538447
1527680
1513602
1481518
1481500
1481576
1481519
1481519
1524545
1509112
1481519
1481519
1481524
1481501
1481579
1481518
1481522
1481518
1481519
1481518
1481552
1481502
1481524
1481519
1481502
1481639
1481521
1481520
1481502
1481579
1481523
1498929
1526576
1555901
1591821
1610492
1905012
1904814
1915001
1910259
1904819
1904810
1910311
1905212
1904810
1918818
1909764
1904815
1909538
1909491
1904809
1904823
1913959
1904789
1904815
1910403
1904829
1904809
1913179
1914098
1904828
1914335
1909422
1904863
1904818
1909122
1904809
1904879
1520856
1543758
1569574
1601653
1616605
1634189
1662855
1671778
1685302
1706342
1712959
1728937
1802039
1792594
1797041
1790803
1792959
1797859
1781875
1765572
1751497
1745953
1735202
1718449
1710460
1698178
1686140
1682815
1660417
1743509
1736658
1722990
1706078
1704624
1690366
1681445
1684952
1665666
1650245
1643067
1627948
1611671
1605662
1590042
1581845
1575255
1560168
1550893
1548654
1540487
1523051
1520531
1505220
1481565
1481553
1481517
1481519
1481518
1481502
1481577
1481517
1481519
1481503
1481571
1481522
1481518
1481579
1481560
1905042
1904824
1910307
1914717
1904836
1904825
1919547
1904790
1904837
1909390
1904786
1904867
1914383
1914331
1904865
1909688
1909341
1904786
1904811
1915397
1904812
1904830
1909409
1908800
1904888
1909053
1913043
1904817
1904816
1915035
1904810
1904809
1909604
1904891
1904865
1913082
1909457
1904888
1909532
1909531
1904819
1904788
1913682
1904808
1904888
1909521
1904888
1904788
1909726
1913265
1904829
1915951
1915518
1904811
1904833
1908568
1913316
1904876
1913267
1910026
1904819
1904964
1909109
1904944
1905064
1914382
1904888
1905228
1916739
1910335
1904935
1908896
1913494
1904969
1904889
1909741
1905064
1904968
1915230
1904809
1904809
1919754
1912950
1904968
1912998
1915951
1905043
1904889
1913570
1904809
1905098
1913990
1912952
1904869
1914587
1916328
1904786
1904813
1908640
1904830
1917089
1913423
1904823
1914500
1912861
1904827
1904809
1915838
1904787
1904789
1910204
1911098
1904787
1910128
1913847
1904909
1904787
1915264
1904811
1904832
1909233
1904886
1904812
1914173
1909003
1904813
1904852
1909509
1904790
1904808
1913611
1904809
1904905
1909705
1909755
1904813
1909290
1913531
1904811
1481519
1481523
1481502
1481518
1481519
1481503
1481520
1481519
1481517
1481535
1481520
1481549
1481523
1481519
1481503
1508698
1549141
1571930
1610745
1642688
1654471
1681561
1705447
1724371
1727669
1749646
1762535
1794525
1790213
1786013
1788608
1791333
1786462
1789411
1793034
1790763
1781068
1766680
1754475
1735899
1723627
1709512
1695661
1679159
1659171
1648959
1627182
1618818
1599983
1579792
1564384
1557378
1533693
1516652
1588919
1571077
1558012
1540329
1518919
1503622
1481521
1716551
1678438
1697776
1699210
1708776
1722125
1729861
1739346
1757684
1749469
1764079
1767646
1785912
1787875
1801613
1790871
1800069
1798398
1790122
1786256
1802781
1787645
1790600
1797563
1794410
1784564
1801346
1791516
1787324
1796908
1773128
1760898
1754917
1739532
1725033
1716510
1699647
1694255
1678472
1666852
1652975
1648605
1626866
1618660
1608234
1591460
1578072
1568267
2116649
1783539
1913803
1908728
1904813
1904815
1912827
1481503
1481520
1481541
1506108
1541776
1572093
1596857
1631485
1637334
1668338
1664344
1684139
1694957
1727058
1723690
1746515
1753537
1765431
1760996
1798281
1786262
1798373
1797308
1794414
1789395
1806705
1789030
1792451
1794689
1792294
1788995
1802307
1828269
1795976
1795093
1791344
1787970
1805694
1790446
1794569
1774485
1764919
1758922
1750870
1740842
1917411
1904813
1915359
1912796
1904810
1904815
1909395
1904789
1904810
1527359
1514936
1507305
1481544
1481520
1481569
1914990
1674090
1660591
1656979
1646411
1643930
1635649
1620110
1612330
1605488
1596318
1578092
1573868
1713144
1703747
1697902
1682266
1666847
1665486
1648614
1634338
1624356
1609703
1600935
1681108
1665772
1656635
1649607
1638946
1620017
1621105
1609665
1591552
1584290
1570557
1557108
1553991
1531921
1517014
1510750
1489483
1481502
1482726
1481580
1481539
1481502
1481518
1481522
1481518
1481501
1481518
1481522
1520759
1567635
1578935
1614387
1635062
1655476
1672785
1705196
1707182
1728823
1746702
1757003
1761354
1799622
1795274
1796067
1796419
1800937
1791137
1803702
1792798
1796126
1801327
1797611
1790084
1806485
1793991
1769540
1757903
1749897
1735204
1766510
1764293
3326491
2236576
2232380
2240485
2235551
2241033
2222503
2230700
2239741
1917109
1931558
1906508
1914028
1930004
1930321
1944021
1904819
1904820
1913079
1908413
1904866
1908568
1908697
1904788
1904968
1918758
1904964
1904824
1908495
1915288
1718842
1707840
1693178
1683851
1668723
1651962
1643984
1647570
1633808
1615018
1606808
1592298
1585920
1574881
1560696
1562574
1549419
1539310
1609003
1602340
1590207
1575364
1564103
1549974
1533221
1524156
1510740
1481997
1481827
1481765
1481917
1481869
1481831
1481814
1481985
1481771
1481586
1481772
1481586
1481984
1481768
1481762
1481644
1481674
1481814
1481651
1481586
1514332
1519627
1552704
1577974
1593108
1614599
1640349
1651321
1666924
1689861
1692710
1707716
1726507
1694505
1717632
1732204
1660867
1678143
1703771
1710104
1905621
1909736
1914722
1920272
1904817
1913735
1909507
1904814
1904833
1908618
1904822
1904818
1914176
1909884
1904790
1910112
1908947
1904802
1904806
1925136
1904786
1904786
1908746
1908758
1904874
1908803
1913383
1904789
1904865
1908794
1904792
1904789
1909722
1913046
1904792
1917227
1912275
1904897
1904816
1908389
1904788
1904819
1913717
1913722
1904843
1908392
1909159
1904870
1904788
1912548
1908277
1904823
1908778
1911594
1904786
1904819
1913501
1904813
1904805
1913518
1913699
1904833
1908253
1913867
1904824
1904817
1908587
1904934
1904821
1914651
1904813
1904815
1913231
1908457
1904816
1908504
1908907
1904867
1904818
1913643
1904786
1904788
1908383
1904788
1904788
1909107
1913233
1904871
1916856
1641947
1678793
1690770
1713786
1732585
1747559
1764188
1803484
1792301
1794609
1791957
1799587
1725251
1764018
1904822
1904863
1917937
1904786
1904964
1909624
1904797
1623415
1612383
1594424
1577525
1570607
1550245
1537209
1517231
1481518
1481503
1481501
1481500
1481518
1481542
1481501
1481502
1481518
1481501
1481520
1481519
1481525
1481525
1520522
1563502
1584384
1613944
1650453
1663515
1692708
1724902
1730669
1746968
1762498
1784011
1789305
1793667
1785324
1783395
1793754
1741653
1758516
1797785
1791570
1785153
1807693
1784323
1789444
1794896
1784373
1786634
1798731
1787529
1656467
1631068
1615044
1601547
1587082
1578878
1562381
1540362
1522481
1509021
1481500
1481501
1481519
1481502
1481501
1481673
1481521
1481521
1481580
1481526
1481501
1481526
1481542
1481522
1481501
1508996
1537763
1570235
1607939
1625199
1655376
1678370
1695526
1712875
1736668
1747384
1761103
1799612
1792324
1664075
1697437
1912481
1904817
1904820
1913809
1909595
1904817
1917953
1909610
1904814
1904856
1913559
1904818
1904819
1914085
1911291
1904810
1909743
1912924
1904786
1904820
1908499
1904787
1904787
1910147
1904788
1904805
1913660
1909216
1904788
1908971
1908562
1904787
1904787
1913732
1904788
1904788
1908483
1904862
1904788
1908918
1919887
1904787
1913916
1909432
1904787
1904818
6213252
1904828
1904787
1912135
1915536
1904866
1912924
1908212
1904821
1904813
1909254
1904815
1904819
1913390
1904786
1904786
1909434
1909153
1904804
1912550
1915932
1904789
1904806
1908688
1904787
1904788
1908789
1904873
1904806
1912910
1909416
1904788
1915009
1914582
1904833
1908763
1912549
1904805
1904804
1908821
1904787
1904864
1908714
1904787
1904791
1915618
1915810
1904807
1908180
1908302
1904787
1904804
1912788
1904822
1904814
1908667
1904786
1904789
1914853
1917751
1904786
1914607
1915022
1904873
1904790
1910627
1904866
1904869
1914085
1904789
1905128
1914422
1916085
1905209
1905303
1919023
1905422
1905675
1922452
1905564
1905056
1910432
1916442
1905412
1918865
1913493
1905138
1905278
1909951
1905253
1905105
1913738
1908482
1904972
1909446
1909291
1904787
1904818
1913964
1904804
1904819
1908614
1911268
1904832
1548072
1573696
1601766
1635365
1662140
1682407
1715036
1727005
1744477
1763120
1768082
1795550
1811076
1794816
1792000
1797347
1794079
1792582
1796956
1790062
1770487
1750940
1737232
1722201
1698141
1682248
1673849
1650998
1634080
1623933
1606969
1591793
1582320
1567863
1557158
1544667
1523634
1511972
1488406
1603870
1587256
1580051
1562700
1551066
1542221
1557599
1545629
1533762
1518975
1481522
1904988
1904814
1920391
1904807
1904865
1909912
1909715
1904867
1909919
1915432
1905110
1905504
1915159
1905535
1905539
1909511
1904867
1904943
1915660
1913250
1904787
1908887
1909918
1904866
1904865
1914037
1904787
1904789
1910151
1909072
1904791
1913341
1919583
1904785
1904809
1908663
1904845
1904788
1909217
1913029
1904788
1913428
1908806
1904869
1904788
1909373
1905035
1905111
1920359
1904865
1904807
1908896
1909376
1904865
1909299
1913438
1904818
1904868
1909737
1905213
1906218
1917567
1905803
1905145
1913307
1909976
1905268
1915174
1912310
1905156
1904866
1913787
1904960
1904868
1909814
1909006
1904952
1904786
1912951
1904788
1904840
1909693
1904866
1904786
1909215
1913684
1904867
1918660
1915120
1904786
1904787
1913458
1904845
1904785
1913532
1904787
1904947
1908868
1908723
1904789
1919992
1915470
1904814
1904865
1909959
1904830
1904786
1913911
1909410
1904901
1916018
1914328
1904866
1904818
1914255
1904895
1904866
1908772
1909718
1904896
1909789
1913571
1905513
1913432
1909839
1905436
1905367
1914510
1905118
1905259
1913715
1909086
1905129
1916323
1908659
1904925
1905425
1915023
1904810
1904876
1911062
1908678
1904788
1908776
1914255
1904787
1904786
1908830
1904786
1904786
1909493
1914728
1904786
1913779
1909422
1904945
1904870
1912758
1904786
1904788
1915034
1908582
1904833
1904825
1908906
1904786
1904871
1921420
1909172
1904942
1913010
1918026
1905438
1905308
1912984
1905211
1904973
1909575
1909725
1904954
1909167
1914116
1904815
1904897
1913623
1904790
1904815
1909041
1913772
1904789
1904820
1908748
1904812
1904788
1916029
1904822
1904819
1913594
1909281
1904817
1912225
1904820
1909031
1908708
1904819
1904836
1916711
1904851
1904818
1909480
1904825
1904819
1910104
1913770
1904821
1918283
1914398
1904818
1904929
1908544
1904936
1905052
1913835
1910100
1905206
1909496
1909483
1905133
1905059
1913902
1905575
1905361
1909114
1905098
1905430
1909141
1913668
1904992
1905022
1913188
1904895
1905053
1908351
1905076
1904973
1913145
1908774
1905028
1909734
1909095
1904803
1904820
1914019
1904838
1904818
1914180
1914839
1904856
1904823
1913350
1904823
1904871
1908483
1904815
1904822
1909356
1914394
1904815
1916621
1915419
1904819
1904805
1909162
1904822
1904817
1914298
1908762
1904804
1908953
1908710
1904815
1905024
1914438
1905219
1904841
1913082
1910924
1904869
1909299
1913336
1904857
1904983
1909285
1904806
1904815
1909811
1913617
1904794
1913705
1909281
1904874
1904981
1913900
1904787
1904855
1911853
1909384
1904816
1916764
1920835
1904816
1904790
1910318
1904898
1904822
1908652
1912926
1904804
1912532
1908972
1904898
1904817
1909418
1904792
1904821
1915504
1904815
1904786
1908493
1908664
1904835
1904825
1914333
1904866
1904822
1919600
1904819
1904817
1909611
1909014
1904788
1909259
1913497
1904816
1904788
1908958
1904867
1904893
1909131
1904823
1904839
1912765
1909363
1904815
1904836
1908794
1904791
1904900
1917238
1904836
1904814
1907762
1908612
1904837
1904793
1916749
1904808
1904835
1908830
1904814
1904823
1909300
1913071
1904897
1912782
1908792
1904819
1904789
1908406
1904903
1904821
1912859
1904818
1904820
1912994
1914917
1672354
1701306
1713822
1742630
1758489
1790149
1783776
1805384
1783732
1799186
1795777
1787677
1784429
1798757
1911798
1917475
1904787
1904804
1908912
1904787
1904866
1909585
1904806
1904786
1915792
1909526
1904808
1910006
1909157
1904789
1904871
1917169
1904791
1904788
1909177
1909239
1904865
1908870
1913269
1904787
1904806
1912608
1904787
1904788
1908618
1904790
1904982
1917963
1910276
1905018
1909088
1909404
1905257
1905342
1916030
1904824
1904867
1909581
1909161
1904806
1908746
1913296
1904790
1904841
1909135
1904789
1904787
1914072
1904883
1904805
1913188
1909036
1904787
1910203
1909404
1904940
1905177
1915033
1904838
1904898
1913659
1919940
1904869
1908769
1912746
1904787
1904785
1908512
1904804
1904786
1909493
1912781
1904788
1915974
1913800
1904789
1904786
1909033
1904807
1904787
1913015
1904789
1904808
1909217
1909205
1904793
1913088
1916221
1904787
1904787
1909010
1904786
1904864
1909471
1904816
1904789
1909973
1904786
1904884
1915897
1909562
1904792
1904874
1909695
1904787
1904790
1917008
1914703
1904786
1904786
1908616
1904787
1904909
1913136
1908571
1904786
1909095
1909751
1904787
1904791
1913783
1904787
1733231
1734596
1743068
1759983
1779301
1767856
1795799
1789631
1785747
1797842
1783025
1788700
1791823
1781819
1791876
1765321
1749824
1730333
1716328
1705507
1694354
1673008
1652134
1635856
1615177
1607896
1586796
1564147
1550850
1532354
1575590
1554063
1546825
1524917
1504260
1481502
1481500
1481519
1481502
1481502
1481501
1481517
1481502
1481501
1481517
1481501
1481500
1481502
1481499
1530683
1562315
1607941
1634877
1648155
1683856
1712061
1725790
1754187
1762435
1783534
1793396
1792329
1786334
1788568
1791444
1783667
1790840
1774984
1758273
1745375
1726599
1720788
1912753
1915963
1904862
1904788
1914151
1904805
1904799
1909359
1909208
1904805
1909479
1912974
1904788
1904787
1909777
1904806
1904787
1908689
1912982
1904787
1913304
1908599
1904804
1904787
1909900
1904786
1904804
1913333
1904823
1904828
1908453
1908446
1904787
1909488
1915861
1904805
1904787
1908698
1904865
1904789
1917147
1914030
1904789
1915510
1909200
1904804
1904787
1908993
1904787
1904807
1895621
1788486
1783379
1771508
1756679
1744188
1735088
1727953
1722772
1710024
1693665
1676153
1668697
1657697
1635125
1626611
1618308
1601450
1595243
1571514
1552124
1540431
1521228
1505524
1481502
1481502
1481561
1481522
1481502
1481502
1481583
1481501
1481501
1481617
1481502
1481583
1481502
1481502
1481501
1499836
1529883
1573379
1588285
1610726
1636168
1668892
1692175
1703988
1730237
1741859
1913011
1904788
1904787
1916096
1904884
1904787
1909551
1909541
1904996
1914673
1913975
1904797
1904788
1910509
1904882
1904798
1916401
1913264
1904804
1916762
1915903
1904786
1904805
1909017
1904788
1904787
1911268
1912722
1904787
1913836
1908991
1904787
1904786
1909537
1904870
1904788
1913076
1904790
1904864
1908485
1908765
1904786
1909122
1913044
1904867
1904789
1908547
1904897
1904893
1909644
1912468
1904903
1912813
1914393
1904875
1904787
1908651
1904849
1904840
1656155
1635443
1613069
1601225
1578768
1561545
1548389
1519619
1485376
1481502
1481555
1481502
1481550
1481540
1481502
1481500
1481501
1481561
1481501
1481502
1481504
1495358
1528540
1563458
1609097
1635668
1660659
1689090
1711492
1726401
1748008
1759375
1793817
1792233
1789880
1786401
1790680
1790569
1784842
1798128
1771767
1917017
1722073
1743823
1593390
1623048
1639427
1505581
1543793
1573805
1605467
1621505
1654499
1675213
1690819
1727455
1731695
1745444
1764280
1800029
1790907
1798402
1796887
1792614
1800425
1795192
1796372
1796604
1788323
1757969
1742837
1724044
1702972
1685119
1672760
1648493
1629583
1616217
1613314
1587065
1569215
1550717
1537064
1528670
1484676
1481502
1481501
1481502
1481500
1511098
1481500
1481502
1481503
1481520
1481501
1481501
1481504
1481520
1481502
1481502
1481502
1481711
1481540
1481503
1509507
1540035
1571030
1601765
1617203
1646950
1671082
1685886
1694932
1720922
1739520
1751629
1788716
1786415
1791926
1787816
1784642
1788439
1788929
1785085
1780661
1754430
1741989
1721474
1696268
1681695
1656117
1635409
1620050
1591581
1573586
1563378
1543045
1529332
1508221
1481521
1481562
1904826
1904788
1917830
1904819
1904836
1915389
1914021
1904818
1914310
1918332
1904814
1904819
1916041
1904815
1904807
1913928
1918305
1904824
1916312
1908839
1904839
1904786
1909186
1904814
1904839
1915060
1913553
1904789
1918303
1916412
1904786
1904813
1908908
1904842
1904815
1913212
1904835
1904823
1908942
1908822
1904820
1908797
1913551
1904969
1904819
1908748
1904811
1904816
1909644
1913769
1904823
1915459
1910161
1904786
1904787
1908747
1904812
1904819
1913673
1904787
1904819
1914943
1909421
1904787
1909265
1914589
1904874
1904789
1910006
1904820
1904787
1909534
1914341
1904819
1913844
1911480
1904829
1904864
1909619
1904788
1904839
1917567
1909145
1904787
1912479
1910709
1904787
1904808
1913307
1904788
1904787
1908571
1904965
1904823
1910153
1920514
1904787
1913593
1908630
1904788
1904803
1615190
1769665
1787726
1785959
1792508
1786795
1785982
1770667
1756260
1741257
1727194
1699704
1682069
1673593
1654701
1643739
1623000
1599773
1579394
1567590
1552462
1531318
1517524
1481742
1485090
1481866
1482164
1481864
1481885
1481743
1481683
1481622
1481961
1481621
1481685
1481626
1481742
1481747
1481563
1481622
1481501
1481518
1481504
1481500
1481502
1481519
1481502
1498314
1542413
1562672
1603636
1613523
1652388
1675828
1694838
1708922
1751784
1753362
1769163
1807593
1801334
1788619
1816703
1788051
1796925
1796301
1795689
1775996
1760599
1745342
1722483
1704877
1688574
1671546
1658398
1634234
1614933
1605693
1592349
1577585
1564455
1548112
1532551
1528756
1516647
1484835
1481518
1481518
1481501
1481500
1481549
1481579
1481502
1481547
1481501
1481501
1481521
1481502
1481501
1911582
1904787
1904786
1921913
1904824
1904788
1909194
1912441
1904805
1910348
1915383
1904789
1904785
1929836
1904819
1904967
1915893
1919525
1904788
1915795
1909363
1904896
1904840
1916441
1904833
1904819
1909641
1914780
1904787
1904835
1916273
1904898
1904814
1908714
1913904
1904836
1915181
1910001
1904973
1904838
1908422
1904822
1904817
1913669
1904787
1904820
1909330
1909427
1904819
1910191
1915410
1904819
1904810
1913188
1904925
1904789
1908540
1914540
1904841
1913926
1908359
1904788
1904864
1909279
1905074
1904788
1912946
1904788
1904787
1908698
1909404
1904788
1909059
1913690
1904786
1904786
1909332
1904790
1904866
1908733
1913202
1904786
1913872
1908848
1904839
1904787
1909374
1904788
1904790
1912703
1909226
1904787
1908958
1909219
1904803
1904786
1619693
1654223
1635534
1541066
1905015
1904824
1909843
1904896
1904835
1914340
1908754
1904824
1909467
1915446
1904820
1904814
1913509
1904903
1904971
1909322
1904906
1905051
1908745
1916582
1905654
1913625
1908850
1905101
1905508
1914307
1905060
1905107
1913370
1909857
1904866
1909336
1910760
1905180
1904792
1914386
1905143
1904864
1909720
1909155
1904883
1908897
1915796
1904786
1904787
1909887
1904806
1904786
1908642
1912918
1904866
1913578
1908616
1904786
1904865
1910216
1904807
1904970
1913660
1909806
1904804
1909760
1909070
1904789
1904834
1913879
1904787
1904797
1908427
1481547
1481502
1481561
1481622
1481562
1481682
1482132
1481687
1498365
1482003
1481922
1481624
1509722
1538017
1576193
1589055
1621811
1649223
1658955
1674738
1705548
1708932
1727168
1739054
1743752
1748897
1768669
1765451
1793729
1806766
1791204
1917418
1915899
1904812
1904904
1912750
1904817
1904894
1916123
1920988
1904823
1904786
1909535
1904895
1904903
1913979
1904789
1904892
1917752
1910807
1905643
1915208
1909928
1904819
1904787
1915338
1904809
1904836
1909336
1914847
1904817
1910057
1913926
1904969
1904817
1914624
1904787
1904834
1909887
1904817
1904813
1915041
1909449
1904820
1910129
1909578
1904820
1904819
1924510
1904806
1904821
1908989
1904895
1904823
1915109
1922488
1904819
1915219
1908345
1904825
1909167
1908985
1904816
1904791
1914178
1904870
1904821
1908935
1908602
1904858
1909162
1912677
1904818
1904789
1909835
1904819
1904814
1910109
1916507
1904815
1923480
1914496
1904846
1904818
1908921
1904902
1904834
1915701
1909193
1904813
1910376
1908799
1904835
1904788
1916704
1904835
1904808
1908482
1909667
1904896
1908012
1904804
1908717
1904788
1904821
1909113
1914136
1904868
1912978
1913650
1904825
1904789
1915093
1904785
1904806
1917662
1909799
1904794
1914070
1909786
1904787
1909541
1914364
1904866
1904905
1914919
1905408
1905490
1910637
1912832
1904941
1913211
1914932
1905175
1905253
1910012
1905264
1905178
1914479
1905095
1905223
1909155
1909797
1905057
1909452
1915161
1904787
1905036
1908307
1904894
1904786
1909880
1914277
1904817
1913823
1910571
1904815
1904821
1908948
1919525
1904912
1913077
1909616
1904872
1904818
1908809
1904789
1904824
1913604
1904819
1904818
1909477
1914488
1904837
1909014
1913245
1904828
1904819
1909453
1904786
1904820
1910098
1913299
1904839
1913312
1908301
1904822
1904866
1909793
1904809
1905056
1916666
1908847
1904818
1909587
1481502
1807542
1561693
1537379
1517567
1481543
1904808
1904819
1914293
1904818
1904976
1910276
1909539
1904819
1920226
1915976
1904790
1904812
1910833
1904820
1904786
1910476
1917433
1904861
6095372
1918852
1904855
1904970
1908299
1904816
1904857
1908125
1912991
1904821
1913485
1913981
1904787
1908997
1913220
1904858
1904787
1921800
1904899
1904894
1915525
1913618
1904822
1909461
1912948
1904867
1912775
1914823
1904834
1904786
1914321
1904870
1904788
1913859
1904787
1905068
1914786
1913777
1904794
1915298
1912895
1904840
1904787
1909097
1904821
1555659
1541886
1518573
1481501
1481502
1481520
1481502
1481503
1481503
1481519
1481501
1481501
1481500
1481521
1481502
1481505
1481501
1481576
1481520
1537670
1572260
1598991
1640315
1656591
1681864
1714743
1731832
1746398
1788715
1785853
1782378
1788167
1787624
1778863
1789403
1737198
1778480
1911605
1918146
1904805
1904814
1908831
1904817
1904836
1908783
1481522
1582230
1559255
1549236
1520658
1501144
1481501
1481518
1481502
1481503
1481504
1481521
1481515
1481502
1481502
1481518
1658980
1481501
1481499
1481517
1481575
1540828
1568704
1605510
1641508
1658724
1688933
1710690
1725899
1743978
1793650
1784752
1788608
1785257
1787394
1781792
1789949
1790529
1792128
1791230
1786643
1769320
1751836
1744486
1714956
1697760
1698298
1668091
1651426
1636573
1613996
1598830
1586149
1568165
1548785
1534236
1509224
1481819
1568637
1546669
1522894
1511893
1481502
1481518
1481501
1481501
1481583
1481502
1481547
1481500
1481585
1481502
1481504
1481501
1481585
1481592
1523191
1544865
1575005
1622086
1633971
1657517
1684409
1703432
1720751
1748013
1759834
1787060
1792126
1794973
1793913
1798140
1912107
1904785
1904819
1911152
1918658
1904788
1915382
1910000
1904819
1904807
1910814
1904812
1904821
1916334
1915015
1904815
1909724
1913174
1904817
1904818
1910045
1904787
1904822
1913347
1909346
1904819
1909427
1909304
1904870
1904787
1914865
1904813
1904818
1908829
1904787
1904822
1908442
1912819
1904788
1904819
1908919
1904835
1904792
1919519
1904834
1904833
1915438
1909400
1904860
1909011
1910566
1904818
1904820
1915048
1904790
1904816
1908947
1904966
1904809
1909022
1912715
1904814
1914380
1909316
1904823
1904816
1913555
1904812
1904830
1913556
1908680
1904818
1909812
1909378
1904787
1904821
1917421
1904824
1904806
1918416
1904814
1904865
1909087
1913336
1904812
1914049
1908916
1904838
1913520
1911635
1904788
1904818
1914623
1904816
1904786
1908398
1916748
1904812
1909114
1912786
1912183
1909704
1904808
1910195
1914045
1904816
1904816
1908845
1904815
1904819
1909736
1912513
1904896
1913589
1908971
1904787
1904896
1915951
1904820
1904787
1913167
1904836
1904822
1909535
1908994
1904830
1909557
1913491
1905110
1904895
1915320
1904787
1904822
1909047
1913624
1904788
1917137
1909082
1904816
1904788
1909401
1904872
1904928
1913110
1908556
1904975
1909050
1915078
1904819
1904814
1919281
1904789
1725693
1711495
1695004
1688632
1669900
1651820
1637276
1621445
1601247
1588827
1566421
1547436
1529947
1517507
1481522
1481524
1481519
1715061
1520463
1481528
1481500
1481539
1481517
1481523
1481502
1481593
1481524
1481522
1481526
1481540
1481525
1481524
1515951
1556794
1593647
1621625
1647261
1673097
1690544
1713419
1744997
1755998
1787689
1793650
1789506
1789992
1808134
1790590
1904995
1621608
1648213
1669678
1677733
1698239
1721650
1731584
1741659
1759023
1780828
1793122
1795600
1791215
1791933
1481542
1481504
1481502
1481539
1481522
1481529
1481501
1517925
1552892
1595080
1617713
1654870
1683781
1695580
1722036
1748356
1757448
1789393
1794181
1783233
1786069
1790227
1784440
1790114
1790549
1783031
1771350
1750474
1734672
1714954
1690815
1678271
1662466
1747675
1728297
1712026
1693998
1682808
1659265
1650716
1635911
1622384
1604749
1581178
1565852
1545727
1531998
1510570
1481554
1481541
1481527
1481522
1481546
1481521
1481523
1909101
1904811
1904834
1908788
1904816
1904875
1916540
1909819
1904789
1909408
1908519
1904811
1656405
1639551
1631684
1606981
1591044
1577583
1553464
1537806
1523794
1485151
1481595
1481501
1481504
1481502
1481520
1481502
1481501
1481500
1904993
1909823
1908976
1904978
1904894
1916726
1904803
1904896
1911671
1910612
1904820
1916242
1920710
1904897
1904869
1910136
1904816
1904821
1910703
1904830
1904816
1915818
1910033
1904893
1904786
1910629
1904786
1904819
1917096
1904833
1904818
1909729
1909362
1904804
1908763
1916717
1904896
1904819
1909535
1904786
1904820
1909211
1904816
1904786
1913285
1908604
1904964
1909636
1914098
1904866
1904979
1917733
1905083
1905129
1524534
1550260
1584877
1603172
1625881
1640471
1672419
1678026
1702121
1721471
1726384
1738546
1766501
1768470
1797721
1797879
1791405
1790735
1800636
1792265
1796416
1795253
1793769
1793263
1800678
1785750
1766212
1759735
1739218
1733904
1710961
1696818
1687324
1665538
1650672
1636446
1618196
1610155
1591097
1649311
1636787
1627029
1612332
1595027
1584176
1722349
1915914
1904896
1904820
1915611
1904807
1904818
1909951
1904820
1904845
1913050
1909947
1904811
1909213
1908696
1904818
1904821
1913684
1904816
1904818
1918084
1904868
1904821
1908744
1912816
1904787
1913677
1908026
1904819
1904788
1909545
1904826
1904814
1913629
1904815
1904811
1481545
1481501
1481524
1481520
1481542
1481503
1481527
1526769
1569560
1589693
1623512
1651455
1676309
1693935
1725162
1734890
1751865
1770730
1789741
1786861
1797831
1788031
1786279
1795395
1788363
1784477
1797873
1787933
1790622
1794711
1770289
1757799
1747938
1734308
1713173
1706428
1691701
1677282
1664655
1643980
1623940
1609397
1585992
1562986
1550025
1528343
1508406
1481499
1481503
1481520
1481500
1481503
1481552
1481579
1481501
1481503
1481503
1481520
1481503
1481680
1481526
1481545
1481560
1481522
1481529
1911790
1923102
1904821
1915615
1911470
1904898
1904815
1917092
1904865
1904788
1916966
1912881
1904821
1904823
1910500
1904817
1904816
1914538
1904913
1904812
1915494
1908963
1904825
1909242
1909915
1904816
1904818
1913608
1904804
1904788
1908897
1909022
1904804
1909518
1920142
1904791
1904804
1909403
1904786
1904789
1912007
1904788
1904787
1913302
1908409
1904870
1908568
1908883
1904856
1904786
1913822
1904788
1904789
1913461
1904788
1608809
1591104
1570453
1548613
1534334
1504369
1481502
1481566
1481501
1481502
1481504
1481520
1481539
1481502
1481504
1481520
1481502
1481501
1481543
1511671
1558134
1586952
1623566
1932287
1555515
1589477
1630325
1653606
1681064
1716357
1724960
1752949
1796927
1784826
1783281
1796537
1785149
1780601
1791648
1785287
1757353
1734314
1722212
1693276
1678897
1904809
1904787
1908769
1904786
1904883
1913787
1916241
1904866
1915140
1912087
1904787
1904787
1914775
1904791
1904786
1908926
1909363
1904789
1909597
1912938
1904806
1904787
1913677
1904787
1904869
1909502
1913634
1904793
1912968
1909002
1904840
1904788
1912143
1904916
1904787
1912825
1909257
1904944
1909464
1909505
1905039
1904948
1921259
1905254
1905040
1908529
1909350
1904862
1909777
1913217
1904967
1904865
1908474
1904789
1904818
1909077
1913357
1905025
1913373
1911374
1904815
1904836
1909376
1904819
1904822
1913274
1909153
1904820
1909181
1909670
1904869
1661637
1633786
1505088
1481501
1481582
1481501
1481500
1481500
1481584
1481573
1481501
1481501
1481502
1481582
1481570
1481519
1481547
1519087
1565498
1591537
1619807
1657110
1627781
1616614
1649932
1669822
1692060
1718632
1735637
1904808
1904787
1909351
1910584
1904806
1910908
1916287
1904786
1904804
1909634
1904787
1904786
1909081
1904966
1904918
1917837
1914167
1904787
1904864
1911058
1905588
1904789
1916441
1905325
1906131
1910597
1910803
1904980
1905674
1914698
1905174
1905098
1910145
1904791
1904962
1908784
1913619
1904866
1904788
1908874
1904805
1904786
1909375
1904883
1904804
1915577
1913681
1904820
1908552
1908364
1904789
1904863
1912637
1904836
1904972
1914399
1904815
1904786
1909445
1913138
1904823
1913817
1908925
1904980
1904819
1908491
1904813
1904917
1676727
1650228
1627851
1612826
1587944
1573227
1552615
1534025
1511702
1482239
1481748
1481720
1481528
1481649
1481772
1481525
1481523
1481642
1481526
1481730
1481629
1481793
1481564
1481529
1512599
1525872
1559529
1590506
1580806
1542920
1587377
1604185
1904808
1910320
1913814
1904893
1904818
1908875
1904818
1904825
1909100
1913785
1904822
1913961
1908746
1905207
1905379
1912474
1904832
1904822
1913746
1916870
1904824
1913646
1909221
1904836
1904822
1909217
1481501
1481545
1481529
1481524
1481500
1521337
1566476
1586813
1631915
1652816
1678767
1700292
1749534
1735563
1766964
1773281
1789193
1787764
1789201
1783885
1785831
1792882
1790331
1785273
1798760
1770195
1749544
1731949
1715533
1700224
1674868
1662626
1631004
1612665
1600826
1679908
1664509
1647001
1625101
1606618
1594782
1577589
1556172
1545121
1519712
1507924
1481584
1481501
1481500
1481502
1481586
1481500
1481561
1481502
1481503
1481579
1481501
1481553
1481501
1530312
1564134
1611090
1627342
1652796
1687474
1691340
1855536
1704071
1688640
1679315
1666580
1649429
1636127
1619769
1904806
1904865
1909086
1923192
1904982
1916074
1910026
1904878
1904844
1910616
1904815
1905132
1913337
1904818
1905173
1911605
1909821
1904914
1911144
1921158
1905126
1905050
1918835
1904787
1784940
1769737
1748626
1730281
1709022
1690782
1669972
1656292
1642300
1624015
1615572
1595591
1575270
1563213
1539784
1523638
1511595
1481563
1481782
1481562
1481564
1481562
1481519
1481500
1481502
1481500
1481520
1481546
1481507
1481502
1481500
1481521
1481526
1481501
1481502
1504353
1544475
1579528
1630515
1642011
1675214
1701421
1724958
1744639
1782861
1791692
1791312
1797357
1798374
1785633
1803525
1788917
1772770
1760304
1730157
1718626
1704396
1685249
1666274
1660730
1648542
1632966
1618728
1604014
1481518
1481502
1481502
1481583
1481500
1481503
1481500
1481583
1481502
1481502
1481501
1481583
1905016
1481528
1481525
1481582
1481523
1481531
1481522
1481609
1481585
1481585
1507384
1547482
1571260
1620818
1481529
1543698
1565628
1579655
1611732
1647777
1667764
1689315
1715083
1731352
1757657
1793997
1790212
1795662
1798995
1794139
1802223
1796283
1784686
1755857
1735127
1708049
1686926
1672093
1653545
1628494
1614775
1592789
1569412
1556971
1531038
1512593
1481619
1481526
1551303
1530029
1512688
1481528
1481580
1481563
1481526
1481526
1481579
1481527
1481526
1481526
1481585
1481526
1481509
1481599
1481518
1515355
1555166
1583978
1634707
1652735
1684627
1710210
1733647
1744250
1776972
1783855
1791124
1795208
1788844
1783106
1803895
1787289
1787643
1771319
1752440
1730080
1721709
1705752
1688515
1682013
1663910
1651566
1642880
1626198
1616144
1604957
1587145
1574205
1561564
1549551
1905021
1915603
1904788
1904822
1911995
1914019
1904788
1904823
1910112
1570251
1603969
1635826
1664402
1676079
1706262
1735162
1749685
1769615
1802120
1789583
1792837
5295404
1718876
1699919
1685401
1656241
1638275
1610117
1590988
1571248
1546367
1524214
1506745
1481542
1481528
1481526
1481527
1481569
1481544
1481526
1481524
1481527
1481542
1481523
1481530
1481570
1481520
1481501
1481529
1481525
1481543
1516871
1557544
1590635
1637601
1652832
1689389
1714507
1734064
1753532
1799431
1781368
1801597
1792002
1788423
1785684
1783723
1760212
1729456
1714766
1692294
1665541
1646250
1622735
1599334
1583247
1556956
1534227
1514464
1481501
1481539
1481528
1481531
1481501
1481572
1481526
1481525
1481524
1481583
1481525
1481528
1510957
1542624
1582090
1624698
1646709
1674805
1707165
1721747
1748417
1904803
1481539
1481529
1481728
1481523
1481547
1481526
1481529
1481647
1481528
1481582
1481530
1481502
1481526
1481748
1515868
1553075
1592699
1612930
1646833
1684380
1701018
1722994
1749946
1776992
1785985
1788350
1787039
1781245
1788754
1788454
1779636
1759588
1743205
1785332
1784464
1786964
1779890
1788102
1790264
1766286
1746408
1734884
1716890
1696749
1689712
1669323
1662035
1656339
1631240
1611763
1597464
1584668
1560692
1546838
1562652
1538986
1524745
1481540
1481527
1481526
1481502
1481572
1481526
1481526
1481501
1481526
1481572
1481526
1481499
1501474
1617253
1578611
1586172
1626908
1655097
1675925
1702196
1734063
1740998
1770958
1797018
1795938
1786678
1796386
1796523
1788867
1788914
1782188
1633815
1616325
1598313
1570155
1550950
1525058
1505343
1690278
1554044
1537762
1522786
1904983
1908558
1904819
1904817
1908503
1915285
1904789
1920938
1909710
1904913
1904919
1911399
1904937
1904899
1918007
1914782
1904817
1908794
1909503
1905284
1904897
1915379
1905098
1905225
1911553
1913921
1905053
1909021
1913629
1905060
1904934
1908645
1904980
1905014
1908679
1904815
1904979
1914822
1909430
1904906
1908939
1908738
1904786
1904817
1913545
1904870
1904788
1913663
1915912
1904897
1908727
1913149
1904820
1904817
1908624
1904814
1904821
1914560
1920441
1904898
1914217
1909024
1904787
1904822
1908838
1904896
1905086
1913937
1909704
1904975
1909527
1909910
1904897
1904883
1913493
1905050
1905567
1909669
1908878
1904786
1909067
1913654
1904805
1904821
1909626
1904822
1904816
1914677
1921029
1904806
1919423
1909097
1904819
1904901
1909536
1904789
1904820
1913276
1904829
1904837
1912689
1904818
1904786
1910592
1904891
1904838
1918021
1920021
1904818
1904834
1915969
1904789
1904820
1913867
1904813
1904976
1911082
1908976
1905053
1909497
1909314
1904788
1904787
1916120
1904787
1904789
1914356
1904786
1904876
1909466
1914892
1904787
1904871
1909056
1904787
1904792
1909543
1904807
1904787
1921712
1909126
1904787
1910680
1910074
1904819
1904816
1915992
1904831
1904822
1909524
1909508
1904829
1916446
1917898
1904819
1904903
1909950
1904815
1904820
1909547
1913282
1904820
1915568
1909156
1904788
1904866
1908927
1904834
1904787
1914436
1904814
1904787
1908760
1918893
1904820
1904981
1913273
1904814
1904812
1913843
1904816
1904824
1909695
1918614
1904842
1914337
1909069
1904812
1904841
1919878
1904819
1904819
1913562
1908570
1904789
1909182
1908648
1904834
1904823
1913143
1904816
1904824
1908761
1905119
1904817
1914091
1908764
1904816
1915631
1911846
1904813
1904824
1912915
1904821
1904815
1909172
1909531
1904820
1911469
1915829
1904903
1904817
1909071
1905868
1905175
1909306
1905205
1905131
1912768
1910206
1904903
1909922
1910715
1905286
1904898
1920611
1905126
1904864
1913407
1904980
1904970
1909131
1912825
1904820
1904869
1909557
1904816
1904818
1910277
1904788
1904818
1913072
1909350
1904899
1917939
1910457
1904899
1904804
1920170
1904824
1904823
1908841
1904834
1904785
1909415
1913871
1904875
1919447
1908595
1904819
1904980
1909676
1904819
1904791
1913765
1904851
1904811
1913634
1913082
1904818
1909418
1917138
1904821
1904818
1912706
1904837
1904787
1908768
1909468
1904818
1909842
1913236
1904814
1904816
1909956
1904842
1904936
1909361
1913541
1904906
1904806
1904900
1909003
1904818
1904834
1913569
1909881
1904819
1914379
1909722
1904786
1904787
1916657
1904796
1904788
1908285
1909563
1904800
1904804
1914061
1904786
1904788
1909440
1904863
1904788
1909100
1913570
1905020
1917588
1909717
1905096
1905444
1910014
1904866
1905607
1913780
1910946
1905176
1909833
1910163
1905295
1904819
1918781
1905038
1905101
1908993
1909357
1905043
1909942
1913713
1904939
1904822
1914885
1905209
1905056
1909918
1913115
1904872
1904941
1908636
1904820
1904806
1909855
1913405
1904942
1913362
1908850
1904819
1904817
1908998
1904824
1904818
1518772
1552061
1578082
1600488
1636717
1648439
1669685
1697695
1712771
1725867
1745869
1750843
1766457
1799804
1786113
1792402
1800508
1786830
1788148
1801709
1791742
1789360
1800411
1718849
1734965
1750260
1754109
1782249
1904822
1917575
1917756
1904945
1904805
1909403
1904787
1904787
1920778
1909276
1904970
1904821
1910007
1904824
1904816
1913486
1909140
1904840
1911188
1909838
1904788
1904916
1913517
1904817
1904972
1914541
1909257
1904788
1909157
1908111
1904820
1904915
1918276
1904817
1650503
1650759
1683110
1706940
1721388
1736917
1763953
1780625
1782606
1794538
1784766
1789122
1741242
1746352
1766101
1800826
1789448
1710920
1651082
1581679
1527212
1481502
1481582
1481502
1481502
1481502
1481501
1539063
1624663
1719150
1781040
1791954
1729553
1659035
1590438
1550477
1481523
1481542
1481528
1481500
1481538
1481523
1556854
1634070
1712870
1783556
1796717
1734645
1659142
1621078
1522337
1481501
1481526
1481539
1481524
1481505
1481522
1532867
1613598
1692240
1793131
1785693
1733070
1763268
1737936
1738398
1905304
1917074
1919644
1906647
1906264
2115046
1931446
1939057
2116903
2027489
2127876
1720700
1667510
1481557
1905169
4455098
1918191
3320610
2034362
2236216
2223618
2222331
2232090
2226647
2326943
2141259
1912593
1913446
1904817
1913231
1908252
1904822
1905058
1909020
1907697
1904808
1917251
1904969
1904862
1909071
1908534
1905107
1904896
1912923
1904787
1904819
1909492
2331006
2642261
4473615
2682785
2790395
2020172
1904803
2613685
2999267
2107131
1904846
2419049
2353140
1905364
1908251
2667053
2700457
2233671
2232598
2222250
2227818
2222253
2358469
2280222
2233309
2233274
2227245
2227380
2320591
3076994
2239334
2614325
2339221
3077068
3347297
2932132
2232090
2904348
2223657
2500328
3032967
4152419
2406586
2706181
3256009
2222639
2593411
2798711
2236248
2232819
2223273
2227846
2222305
1904867
1915192
1910944
1904974
1911077
1912576
1921839
1904820
1904814
1909350
1913607
1906327
1909494
1915009
1908967
1904866
1974628
2066977
2064701
1920684
1904788
1918416
17132525
2511471
2259463
2277647
2267664
2533126
2734747
2223641
4976997
2242914
2128089
2156327
1904853
1904845
1904856
1910091
1910493
1904786
1904809
1654630
1481525
1481525
1488861
1904805
1904808
1910430
1911007
1904836
1905011
1763019
1481569
1481554
1693704
1486111
1419671
1500550
1385126
1387578
1486929
1493875
1481540
1481520
1490791
1763313
1487625
1481766
1482138
1489819
1487306
1487078
1481502
1481667
2023709
2181180
2305670
2820258
1904941
1904944
1913638
1904788
1904787
1904841
1904896
1909405
1909485
1904785
1905856
1910071
1915313
1922872
1921039
1916591
1904813
1904809
1913106
1918404
2287755
1904891
1913386
1914900
1905071
1904836
1910525
1912733
1904787
1906510
1905629
1921392
1916555
2222626
2227889
2222333
2373576
2228302
2222312
2232548
3163471
2238529
2233015
3085001
2398850
2415191
2375176
2222287
2222288
2228250
2233487
2228286
2222339
2228434
2252816
2235870
2232490
2236185
3352710
2223714
3358161
2674240
3364431
2222415
2222378
2402909
2227693
2233901
2222286
2479971
2222441
2222401
2231926
2222290
2234852
2144295
2152935
2132559
2139638
2138173
2099730
2533293
2133318
2222324
2308459
2768906
2473641
2236918
1613444
5038080
2518434
2234296
2238172
2249634
2239863
2585824
2239976
2515937
2543882
2607163
2228682
2078046
1919850
1904803
1909943
1909592
2172395
1929265
1925922
1915466
1967194
1915035
1920855
1913099
1921138
2556687
1926206
1924637
1920578
1910446
2028344
1923795
1711171
1491728
1491320
1543906
1633370
1711944
1800080
1803600
1909202
1481841
1753777
1536093
1487140
1481672
1579832
1481885
1481938
1695801
1708581
1481569
1793824
1699316
1982591
1749964
1795889
2069165
1903407
1963095
1481543
1506003
2673876
1943917
2867519
2888257
2246733
2223882
2966263
2868831
2353739
2516419
1910529
2893442
2682418
2404648
2518232
2396485
1904817
1904865
1915816
2822545
2474586
2237329
2234737
2228481
2882781
2529755
2353339
2318172
2240442
2353171
2364522
2606711
2499863
2222289
2424582
2496903
2222388
2482080
2293718
2228802
2226167
2229187
2229189
2222370
2234088
2678417
2222286
2222253
2677180
2222497
2228694
2778334
2569903
2228744
2237743
3485942
3315879
3352905
2667347
2610946
2232221
2231148
2223200
2230967
2222312
2222543
1904922
1910079
1904925
1904904
1905229
1908900
1904816
1904804
1910400
1916322
1904844
1904826
1911460
1912694
2485496
1916385
1908661
1918245
2076266
1904966
1904800
1904794
1908720
1913313
1904903
1904789
3152364
2261016
2229700
2514205
2365105
2222995
2222962
2223291
2234761
2223274
2222935
2231687
2222278
2817149
1914862
2394994
2226519
2226792
2370603
1922392
1732896
1793235
2302615
2222342
2250561
2234220
2222287
2353092
2500114
2228408
3129061
3086611
2222376
2222302
2232479
2235157
2380388
2228479
2228523
2222308
2228576
2238822
2222719
2235259
2222312
2222753
2235198
2222290
2240857
2222382
2237206
2222294
2232747
2288549
1745345
1786401
1725060
1739620
1904980
1481534
1481536
1488609
1597619
1905077
2116616
1927541
2126965
1790105
1690984
1913570
2165990
2261949
1516966
1506306
1481705
1481501
3324873
1607318
5086157
4946341
2337832
2235397
2227608
2223983
