4417636
2232314
2222250
2229566
2222271
2227349
2222343
2231916
2222272
2226671
2222519
2232821
1333434
1340497
1333365
1355729
1333446
1333352
1376782
1333351
1333351
1336948
1333350
1333351
1340775
1333350
1333351
1337253
1333351
1333369
1338964
1333350
1333367
1340176
1333352
1333351
1336466
1333350
1336102
1333350
1333362
1340039
1333350
1333377
1337039
1333350
1333366
1338736
1333370
1333350
1414256
1333351
1333350
1336073
1333362
1333350
1339057
1333366
1333351
1340915
1333369
1333362
1336766
1333351
1333353
1339643
1333350
1333363
1341518
1333365
1333350
1336574
1333365
1333352
1339300
1333365
1333351
1341495
1333370
1333372
1337338
1333352
1333350
1339290
1333350
1333367
1340571
1333366
1333350
1338321
1333370
1333351
1339335
1333351
1333364
1340133
1333350
1333352
1336625
1416595
1689619
1487785
1481516
1481515
1488854
1481519
1481517
1487679
1489341
1481518
1481520
1485680
1481514
1481501
1484878
1481517
1481535
1485363
1487836
1481501
1481517
1484549
1481516
1481517
1488884
1481517
1481518
1333364
1342170
1333352
1333351
1339740
1333368
1333350
1333370
1333363
1339066
1333351
1333364
1341008
1333366
1333367
1337343
1661172
1333350
1339146
1333350
1333369
1341126
1333366
1333350
1336337
1333363
1333350
1338825
1333366
1333351
1340331
1333362
1333370
1336205
1333350
1333350
1339729
1333364
1333362
1340431
1333367
1333354
1336467
1333367
1333366
1339736
1333364
1333365
1341359
1333350
1333351
1336996
1333369
1333366
1339309
1333350
1333363
1340289
1333350
1333352
1336215
1333367
1333352
1339370
1333350
1333367
1340132
1333351
1333364
1336412
1333351
1333352
1339290
1640847
1333366
1342051
1333366
1333366
1336860
1333365
1339484
1333364
1333363
1340484
1333364
1333363
1337476
1333350
1333368
1337123
1333363
1333363
1343724
1333364
1333364
1336697
1333353
1333366
1339492
1333399
1333370
1333367
1333368
1336393
1333367
1333366
1340044
1333368
1333352
1340454
1333366
1333366
1336232
1333370
1333368
1339286
1333370
1333368
1340522
1333369
1333350
1336281
1333366
1333366
1344304
1333369
1333352
1340135
1333370
1333367
1339989
1333366
1333350
1340285
1333366
1333363
1340470
1333366
1333366
1339467
1333364
1333369
1339547
1333350
1333350
1341900
1333363
1333363
1333362
1333364
1336725
1333363
1333365
1339843
1333367
1333353
1336396
1333350
1333364
1339322
1333364
1333366
1341510
1333362
1333352
1336757
1333350
1333364
1339014
1333350
1333369
1340876
1333350
1915268
1908511
1904952
1904786
1908415
1904810
1904805
1913175
1904788
1904809
1908972
1912212
1481517
1488751
1481513
1481515
1487533
1481522
1481517
1484966
1481502
1481520
1491077
1487640
1481516
1481520
1489717
1481535
1487603
1488717
1481517
1481515
1487930
1560545
1481519
1484649
1481517
1481515
1488572
1486964
1481516
1481522
1490027
1481515
1585827
1333353
1336633
1333361
1333365
1340595
1333363
1333369
1336459
1333350
1333363
1338496
1333350
1333351
1339559
1333363
1333351
1336500
1333362
1333363
1339143
1333366
1333368
1339585
1333362
1333366
1336498
1333363
1333363
1338908
1333366
1333365
1339445
1333351
1333366
1336668
1333364
1333363
1338931
1333351
1333363
1340316
1333365
1333363
1336326
1333352
1333363
1339133
1333351
1333364
1339714
1333366
1333366
1336452
1333365
1333351
1726027
1481515
1481515
1343337
1333363
1333351
1337050
1333364
1333364
1339523
1333362
1333371
1341187
1333364
1333366
1341443
1333363
1333362
1339983
1333364
1333363
1340393
1333368
1333363
1336004
1333352
1333366
1339589
1333367
1333353
1340401
1333367
1333365
1337340
1333350
1333366
1340134
1333365
1333372
1337073
1333364
1333362
1339469
1333367
1333366
1345677
1333366
1333366
1337475
1333351
1333363
1339736
1333363
1333351
1342069
1333368
1333364
1531443
1333367
1333364
1339673
1333367
1333351
1340225
1333350
1333364
1337084
1333351
1333364
1340610
1333350
1333367
1340408
1333362
1333364
1336857
1333351
1333361
1345232
1333363
1333367
1340040
1333351
1333369
1455863
1333367
1333365
1336665
1333365
1333365
1339905
1333351
1333366
1336489
1333353
1333368
1339786
1333366
1333367
1341595
1695907
1488199
1481520
1481500
1489157
1491551
1481501
1481517
1489287
1481502
1481520
1487572
1481518
1481513
1485835
1481517
1481519
1489671
1481516
1481519
1494193
1489259
1481519
1481515
1487455
1481519
1481515
1603731
1481501
1481519
1488439
1481500
1481515
1489083
1481520
1481517
1484938
1487157
1481514
1481515
1484808
1481519
1481534
1485609
1481517
1333368
1333367
1340058
1333370
1333367
1336178
1333363
1333352
1338775
1333364
1333350
1340403
1333371
1333365
1337591
1333364
1333368
1337298
1333352
1333350
1346472
1333364
1333350
1336517
1333367
1333364
1337556
1333351
1333369
1339524
1333352
1333351
1337420
1333351
1333351
1339301
1333368
1333363
1340788
1333351
1333370
1338872
1333363
1333367
1339286
1333370
1333350
1340864
1333368
1333369
1336363
1333350
1333365
1338804
1333363
1717049
1481500
1484942
1487927
1481514
1481516
1488673
1481515
1481502
1488994
1481518
1481514
1485284
1481502
1481518
1485112
1481518
1481500
1492460
1485481
1481501
1481515
1489965
1481515
1481517
1485190
1481515
1481502
1488171
1485168
1481515
1481515
1484768
1481502
1481517
1492375
1481514
1481517
1487656
1481517
1481518
1484929
1481518
1333367
1333364
1339794
1333364
1333363
1333383
1333354
1339725
1333350
1333350
1340067
1333365
1333363
1336522
1333350
1333350
1337433
1333364
1333362
1340035
1333381
1333364
1336751
1333368
1333366
1339593
1333364
1333370
1340514
1333363
1333350
1336821
1333365
1333362
1339907
1333350
1333361
1480690
1333366
1394541
1333355
1333363
1337192
1333367
1333362
1340345
1333365
1333352
1336838
1333368
1333352
1343896
1333369
1333363
1341962
1333351
1333367
1692568
1487845
1481516
1481531
1485122
1481500
1481515
1491354
1485424
1481501
1481521
1489778
1481515
1481518
1487965
1481517
1481514
1485960
1481514
1481514
1496200
1481514
1481500
1481515
1488115
1481515
1481499
1489340
1481515
1481501
1484937
1481516
1481524
1488572
1481520
1481501
1487455
1489833
1481503
1481513
1733801
1481516
1481514
1484616
1758509
1481515
1481519
1484840
1487875
1481516
1481504
1484581
1481522
1481514
1489260
1481503
1339701
1333363
1333361
1339604
1481519
1451159
1333350
1333352
1340686
1333363
1333351
1339086
1333367
1333363
1339742
1333352
1333366
1336288
1333404
1333364
1341906
1333364
1333366
1342475
1333362
1333352
1336438
1333365
1333365
1341337
1333365
1333364
1339789
1333364
1333365
1336566
1333370
1333366
1339099
1333364
1333352
1340301
1333364
1333350
1707347
1485214
1481515
1481501
1488361
1481520
1481515
1488033
1481501
1481520
1484869
1481500
1481502
1481518
1486564
1481502
1481503
1490000
1481515
1481500
1487250
1481518
1481514
1484802
1481500
1481515
1489537
1481502
1481518
1492888
1488399
1481516
1481502
1485628
1481514
1481500
1490143
1481518
1481518
1488048
1481501
1481517
1489337
1489090
1481515
1481517
1485102
1333351
1339789
1333351
1333363
1337724
1333350
1333366
1339595
1333363
1333351
1339663
1333367
1333364
1337383
1333366
1333368
1339798
1333355
1333364
1340219
1333364
1333352
1336596
1333366
1333363
1339859
1333351
1333366
1343593
1333363
1333364
1337174
1333366
1333365
1338910
1333367
1333364
1341402
1333352
1333363
1339381
1333365
1333350
1339379
1333363
1333365
1340185
1333350
1333365
1338192
1333366
1333365
1339680
1915098
1904788
1914192
1908798
1904786
1904788
1908783
1904807
1904804
1914786
1904810
1904804
1911959
1911023
1904804
1904808
1913772
1904809
1904810
1908519
1904805
1904803
1919225
1913888
1904806
1913902
1911022
1904814
1481515
1484944
1481502
1481518
1484821
1487119
1481501
1481518
1485324
1481516
1584437
1487832
1488280
1481514
1481522
1488598
1481515
1481502
1487291
1481519
1481514
1484656
1481502
1481517
1490701
1481505
1339865
1333366
1333362
1339316
1333364
1333366
1339721
1333366
1336522
1333367
1333363
1339377
1333350
1333369
1340162
1333352
1333350
1338981
1333363
1333365
1339076
1333364
1333364
1342775
1333366
1333369
1336715
1333365
1333364
1339553
1333368
1333364
1343784
1333363
1333367
1336748
1333350
1333350
1338707
1333363
1333350
1340837
1333365
1333364
1336342
1333367
1904807
1911146
1481502
1481503
1484633
1481514
1481502
1481500
1484826
1481518
1481500
1489447
1481519
1481515
1488377
1481500
1481522
1485014
1481502
1333363
1333368
1341954
1333367
1333351
1336853
1333365
1333362
1338979
1333363
1333364
1340441
1333350
1333364
1338602
1333375
1333351
1340810
1333367
1333361
1339423
1333367
1333366
1338585
1333351
1333362
1336369
1333366
1333350
1340107
1333366
1333363
1336464
1333366
1333367
1338856
1333353
1333362
1340711
1333364
1333372
1338745
1333366
1333364
1340107
1333351
1333364
1333363
1336403
1333352
1333368
1340162
1333364
1333362
1342308
1333362
1339565
1333368
1333363
1338966
1333350
1333351
1339800
1333365
1333369
1336328
1333367
1333363
1339473
1333363
1333369
1340065
1333352
1333350
1379325
1333364
1333363
1338807
1333366
1333366
1343117
1688740
1481536
1487389
1481515
1481515
1488974
1481499
1481515
1486979
1481519
1481519
1484604
1487303
1481503
1481517
1485334
1481500
1481520
1494614
1481515
1481501
1487013
1481516
1481500
1484462
1481516
1481516
1491610
1487678
1481501
1481501
1487953
1481502
1481515
1488063
1481516
1481499
1484869
1481519
1481514
1488288
1481517
1481518
1490783
1495123
1481501
1481501
1486957
1481501
1481501
1484650
1494976
1481501
1481499
1484698
1481516
1339084
1333350
1333367
1340850
1333363
1333350
1342932
1333366
1333350
1338792
1333366
1333363
1340238
1333351
1333367
1336377
1473168
1333364
1336995
1333367
1333364
1340344
1333369
1333367
1336791
1333351
1333370
1338999
1333363
1333352
1340231
1333366
1333362
1336682
1333350
1333368
1338995
1333353
1333350
1340272
1333362
1333351
1336243
1333370
1910345
1904787
1904803
1909636
1904806
1904804
1912860
1911168
1904790
1910751
1908428
1904805
1904786
1915958
1904786
1614582
1485535
1481515
1481501
1491429
1488556
1481517
1481518
1489996
1481513
1481501
1487471
1481522
1481515
1485014
1481501
1481515
1494405
1481515
1481502
1481522
1489242
1481515
1481501
1487750
1481523
1481514
1485246
1481519
1481522
1489067
1484813
1481502
1481521
1489907
1333372
1333365
1339097
1333363
1333352
1340990
1333369
1333363
1336511
1333371
1333368
1339405
1333350
1333366
1343015
1481518
1405834
1333350
1333363
1339282
1333364
1333365
1340031
1333364
1333352
1337465
1333368
1333363
1338628
1333351
1333364
1340499
1333365
1333351
1472369
1333365
1333352
1342510
1333368
1333364
1340570
1333351
1333368
1336754
1333361
1333351
1339841
1333368
1333363
1341725
1693934
1488426
1481513
1481501
1484937
1481522
1481515
1488801
1481518
1481517
1481516
1488533
1481515
1481522
1486793
1481502
1481521
1484750
1481514
1481518
1489073
1481515
1481516
1488451
1481501
1481501
1481514
1488202
1481518
1481518
1486068
1481501
1481500
1488750
1481516
1481500
1488021
1481517
1481515
1484839
1481502
1481517
1488772
1484632
1481518
1481523
1488381
1481501
1481502
1487268
1481515
1481516
1484652
1481519
1481519
1489063
1481514
1481522
1487474
1489735
1333350
1333366
1336317
1333364
1333351
1340806
1333365
1333363
1339903
1333370
1333365
1336492
1333350
1333367
1340150
1333363
1333351
1333369
1333366
1336945
1333350
1333369
1339806
1333363
1333352
1339455
1333366
1333364
1336753
1333351
1333367
1339374
1333351
1333366
1344412
1333360
1333350
1337913
1333367
1333364
1685138
1487528
1487992
1481517
1481503
1484843
1481518
1481500
1488401
1481502
1481520
1487452
1481515
1481500
1486075
1481517
1481516
1491243
1487803
1481519
1481515
1492028
1333367
1336708
1333364
1333350
1345382
1333366
1333363
1339696
1333373
1333367
1336246
1333352
1333367
1339649
1333351
1333350
1339699
1333368
1333364
1459010
1333366
1333366
1336840
1333353
1333350
1344914
1333365
1333350
1336227
1333370
1333366
1344177
1333363
1333366
1340848
1333351
1333350
1333387
1747467
1333351
1339695
1333367
1333365
1337986
1333352
1333368
1340111
1333352
1333351
1340322
1333364
1333363
1340274
1333370
1333367
1336786
1333351
1333369
1341769
1333366
1333351
1336336
1333367
1333365
1339173
1333367
1333366
1340312
1333351
1333367
1412037
1333364
1333351
1340044
1333369
1333364
1339693
1333369
1904810
1904806
1916104
1904840
1904809
1909049
1904787
1904786
1908719
1914352
1904785
1915029
1909814
1904808
1904807
1909568
1904810
1904790
1915425
1912149
1904804
1911666
1908965
1904788
1904808
1481520
1488484
1481501
1481521
1488854
1481514
1481501
1484499
1487181
1481515
1481501
1484825
1481518
1481515
1490382
1481517
1481518
1484652
1481501
1481521
1484812
1481515
1481499
1498007
1485293
1481515
1481500
1488097
1481517
1481516
1484674
1481520
1481517
1484617
1481501
1333367
1333367
1339858
1333351
1333367
1333367
1343916
1333350
1333350
1339057
1333364
1333351
1341175
1333367
1333365
1336388
1333368
1336863
1333362
1333352
1339842
1333364
1333364
1336563
1333350
1333366
1338862
1333351
1333367
1339943
1333364
1333352
1337012
1333365
1333363
1339232
1333350
1333367
1340315
1333361
1691050
1487843
1481520
1481499
1488516
1481535
1481515
1487381
1488488
1481519
1481517
1487469
1481500
1481517
1487000
1481515
1481502
1489625
1481518
1481515
1487678
1481521
1481519
1484805
1481502
1481524
1488365
1481516
1481503
1487458
1488086
1481515
1481500
1487284
1481518
1481518
1487038
1481518
1481519
1488314
1481501
1481501
1487031
1488628
1481501
1481520
1488045
1481514
1481501
1487336
1481518
1481514
1489522
1481499
1481519
1487472
1488732
1481501
1481516
1487356
1481502
1481504
1481545
1481517
1489127
1333351
1336686
1356435
1333363
1338567
1333368
1333367
1339708
1333352
1333369
1337099
1333351
1333350
1339280
1333371
1333372
1341659
1333371
1336344
1333368
1333352
1339447
1333366
1333370
1340391
1333350
1333365
1336789
1333351
1333373
1339693
1333369
1333351
1340207
1333370
1910773
1908515
1904876
1904809
1912904
1904786
1904817
1912119
1908384
1904816
1904817
1915376
1904809
1904787
1909394
1904814
1904814
1909152
1916364
1904786
1916691
1909898
1904786
1904812
1908894
1904789
1904789
1915510
1910838
1904811
1917340
1908810
1904814
1904818
1912593
1904823
1488796
1481522
1481500
1485333
1481519
1481523
1485496
1481526
1481500
1489079
1481502
1481519
1487827
1490756
1481499
1481501
1488027
1333362
1340073
1333350
1333367
1336777
1333353
1333367
1338881
1333363
1333350
1437234
1333363
1480838
1333350
1333370
1333363
1333363
1340648
1333373
1333366
1336352
1333363
1333353
1339407
1333364
1333351
1340258
1333374
1333364
1337257
1333351
1333368
1340967
1333351
1333350
1340722
1333362
1333366
1336940
1333370
1333366
1338650
1333350
1333370
1339567
1333350
1333352
1910384
1904788
1908395
1914821
1904831
1904839
1910078
1904788
1904808
1908480
1904822
1904790
1912499
1910282
1904803
1916437
1908865
1904808
1904815
1915065
1904818
1904809
1909044
1904788
1904787
1909229
1481515
1489977
1481526
1481518
1488420
1481501
1481522
1484725
1481515
1481501
1488925
1481518
1481500
1487644
1489530
1481518
1481515
1484984
1481517
1481522
1484726
1481500
1481502
1488921
1481515
1481516
1487329
1488451
1481518
1489086
1481502
1481525
1484812
1481502
1380718
1333369
1340496
1333352
1333350
1336987
1333367
1333363
1333351
1333367
1340401
1333362
1333350
1337864
1333372
1333363
1333368
1333366
1333366
1340070
1333355
1333368
1336779
1333364
1333351
1336228
1333369
1333363
1341050
1333369
1333362
1336313
1333351
1333368
1339255
1333371
1333351
1340044
1333366
1333364
1723768
1481502
1487962
1487670
1481519
1481518
1485023
1481515
1481516
1488415
1481515
1481516
1491536
1481521
1481517
1486130
1481515
1481501
1491365
1481515
1481501
1487981
1488484
1481515
1481501
1487519
1481518
1481515
1484959
1481501
1481519
1488650
1333369
1336193
1333350
1333366
1341898
1333350
1333369
1339756
1333369
1333350
1336325
1333369
1333367
1338816
1333366
1333366
1343715
1333369
1333372
1660260
1333367
1333352
1336844
1333367
1333365
1345711
1333352
1333367
1336312
1333353
1333352
1339526
1333366
1333350
1340868
1333366
1333374
1336220
1333351
1339828
1333371
1333351
1340340
1333365
1333367
1343027
1333351
1333372
1339440
1333350
1333350
1340497
1333365
1333351
1338360
1613908
1333366
1336915
1333351
1333366
1339389
1333370
1333351
1336563
1333370
1333351
1339255
1333369
1916587
1909010
1904788
1904809
1908401
1904805
1904809
1913455
1904808
1904804
1908350
1908457
1904813
1908825
1916530
1904805
1904808
1909128
1904788
1904804
1909247
1915210
1904809
1914562
1911092
1904805
1904787
1908399
1904804
1904805
1915869
1912366
1904814
1911551
1909360
1904814
1904808
1912725
1904844
1904807
1909426
1911121
1904809
1908491
1914394
1904809
1904787
1911890
1904830
1904809
1908665
1904816
1904817
1333351
1336254
1333367
1333371
1339846
1333405
1333350
1340548
1333367
1333367
1336901
1333366
1333363
1338919
1333366
1333366
1340694
1333366
1333351
1336442
1357660
1333363
1336292
1333372
1333351
1333364
1333366
1336333
1333367
1333362
1338642
1333350
1333366
1340386
1333351
1333367
1336728
1333362
1333351
1340428
1333366
1333364
1342316
1333350
1333367
1336464
1333350
1689854
1481519
1487198
1487707
1481501
1481517
1484708
1481502
1338961
1333366
1333364
1340106
1333350
1333365
1336810
1333351
1333351
1339372
1333367
1333351
1341568
1333370
1333364
1337007
1333350
1333366
1344211
1333363
1333352
1340668
1333369
1333363
1336551
1333373
1333367
1338503
1333351
1333373
1341264
1333367
1333369
1336393
1333371
1333363
1339472
1333350
1333363
1339553
1333352
1333364
1336743
1333362
1333351
1333351
1333370
1427666
1333351
1333350
1337562
1333363
1333351
1339909
1333367
1333363
1340717
1333350
1333366
1336803
1333350
1333351
1339773
1333364
1333352
1340082
1333351
1333383
1337714
1333350
1333366
1339235
1333352
1333367
1339562
1333360
1333368
1336706
1333366
1333364
1339076
1333356
1333370
1341031
1333366
1333351
1336621
1333350
1333363
1339716
1333371
1333366
1699836
1481506
1481521
1485354
1481514
1481500
1488585
1481528
1481517
1488200
1481523
1481520
1484771
1489261
1481500
1481499
1485451
1481499
1481502
1492049
1481514
1481501
1487486
1481520
1481521
1484925
1481502
1481522
1490937
1487505
1481501
1481517
1489142
1481501
1481501
1488291
1481517
1481499
1484805
1481518
1481518
1489133
1481515
1481519
1490354
1490243
1481501
1481518
1487658
1481501
1481502
1485541
1481515
1481502
1488507
1481525
1481515
1487788
1481499
1481520
1484782
1486981
1481500
1481517
1333367
1339460
1333350
1481518
1433688
1333365
1336944
1333368
1333420
1337331
1333352
1333351
1340221
1333366
1333350
1336169
1475278
1333367
1473853
1333350
1403807
1333353
1333352
1336328
1333370
1333363
1339338
1333350
1333368
1339921
1333366
1333350
1336354
1333364
1333351
1340339
1720744
1481513
1481501
1488256
1481518
1481516
1488498
1481501
1481520
1488021
1481502
1481501
1485293
1481515
1481500
1491871
1481524
1481514
1488715
1490639
1481517
1481520
1488276
1481518
1481518
1484987
1481519
1481500
1488511
1481519
1481521
1487717
1481519
1481522
1484528
1481500
1481503
1488015
1481515
1333351
1333350
1340119
1333363
1333351
1343997
1333367
1333363
1336646
1333350
1333370
1339594
1333351
1333351
1340921
1333362
1333354
1336162
1333371
1336704
1333351
1333350
1341012
1333366
1333351
1336695
1333367
1333363
1339327
1333351
1333366
1339732
1333350
1333351
1337421
1333369
1333350
1339449
1714015
1333365
1339854
1333350
1333371
1338902
1333365
1333367
1339772
1333369
1333364
1340523
1333350
1333368
1336984
1333365
1333363
1337199
1333368
1333363
1344243
1333372
1333364
1691940
1481519
1481503
1489228
1481500
1481515
1488118
1481516
1481503
1485283
1481518
1481538
1489877
1481502
1481518
1489630
1491949
1481502
1481518
1490317
1481516
1481502
1484970
1481515
1481502
1488629
1481518
1481500
1488172
1481499
1481521
1484838
1481502
1481501
1488790
1488622
1481502
1481503
1488526
1481519
1481513
1488169
1481515
1481517
1485191
1481500
1481522
1491339
1485365
1481501
1481525
1492995
1481518
1481499
1488553
1481519
1481518
1485696
1481521
1481521
1491446
1481502
1545457
1487980
1489019
1481503
1481523
1489818
1481516
1481502
1484337
1481520
1481515
1488810
1481502
1481519
1488552
1481501
1481501
1566936
1481515
1481503
1484761
1481519
1481517
1494540
1481519
1481519
1487296
1488346
1481504
1481518
1487590
1481503
1333350
1333372
1336555
1333352
1333352
1339213
1696958
1481516
1481504
1488693
1481519
1481517
1488408
1481517
1481518
1484828
1481500
1481516
1494364
1485813
1481518
1481579
1491536
1481515
1481501
1488722
1481515
1481515
1485155
1481519
1481518
1488225
1481514
1481518
1488097
1488887
1481517
1481501
1487999
1481515
1481516
1484839
1481515
1481520
1495002
1481499
1481515
1488970
1481516
1481515
1485045
1488533
1481502
1481501
1484990
1481516
1481515
1488185
1481520
1481514
1340080
1333350
1333370
1340322
1333351
1333350
1338391
1333365
1333364
1339053
1333370
1333366
1346852
1333351
1333369
1336219
1333350
1333350
1338966
1333365
1333363
1339516
1333368
1333370
1338359
1333350
1333366
1338773
1333364
1333353
1340194
1333352
1333367
1336513
1333367
1333363
1339385
1333353
1340402
1340378
1333362
1333351
1337652
1333367
1339371
1333366
1724802
1481519
1481516
1485838
1481519
1481520
1488419
1484867
1481513
1481518
1484768
1481501
1481501
1489542
1481521
1481502
1488605
1481520
1481512
1485894
1481501
1481519
1488082
1481515
1481500
1487365
1488681
1481516
1481500
1487280
1481518
1481501
1484932
1481523
1481501
1488425
1481502
1481521
1488047
1481515
1481502
1481524
1487643
1481515
1481503
1484525
1481522
1481515
1488075
1481517
1481520
1487351
1481502
1481515
1484627
1487370
1481499
1481515
1484862
1481514
1481501
1490794
1481520
1481515
1484673
1481518
1481519
1484776
1481503
1481514
1491419
1487796
1481499
1481502
1488463
1481518
1481501
1487260
1491289
1481515
1481501
1487874
1481518
1481515
1484999
1481500
1481519
1488194
1481514
1481594
1487878
1481519
1481527
1488136
1481521
1481503
1485831
1481501
1481518
1488525
1734381
1481501
1481518
1484954
1481502
1481501
1489093
1481518
1481515
1486961
1481524
1481518
1485179
1481500
1481516
1491867
1485320
1481501
1481517
1489744
1481515
1481501
1488237
1481517
1481516
1485964
1481520
1481512
1488287
1481502
1481501
1487682
1481514
1481502
1485157
1487553
1481517
1481503
1484422
1481517
1481514
1488206
1481503
1481518
1487753
1481521
1481502
1484798
1481519
1481515
1490920
1485512
1481519
1481501
1488249
1481518
1481515
1488002
1481502
1481517
1484552
1481514
1481501
1488346
1484725
1481517
1481502
1489369
1481524
1481515
1487970
1481520
1481518
1485052
1481502
1481518
1488586
1481514
1481502
1494125
1481515
1481518
1339095
1333369
1333363
1337227
1333365
1333366
1340439
1333362
1333364
1337262
1333366
1333364
1339333
1333364
1333364
1341168
1333353
1333368
1904835
1911697
1915295
1904792
1913344
1909165
1904787
1904786
1908515
1904809
1904789
1914946
1911707
1904805
1912245
1909154
1904809
1904805
1912906
1904806
1904805
1909020
1904806
1904786
1908629
1914217
1904814
1904787
1910075
1904827
1904805
1908667
1914623
1904785
1913076
1916227
1904813
1904810
1908462
1904788
1904811
1913180
1911296
1904808
1911330
1909230
1904806
1904785
1914689
1904811
1904808
1908872
1911848
1904818
1909687
1917120
1904786
1904790
1911444
1904786
1904812
1908385
1904804
1481501
1481502
1487087
1488991
1481501
1481502
1487406
1481515
1481505
1484566
1481500
1481516
1489845
1481520
1481524
1488652
1481516
1333350
1333368
1337425
1333368
1333351
1340523
1333366
1333365
1336164
1333369
1333373
1336447
1333352
1333367
1340476
1333365
1370467
1333370
1333368
1337048
1910678
1904809
1904808
1915171
1904789
1904812
1909141
1904804
1904812
1908368
1914114
1904806
1904797
1911437
1904809
1904806
1908692
1904818
1904810
1914578
1912284
1921704
1904808
1909279
1904788
1904790
1912964
1911434
1904789
1911787
1909479
1904805
1904787
1912382
1904814
1904809
1908895
1911210
1904814
1909118
1917905
1904786
1904809
1909217
1904805
1904789
1908996
1915583
1904810
1904787
1912407
1488969
1481514
1481502
1487322
1481522
1481515
1484901
1487492
1481519
1481517
1494556
1481522
1481580
1489964
1481502
1481525
1484964
1481516
1481521
1485050
1487543
1481516
1481500
1484886
1481518
1481514
1488595
1481523
1481540
1488338
1481501
1481521
1485409
1481516
1333351
1343072
1333366
1333364
1339669
1333369
1333371
1339201
1333351
1333366
1341024
1333369
1333352
1336796
1333368
1704928
1481515
1481502
1488622
1481522
1481501
1487257
1481526
1481523
1484786
1481499
1481523
1488313
1481515
1481501
1494776
1481518
1481516
1485509
1488358
1481520
1481514
1485171
1481518
1481519
1489197
1481500
1481518
1487823
1481516
1481500
1484924
1481521
1481520
1488912
1481501
1481518
1485371
1488122
1481521
1481520
1491102
1481503
1481521
1484708
1481519
1481500
1489633
1481519
1481515
1487972
1481500
1481515
1485368
1481501
1481515
1488964
1481515
1481502
1488042
1488613
1481515
1481500
1487705
1481519
1481515
1484732
1481500
1481522
1488873
1481501
1481501
1487456
1481515
1481515
1484413
1488462
1481518
1488590
1485295
1481522
1481517
1488384
1481503
1481518
1487217
1481501
1481502
1484748
1481516
1481514
1488939
1481519
1481519
1488963
1489241
1481503
1481519
1487681
1481500
1695593
1481518
1487414
1488642
1481522
1481518
1488521
1481499
1481501
1484897
1481516
1481503
1489221
1481521
1481517
1488476
1491287
1481541
1481515
1488573
1481499
1481517
1485512
1481500
1481502
1488387
1481517
1481501
1487793
1481518
1481514
1484709
1496457
1481518
1481515
1484611
1481500
1481518
1488100
1481515
1481501
1487915
1481518
1481514
1484595
1481517
1481522
1492204
1481501
1481522
1487883
1488975
1481505
1481517
1487385
1481514
1481500
1484610
1481518
1481517
1488148
1481523
1481517
1487497
1481500
1481518
1485177
1481515
1481501
1491247
1485142
1481515
1481501
1488288
1481521
1481516
1339220
1333369
1333367
1341324
1333354
1333351
1336971
1333367
1333352
1414132
1333363
1333351
1339678
1333365
1333367
1336827
1333351
1333354
1338924
1333367
1333361
1340259
1333370
1333366
1709238
1481501
1481522
1487458
1488493
1481500
1481522
1484912
1481501
1481500
1484552
1481515
1481516
1490011
1481519
1481518
1488019
1481500
1481500
1485745
1487601
1481516
1481520
1484497
1481517
1481503
1489062
1481517
1481514
1488292
1481501
1481521
1485025
1481501
1481520
1481518
1485275
1481502
1481519
1488424
1481515
1481518
1487218
1481518
1481518
1484896
1481501
1481520
1492711
1485422
1481520
1481519
1488093
1481501
1481500
1487600
1481514
1481514
1484567
1481520
1481513
1488795
1484553
1481523
1481515
1488969
1481502
1481522
1487665
1481500
1481503
1484614
1481514
1481515
1760829
1333367
1336171
1333364
1333351
1339347
1333367
1333363
1340043
1333368
1333368
1337423
1333351
1333369
1338934
1333363
1333350
1340617
1333367
1333364
1339184
1333370
1333366
1336603
1333350
1333368
1722515
1481514
1481500
1484595
1481517
1481519
1488890
1481502
1481518
1487211
1490096
1481517
1481524
1488232
1481502
1481500
1485595
1481513
1481502
1490452
1481521
1481517
1494147
1488734
1481521
1481516
1487366
1481500
1481518
1485276
1481503
1481514
1488791
1481515
1481515
1768515
1489001
1481521
1481515
1487593
1481500
1481517
1484666
1481517
1481518
1488822
1481518
1481501
1493517
1481515
1481516
1486217
1487852
1481519
1489483
1485081
1481521
1481516
1489443
1481500
1481518
1487859
1481517
1481515
1484650
1481515
1481516
1488772
1481515
1481523
1484588
1488870
1481517
1481519
1489358
1481517
1481501
1484407
1481516
1481503
1491766
1486520
1481515
1481500
1489683
1481521
1481515
1487304
1481502
1481522
1487736
1481500
1481504
1488478
1481514
1481503
1487326
1488804
1481520
1481501
1707303
1481500
1484502
1481504
1481518
1484771
1481515
1481519
1492665
1481521
1481518
1485454
1481502
1481518
1486518
1481515
1481503
1492925
1487025
1481520
1481501
1489685
1481519
1481517
1488218
1481502
1481520
1484807
1481500
1481502
1489076
1481515
1481503
1487308
1481519
1481516
1484677
1481501
1481520
1492569
1488417
1481500
1481520
1488117
1481501
1481500
1487452
1481516
1481504
1484753
1481519
1481515
1488190
1481501
1481523
1487171
1481516
1481500
1484525
1487366
1481501
1488461
1485221
1481515
1481502
1488379
1481518
1481515
1487605
1481502
1481519
1484532
1481515
1481500
1340603
1333366
1333368
1336780
1333367
1333367
1338925
1333351
1333366
1339467
1333363
1333350
1336474
1333366
1333363
1339083
1333354
1333365
1340046
1333350
1333368
1336321
1333362
1333352
1340652
1333383
1910804
1904784
1904785
1915234
1904805
1904785
1908734
1904815
1904805
1908901
1914910
1904813
1916373
1909962
1904787
1904809
1909288
1904788
1904786
1914603
1904805
1904786
1908655
1908307
1904810
1909012
1915555
1904809
1904804
1908827
1904786
1904811
1908813
1904805
1904800
1914401
1909029
1904805
1911455
1908702
1904809
1904803
1913047
1904810
1904812
1911268
1908479
1904788
1908903
1914613
1904788
1904809
1911770
1904806
1904789
1908648
1914479
1904806
1912699
1911752
1904810
1904804
1485227
1481501
1481520
1488313
1481505
1481500
1485033
1481515
1481502
1484635
1481519
1481515
1489058
1481501
1481520
1489028
1488923
1481501
1481519
1486987
1481501
1481500
1485628
1481515
1481503
1488897
1481519
1481516
1487271
1481503
1481517
1485327
1487392
1481503
1494191
1333352
1336399
1333350
1916897
1904823
1904806
1911817
1908849
1904788
1908760
1914260
1904893
1904808
1911391
1904805
1904805
1908376
1914811
1904790
1913791
1911053
1904805
1911486
1908911
1904787
1904805
1914022
1904788
1904807
1908928
1911786
1904788
1908926
1914330
1904790
1904788
1915350
1904804
1904785
1908555
1904811
1904805
1913751
1909892
1904824
1911599
1908366
1904790
1904809
1912586
1904811
1904789
1909013
1908884
1904789
1908502
1914497
1904806
1904787
1910999
1904811
1904805
1908358
1904789
1481521
1481515
1487643
1481502
1481521
1485789
1481512
1481501
1494267
1481519
1481515
1487264
1481522
1481518
1485270
1487647
1481519
1339419
1333363
1333351
1336806
1333366
1333364
1336799
1333351
1333368
1340310
1333353
1333350
1336611
1333363
1336366
1333352
1333367
1333383
1336247
1333351
1333367
1338655
1904833
1904811
1908519
1904806
1904785
1914345
1904803
1904804
1910136
1908365
1904810
1910578
1914304
1904786
1904809
1912148
1904786
1904806
1908681
1922722
1904786
1914020
1911692
1904807
1904806
1909165
1481516
1488973
1481515
1481499
1486263
1481520
1481517
1485029
1488480
1481517
1481515
1484836
1481517
1481516
1489657
1481502
1481502
1488752
1481514
1481502
1485682
1488012
1481516
1481501
1485269
1481518
1481500
1489578
1481503
1481519
1488450
1481499
1481501
1485326
1481515
1481501
1481500
1484861
1481514
1481503
1491149
1333368
1336532
1333350
1333351
1341624
1333363
1333367
1430573
1333366
1336325
1333351
1333351
1341119
1333366
1333351
1340463
1333369
1333363
1336456
1498011
1333366
1336532
1333379
1333364
1341584
1333366
1333351
1336610
1333365
1333364
1339240
1333350
1333366
1636868
1333362
1333350
1338601
1333365
1333363
1339890
1333366
1333366
1336292
1333351
1333369
1342132
1333362
1333350
1343467
1333365
1333351
1336544
1333351
1333370
1339229
1333352
1333366
1342441
1333363
1333352
1336714
1333364
1333364
1339763
1333367
1333367
1341090
1333369
1333351
1336200
1333363
1333351
1339380
1333368
1333364
1339990
1333364
1333367
1336855
1333366
1333352
1339016
1333370
1333364
1346086
1333370
1333363
1336328
1333364
1333370
1338849
1333363
1333351
1345956
1333364
1333364
1336735
1333363
1333363
1339118
1333365
1333367
1340373
1333363
1333352
1336281
1333369
1333363
1338984
1333353
1333367
1339885
1333355
1333350
1336529
1333362
1333350
1339216
1333367
1333364
1340001
1333351
1333368
1336764
1333351
1333367
1338869
1333365
1333363
1339380
1333370
1333363
1338032
1692460
1599566
1333363
1337636
1333350
1333369
1340330
1333364
1333351
1336166
1333369
1333364
1339197
1333365
1333368
1343231
1333350
1333367
1343830
1333363
1333350
1338912
1426151
1333364
1339674
1333366
1333367
1337484
1333353
1333369
1339423
1333366
1333351
1339794
1333366
1333364
1336516
1333350
1333368
1338753
1333350
1333351
1339919
1333367
1333351
1336412
1333367
1333364
1339130
1333366
1333369
1339908
1333350
1333366
1336404
1333363
1333363
1339177
1333367
1333352
1339598
1333351
1333368
1336385
1333352
1333352
1341549
1333364
1333364
1340944
1333363
1333367
1336905
1333352
1333366
1338830
1338940
1333351
1333370
1340377
1333364
1333351
1336150
1333366
1333363
1341850
1333369
1333367
1339672
1333351
1333370
1336973
1333361
1333351
1338716
1333367
1333364
1749807
1333353
1336368
1904835
1911641
1913654
1904826
1904807
1909017
1904812
1904809
1908324
1914815
1904815
1915247
1911500
1904789
1904805
1909483
1904805
1904787
1916023
1916582
1904808
1912268
1909693
1904812
1904809
1913441
1904785
1904809
1912074
1904804
1904788
1909157
1914469
1904806
1904810
1911350
1904812
1904810
1908311
1904789
1904804
1936144
1911058
1904805
1904809
1908721
1904787
1904805
1916218
1904814
1904787
1908477
1910365
1904806
1904788
1912701
1904811
1904805
1914991
1908809
1904791
1908366
1915310
1904810
1904811
1911262
1904789
1487367
1481518
1481501
1484802
1481522
1481519
1489022
1481501
1481519
1487788
1481514
1481501
1485399
1488299
1481515
1481500
1485520
1333363
1336826
1333350
1333350
1341037
1333365
1333367
1394397
1333365
1333366
1339011
1333352
1333367
1340852
1336503
1333350
1708374
1481521
1486506
1481500
1481517
1488755
1481515
1481500
1487299
1488675
1481514
1481499
1487617
1481519
1481513
1485288
1481523
1481518
1490548
1481500
1481519
1487441
1481515
1481499
1491604
1481520
1481515
1491798
1485116
1481517
1481515
1489263
1481518
1481514
1487394
1481500
1481518
1485319
1481514
1481501
1488031
1481503
1481520
1487310
1488792
1481520
1481517
1487203
1481502
1481520
1491819
1481515
1481500
1489406
1481524
1481503
1488430
1481519
1481514
1484590
1481500
1481518
1492192
1485209
1481501
1485078
1491858
1481515
1481500
1484991
1481521
1481515
1485279
1481521
1481521
1488687
1481502
1481519
1487406
1481515
1481502
1488504
1481518
1333363
1333350
1344774
1333364
1333363
1342584
1333368
1333368
1340300
1333366
1333366
1341032
1333363
1333352
1336694
1333367
1333363
1724520
1481518
1488509
1481517
1481500
1484746
1481518
1481515
1490594
1485002
1481522
1481516
1488202
1481502
1481516
1487472
1481503
1481500
1485496
1481515
1481503
1490830
1481520
1481519
1487619
1481501
1481519
1485029
1487589
1481500
1481515
1484655
1481518
1481501
1488447
1481520
1481516
1487595
1481518
1481518
1485615
1481503
1481518
1487885
1484790
1481500
1481520
1488589
1481516
1481501
1487326
1481518
1481515
1484650
1481523
1481518
1489554
1481501
1481500
1487779
1481514
1481502
1484987
1487595
1481519
1481500
1484698
1481523
1481515
1488901
1481500
1481518
1487282
1481502
1481500
1484784
1481516
1481501
1488685
1481519
1481515
1487657
1489168
1481520
1333363
1333364
1339087
1333363
1333367
1345315
1333350
1333365
1336475
1333362
1333353
1339070
1333367
1333363
1341102
1333366
1699474
1487625
1481502
1481521
1484658
1481514
1481501
1491226
1333367
1336772
1333350
1333370
1340001
1333362
1333351
1342231
1333366
1333365
1337003
1333351
1333376
1339566
1333350
1333369
1346078
1333368
1333350
1336678
1333365
1333364
1339006
1333363
1333366
1339661
1333351
1333352
1337118
1333371
1333352
1339140
1333373
1333363
1348714
1333351
1333366
1336710
1333367
1333350
1340068
1333366
1333364
1340340
1333369
1333353
1336916
1333351
1333362
1338448
1333364
1333350
1343617
1333366
1333352
1336564
1333371
1333367
1338979
1333350
1333367
1339644
1333364
1333350
1336704
1333365
1333363
1339260
1333369
1333367
1339906
1333351
1333351
1337085
1333363
1333354
1339671
1333368
1333367
1339514
1333367
1333368
1336584
1333351
1333350
1339198
1333363
1333353
1340271
1333368
1333365
1336725
1709465
1481518
1488359
1481515
1481501
1484662
1481515
1481514
1481507
1486109
1481516
1481502
1489059
1481522
1481515
1488575
1481501
1481518
1484909
1481512
1481499
1492335
1484732
1481515
1481502
1488462
1481518
1481515
1487659
1481518
1481521
1484586
1481501
1481517
1491192
1481515
1481514
1487749
1481516
1481534
1484727
1487633
1481517
1481515
1484579
1481522
1481519
1488305
1481499
1481517
1487072
1481517
1481500
1484627
1481518
1481515
1488512
1481499
1481519
1487436
1491217
1481521
1481518
1487456
1481505
1481500
1484688
1481514
1481500
1488961
1481521
1481515
1487274
1481502
1481515
1484986
1486677
1481504
1481501
1486306
1481516
1481501
1488302
1481517
1481519
1489022
1481522
1481519
1485471
1481520
1481519
1489026
1481501
1481515
1490020
1489113
1481516
1481515
1487445
1481517
1706689
1491098
1481500
1481520
1485289
1481500
1481521
1487123
1490057
1481501
1481523
1484735
1481516
1481504
1491545
1481519
1481515
1488419
1481522
1481521
1485852
1481501
1481522
1490549
1481515
1481502
1487440
1489347
1481516
1481501
1487726
1481518
1481514
1485211
1481514
1481519
1489597
1481513
1481502
1487115
1481515
1481520
1484730
1333364
1338750
1333361
1333364
1340653
1333364
1333350
1336477
1333363
1333364
1339578
1333351
1333366
1341168
1333363
1333351
1336855
1333367
1333364
1333351
1338997
1333367
1333364
1340526
1333366
1333366
1336420
1333352
1333369
1340100
1333364
1333351
1339985
1333368
1333363
1336866
1333369
1333362
1336585
1333362
1333364
1340004
1333363
1333363
1336901
1333366
1333364
1339460
1333350
1340341
1333365
1333364
1336928
1333363
1333360
1339051
1333351
1913000
1908623
1904811
1910355
1913106
1904787
1904786
1911106
1904814
1904804
1908579
1935681
1904814
1915350
1910230
1904789
1911503
1910751
1904804
1904790
1920176
1904810
1904805
1909499
1910351
1904810
1911895
1914327
1904829
1904811
1909036
1904808
1904808
1908593
1919197
1904822
1915955
1912255
1904787
1904786
1908567
1904806
1904804
1913205
1904785
1904809
1908398
1908797
1904787
1908689
1914336
1904810
1904787
1910332
1904805
1904786
1909036
1914743
1904803
1913667
1911110
1904812
1904805
1908705
1904786
1904810
1917848
1904803
1904788
1908638
1910979
1904788
1481501
1485437
1481514
1481502
1492877
1486521
1481502
1481503
1488978
1481500
1481501
1488289
1481500
1481499
1485390
1481501
1481501
1488692
1487224
1481500
1481501
1489902
1481501
1481501
1715709
1481519
1606486
1486019
1721070
1488670
1333350
1333351
1336933
1333351
1333351
1340427
1333352
1333350
1336596
1333352
1333350
1345430
1333353
1333350
1342898
1333352
1333351
1336572
1333350
1333351
1339717
1333350
1333350
1340591
1333350
1333351
1339144
1333352
1333351
1339580
1333352
1333351
1340841
1333352
1333350
1336570
1333350
1333353
1340037
1333353
1333351
1341469
1333350
1333351
1336691
1333350
1333351
1339828
1333371
1333363
1340331
1333355
1333367
1337231
1333362
1333351
1339525
1333371
1333363
1340367
1333369
1333367
1337126
1333350
1333370
1339333
1333376
1333351
1340113
1333367
1333363
1336595
1333351
1333367
1342505
1333366
1333366
1340231
1333364
1333363
1336741
1333350
1333363
1339324
1333351
1333368
1339747
1333364
1333363
1338268
1337317
1380846
1333351
1337223
1333363
1339901
1333351
1376474
1725015
1481520
1485284
1481518
1481518
1484978
1481501
1481500
1488612
1481500
1481517
1494063
1489705
1481519
1481501
1488351
1481515
1481518
1485488
1481520
1481520
1489029
1481500
1481500
1487518
1481501
1481502
1485061
1481517
1481515
1491434
1484969
1481518
1481516
1489421
1481500
1481518
1487777
1481500
1481519
1484651
1481515
1481520
1488826
1481519
1481517
1487300
1481500
1481519
1488118
1488017
1481501
1481519
1484599
1481501
1481500
1489086
1481514
1481501
1487390
1481518
1481522
1485242
1481502
1481524
1489393
1481501
1481500
1484730
1488306
1481502
1481514
1488093
1481515
1481519
1492654
1481515
1481515
1489034
1481514
1481515
1487601
1481515
1481514
1484850
1481515
1481514
1773552
1485088
1481515
1481515
1489261
1481515
1481515
1488214
1481501
1481518
1485179
1481516
1481500
1704561
1481541
1487239
1481502
1481501
1488479
1484816
1481501
1481499
1488416
1481515
1481500
1487682
1481519
1481517
1485565
1481502
1481522
1489962
1481500
1481501
1487916
1481514
1481502
1484546
1487258
1481515
1481499
1484616
1481518
1481499
1488538
1481501
1481521
1487641
1481518
1481500
1485254
1481526
1481515
1487956
1487602
1481515
1481517
1489242
1481522
1481517
1488233
1481503
1481522
1484936
1481516
1481500
1489840
1481520
1481515
1488216
1488501
1481519
1481518
1502195
1481514
1481518
1484723
1481503
1481502
1488374
1481515
1481500
1487473
1481519
1481514
1486721
1481501
1481520
1491127
1484737
1481501
1481518
1488321
1481503
1481500
1488347
1481515
1481519
1484875
1481519
1481516
1490436
1481503
1481518
1486340
1494381
1481515
1481518
1487549
1481520
1481501
1487244
1481515
1740703
1481501
1481522
1485378
1485127
1481504
1481501
1484665
1481519
1481500
1488304
1481520
1481515
1487366
1481525
1481519
1485401
1488431
1481519
1481517
1485720
1481499
1481519
1495045
1481516
1481502
1487376
1481518
1481515
1485086
1481500
1481518
1491059
1481501
1481500
1487506
1488446
1481501
1481502
1487920
1481514
1481501
1484762
1481520
1481514
1488188
1481501
1481522
1487151
1481517
1481500
1484811
1481517
1481501
1490968
1487522
1481513
1481519
1491706
1481518
1481515
1486954
1481503
1481518
1484517
1481502
1481515
1488045
1481516
1481515
1487523
1488772
1481518
1481516
1487773
1481519
1481519
1484447
1481502
1481517
1489105
1481515
1481501
1487484
1481519
1481517
1484870
1481500
1481519
1490254
1484537
1481500
1339027
1333365
1333350
1340430
1333365
1333364
1336606
1333362
1732345
1333362
1333354
1336404
1333369
1333364
1339005
1446315
1333367
1340424
1333364
1333351
1337187
1333363
1333351
1339520
1333365
1333364
1341042
1333352
1333366
1337173
1333351
1333353
1339682
1333363
1333351
1339929
1333368
1333363
1336245
1333351
1333367
1342071
1333363
1333350
1339859
1333367
1333363
1336995
1333369
1333352
1339369
1333350
1333366
1340403
1333363
1333351
1336458
1333366
1333363
1339532
1333367
1333366
1339460
1333350
1333366
1337082
1333368
1333352
1338472
1333367
1333365
1341091
1333351
1333367
1336287
1333364
1333352
1339130
1333370
1333352
1339834
1333369
1333364
1339993
1333352
1333367
1339415
1333366
1333350
1343071
1447809
1333351
1337107
1333368
1333365
1338491
1333350
1333367
1340464
1333367
1333350
1336907
1333370
1333363
1339726
1333365
1333367
1339842
1645274
1333370
1333363
1336587
1333350
1333350
1339005
1333364
1333351
1339834
1333366
1333362
1339244
1333365
1333366
1338957
1333352
1333371
1347473
1333363
1333350
1336999
1333370
1333365
1339275
1333350
1333366
1339741
1333363
1333365
1336468
1333365
1333351
1339002
1333367
1333363
1339741
1333370
1333367
1336449
1333366
1333352
1338922
1333366
1333353
1339790
1333370
1333365
1336486
1333354
1333366
1338712
1333367
1333350
1339867
1333369
1333364
1336205
1333374
1333367
1339672
1333351
1333373
1340456
1333366
1333350
1339082
1333365
1333363
1338759
1333369
1333367
1341445
1333351
1333370
1336228
1333365
1333351
1339247
1333366
1333362
1339907
1333351
1333367
1336302
1333350
1333350
1339093
1333367
1333355
1339585
1333372
1349604
1336362
1333351
1333366
1339423
1333351
1333371
1339979
1904839
1548608
1481502
1481516
1481522
1481500
1764394
1728457
1491921
1481501
1481518
1551135
1481515
1764641
1715560
1488390
1481517
1481515
1507187
1481521
1765057
1685890
1487656
1481521
1481515
1537843
1481503
1765251
1485968
1481515
1481501
1484806
1481517
1481521
1488890
1481523
1481524
1485607
1481500
1481521
1485115
1486674
1481500
1481499
1484848
1481515
1481502
1487570
1481517
1481516
1486313
1481524
1481523
1484808
1481501
1481525
1488693
1481520
1481501
1486672
1488331
1481517
1481501
1333351
1472474
1333368
1340262
1333352
1333368
1448225
1333351
1434073
1333365
1333365
1431329
1333351
1451752
1333372
1374151
1404698
1333372
1340020
1333353
1381764
1401829
1333366
1471900
1333351
1493113
1333372
1333363
1336761
1333366
1333365
1338202
1333351
1333369
1340550
1333366
1333351
1716795
1486667
1481515
1481501
1488575
1481518
1481514
1485627
1481518
1481518
1484940
1485684
1481525
1481519
1484762
1481515
1481515
1488375
1481516
1481500
1485818
1481519
1481515
1484393
1481499
1481519
1491590
1481515
1481522
1486154
1488248
1481502
1481502
1484997
1481514
1481518
1484879
1481515
1481522
1489135
1481520
1481524
1486445
1481501
1481502
1484617
1481513
1481514
1489299
1485230
1481515
1481515
1488590
1481526
1481519
1486443
1481501
1481518
1484600
1481515
1481501
1491514
1481519
1481517
1486491
1481522
1481524
1484667
1481502
1481525
1489633
1485004
1481514
1481517
1489391
1481514
1481517
1485785
1481518
1481520
1484984
1481522
1481525
1487844
1481499
1481501
1485860
1481519
1481500
1484825
1486024
1481516
1487625
1484801
1333367
1333364
1341143
1333350
1333365
1339127
1911355
1904808
1904811
1914482
1904790
1904789
1909993
1908701
1904805
1908811
1915249
1904804
1904804
1912200
1904804
1904809
1909084
1915572
1904880
1915700
1909987
1904787
1904813
1909118
1904806
1904788
1913115
1904813
1904805
1911889
1908897
1904809
1904808
1914576
1904814
1904810
1913477
1904787
1904813
1908925
1915994
1904786
1913660
1912712
1904808
1904787
1908496
1904808
1904789
1915290
1910075
1904817
1911442
1908619
1904785
1904810
1913674
1904811
1904789
1912480
1908806
1904789
1909130
1917549
1904824
1904804
1913087
1904810
1904788
1908973
1915753
1904788
1333382
1333364
1343344
1333369
1333367
1340832
1333351
1333369
1340539
1333364
1333351
1340276
1333366
1333363
1337031
1333370
1333367
1339449
1333350
1333350
1340070
1333365
1333350
1337457
1333369
1333363
1339713
1333369
1703964
1481520
1485333
1481500
1481520
1481515
1490763
1481522
1481519
1488715
1481502
1481521
1488964
1481520
1481502
1485132
1481518
1481517
1490211
1481501
1481519
1487959
1481513
1481502
1485343
1489699
1481514
1481501
1485510
1481515
1481512
1490295
1481518
1481518
1488500
1481500
1481522
1485349
1481503
1481503
1489040
1481518
1481514
1487839
1488595
1481520
1484957
1487958
1481518
1481518
1485545
1481500
1481501
1490237
1481515
1481502
1489397
1481518
1481501
1485383
1481519
1481517
1489466
1481501
1481500
1488019
1488562
1481503
1484866
1488687
1481519
1481501
1485240
1481518
1481517
1488976
1481501
1481523
1487993
1481501
1481501
1485910
1481515
1481500
1488490
1481518
1481515
1488639
1491244
1481518
1481536
1488142
1481500
1481518
1485068
1481514
1481501
1495367
1481520
1481503
1904814
1904827
1912858
1904810
1904788
1910736
1908816
1904804
1908530
1915601
1904810
1904805
1910028
1904810
1904830
1908246
1904787
1904811
1913897
1912883
1904786
1915074
1908441
1904806
1904790
1914055
1904809
1904805
1908760
1904814
1904808
1908590
1915133
1904809
1914002
1908555
1904787
1904790
1908734
1904805
1904786
1912759
1904808
1904809
1908354
1910420
1904812
1908927
1913808
1904786
1904808
1910100
1904804
1904789
1908304
1904787
1904789
1912209
1910218
1904805
1910537
1908831
1904804
1904806
1912952
1904790
1904809
1908514
1904811
1589339
1650660
1764718
1754708
1488698
1481518
1481516
1481515
1649485
1485615
1679784
1559994
1481500
1481522
1481519
1634345
1769015
1333350
1336609
1333365
1333350
1339796
1333367
1333367
1336640
1333369
1333367
1338984
1333351
1333350
1340288
1702142
1481500
1484542
1481515
1481515
1488181
1486999
1481517
1481515
1488651
1481501
1481518
1486635
1481502
1481500
1484845
1481516
1481500
1488673
1487032
1481515
1481501
1488599
1481519
1481516
1490063
1481501
1481522
1484791
1481516
1481500
1488462
1481519
1481518
1486868
1481518
1481519
1484839
1486876
1481521
1488677
1487132
1481502
1481518
1488610
1481515
1481500
1486769
1481519
1481502
1484724
1481519
1481518
1488319
1481500
1481521
1486746
1481515
1481502
1484875
1486153
1481515
1481503
1484773
1481515
1481515
1488715
1481523
1481519
1486150
1481501
1481502
1484829
1481514
1481500
1488272
1481519
1481515
1486090
1487914
1481518
1481515
1486300
1481500
1481521
1484677
1481514
1481502
1487875
1481518
1481517
1486181
1481521
1333366
1333350
1475045
1333362
1336177
1333350
1333350
1641858
1336582
1333363
1333363
1341137
1333365
1333364
1336533
1333350
1333365
1339704
1333365
1333363
1341805
1333366
1333364
1337275
1333369
1333364
1339725
1333350
1333367
1340652
1333351
1333366
1336304
1333366
1333350
1338951
1333369
1333364
1340150
1333351
1333366
1336037
1333350
1333350
1339155
1333364
1333350
1339963
1333370
1333364
1336485
1333351
1333364
1338719
1333365
1333350
1340043
1333371
1333352
1336359
1333369
1333364
1339248
1333354
1333367
1341969
1333350
1333352
1337006
1333366
1333363
1339885
1333370
1333366
1340273
1333363
1333351
1336939
1333365
1333366
1336098
1333367
1333351
1339397
1333370
1333366
1336613
1333350
1333351
1339066
1333364
1333350
1339809
1333369
1333363
1337956
1333371
1333370
1339612
1333350
1333351
1341887
1333362
1333353
1336613
1333363
1333362
1639656
1339112
1333364
1333351
1338880
1333364
1333367
1340543
1333366
1333350
1337013
1333364
1333352
1340014
1333369
1333364
1341458
1333350
1333370
1336515
1333351
1333350
1344760
1333366
1333364
1340129
1333369
1333367
1336525
1333350
1333366
1340283
1333362
1333367
1339982
1333367
1333367
1336929
1333370
1333363
1338871
1333350
1333351
1340169
1333363
1333351
1336147
1333371
1333363
1338549
1333366
1333366
1339867
1333364
1333351
1337015
1333364
1333352
1338726
1333365
1333363
1339860
1333369
1333372
1336209
1333350
1333352
1339112
1333367
1333351
1343247
1333370
1333363
1336869
1333350
1333369
1338794
1333351
1333351
1341033
1333362
1333352
1336679
1333365
1333363
1339051
1333350
1333367
1339636
1333363
1333351
1338792
1333365
1333369
1339007
1333372
1333363
1339481
1333350
1333368
1682786
1336811
1413796
1333365
1339615
1333363
1372248
1410820
1333366
1471993
1333350
1392751
1393921
1333364
1476366
1333352
1337666
1333351
1333351
1339867
1333363
1333362
1336490
1333370
1333364
1338320
1333350
1333350
1339946
1333367
1333350
1336893
1333367
1333364
1338735
1333353
1333370
1339620
1333350
1333351
1336959
1333365
1333351
1338595
1333367
1333364
1339904
1333351
1333366
1336938
1333351
1333351
1338263
1333363
1333352
1339993
1333366
1333363
1336395
1333351
1333366
1337573
1333364
1333352
1339832
1333367
1333363
1336165
1333369
1333366
1338142
1333351
1333367
1340291
1333364
1333351
1336800
1333367
1333364
1337580
1333351
1333368
1339196
1333351
1333368
1336676
1333365
1333350
1338519
1333366
1333363
1339669
1333352
1333366
1336244
1333350
1333350
1338833
1333364
1333353
1910846
1904809
1904806
1914244
1908652
1904813
1910778
1908919
1904785
1481514
1481515
1489422
1481500
1481522
1484720
1481500
1481515
1489548
1486186
1481520
1485505
1488069
1481515
1481515
1592357
1481519
1481520
1485044
1481503
1481523
1489194
1484035
1481501
1486115
1488659
1481515
1481501
1486676
1481515
1481515
1485134
1481500
1481515
1488217
1481501
1481524
1489332
1481516
1481501
1484673
1481518
1481518
1489093
1481502
1481519
1486811
1488824
1481500
1481518
1486889
1481502
1481501
1486059
1481516
1481502
1488921
1481518
1481516
1486143
1481500
1481524
1486763
1489280
1481501
1481520
1485118
1481499
1481514
1488757
1481516
1481518
1485096
1481521
1481517
1485330
1481501
1481501
1490225
1481513
1481500
1485541
1481500
1481513
1484811
1487694
1481519
1481514
1485400
1481499
1481521
1904837
1910487
1908754
1904814
1908732
1915315
1904806
1488901
1481515
1481499
1487241
1481519
1481515
1484821
1481500
1481518
1488685
1481500
1481501
1487336
1481515
1481500
1485185
1481571
1481515
1493674
1488125
1481517
1481514
1497080
1481501
1481519
1487855
1481502
1481502
1484546
1481515
1481501
1489156
1481519
1481515
1487419
1481501
1481518
1484800
1487210
1481500
1488624
1484880
1481501
1481515
1488627
1481515
1481521
1487210
1481501
1481520
1484591
1481502
1481503
1488043
1481514
1481500
1488075
1481517
1481515
1484867
1488112
1481518
1481518
1484639
1481501
1481518
1490650
1481503
1481501
1487916
1481516
1481501
1485155
1481519
1481518
1487921
1481500
1481520
1487255
1481502
1481499
1484498
1487558
1481502
1481500
1487163
1481516
1336241
1333350
1333365
1333364
1333350
1344189
1684547
1488413
1481518
1481502
1484666
1481515
1481502
1488758
1481518
1481519
1481503
1489140
1481517
1481516
1487707
1481502
1481518
1491289
1481516
1481502
1489827
1481518
1481513
1488287
1481521
1481518
1486104
1488680
1481500
1481519
1486918
1481502
1481500
1490123
1481515
1481502
1488281
1481520
1481518
1485592
1481500
1481519
1488477
1491681
1481502
1481519
1489154
1481500
1481514
1488489
1481515
1481517
1484940
1481518
1481518
1489256
1481500
1481520
1488303
1489284
1481514
1481519
1488041
1481519
1481500
1486965
1481514
1481502
1488374
1481517
1481519
1488073
1481500
1481521
1488750
1481515
1481502
1481515
1486920
1481516
1481499
1488541
1481519
1481518
1487264
1481522
1481517
1485098
1481500
1481523
1489183
1481516
1481515
1484948
1488697
1481515
1481501
1333367
1339062
1333363
1626699
1345681
1333367
1333362
1336697
1333362
1333368
1338969
1333352
1333351
1340504
1333356
1333363
1339381
1333366
1333364
1339930
1333351
1333366
1342067
1333352
1333364
1336485
1333350
1333367
1339603
1333369
1333364
1339874
1333350
1333370
1336500
1333351
1333352
1339149
1333364
1333367
1340312
1333367
1333366
1341476
1333365
1333367
1341944
1333351
1333351
1339833
1333350
1333363
1336638
1333365
1333367
1338923
1333351
1333367
1339731
1333364
1333350
1336242
1333365
1333363
1339628
1333370
1333368
1340170
1333350
1333351
1339064
1333364
1333351
1339869
1333375
1333364
1339852
1333367
1333364
1339025
1333350
1333350
1339235
1333366
1333352
1340010
1333369
1333363
1336323
1333351
1333367
1342899
1333351
1333350
1340701
1333362
1333350
1336755
1333366
1333364
1338778
1333350
1333363
1701583
1481518
1485425
1481518
1481518
1488188
1481520
1481517
1487171
1488594
1481500
1481517
1488040
1481514
1481500
1485202
1481518
1481514
1490335
1481514
1481518
1487421
1481518
1481523
1485004
1487206
1481502
1481517
1485043
1481516
1481516
1496369
1481515
1481500
1487473
1481517
1481521
1484638
1481515
1481500
1488933
1481514
1481503
1487437
1488733
1481515
1481516
1487167
1481515
1481518
1484665
1481515
1481516
1488597
1481502
1481501
1487598
1481515
1481518
1488378
1481515
1481518
1491161
1484654
1481517
1481517
1491793
1481501
1481522
1487308
1481514
1481503
1484676
1481518
1481519
1490237
1481521
1481521
1487482
1481501
1481521
1484542
1487281
1481500
1481522
1487907
1481515
1481501
1488801
1481518
1481515
1487325
1481516
1481521
1484818
1481515
1481519
1491099
1481513
1481500
1700800
1481517
1481518
1487160
1492607
1481517
1481514
1486924
1481500
1481518
1484903
1481500
1481502
1490474
1481516
1623802
1486106
1481518
1481516
1486693
1495226
1481520
1481517
1484595
1481500
1481519
1489250
1481515
1481501
1487692
1481504
1481515
1485063
1481518
1481520
1489163
1481499
1481518
1487631
1489118
1481499
1484655
1487189
1481515
1481502
1484556
1481518
1481515
1488906
1481517
1481518
1487157
1481501
1481522
1484511
1481515
1481501
1489683
1481519
1481515
1487454
1488871
1481518
1481502
1487449
1481519
1481522
1484665
1481500
1481501
1489372
1481520
1481501
1486702
1488940
1481515
1481501
1481500
1488698
1481515
1481519
1487343
1481514
1481520
1484717
1481500
1481521
1490615
1481514
1481501
1488244
1914491
1660360
1487975
1481517
1481520
1485250
1481500
1481517
1488619
1689939
1489219
1481520
1481521
1487240
1481502
1481519
1484808
1481516
1481501
1491154
1484639
1481515
1481502
1491020
1481518
1481514
1485142
1481521
1481521
1485498
1481501
1481522
1491304
1493887
1481501
1481515
1489424
1481516
1481500
1488046
1481518
1481519
1485336
1481518
1481522
1488316
1481502
1481502
1487951
1488276
1481515
1481501
1487518
1481519
1481515
1484460
1481523
1481517
1492457
1481499
1481521
1487502
1481515
1481502
1484751
1481514
1481514
1481500
1485292
1481519
1481515
1488402
1481518
1481519
1487192
1481500
1481518
1486656
1481516
1481500
1488397
1481518
1481515
1484846
1488510
1481518
1481518
1488697
1481516
1481515
1485201
1481523
1481520
1489273
1481516
1481517
1487653
1481519
1481514
1484985
1481515
1481516
1489536
1481501
1481517
1481519
1488514
1481501
1481500
1717443
1487366
1481500
1481501
1488753
1481502
1481499
1487164
1481517
1481515
1484722
1481500
1481519
1488267
1488008
1481501
1481518
1488708
1481516
1481500
1487414
1481515
1481515
1485222
1481517
1333370
1333363
1342056
1333367
1333367
1337084
1333350
1333368
1339314
1333363
1333352
1340277
1333366
1333362
1336283
1333372
1333367
1339819
1333350
1333367
1340731
1333361
1333350
1336303
1333366
1333363
1339928
1333365
1333367
1341310
1333350
1333368
1336715
1333365
1333350
1339159
1333368
1333363
1340374
1333351
1333367
1336443
1333350
1333366
1339074
1333366
1333352
1340235
1333369
1333364
1406090
1333350
1333365
1336166
1333363
1333350
1346249
1333365
1333362
1336285
1333369
1333367
1338939
1333351
1333366
1342122
1333350
1333354
1336243
1333367
1333363
1339637
1333366
1333367
1339815
1692834
1481521
1481518
1488601
1487928
1481519
1481519
1488068
1481500
1481501
1487487
1481515
1481501
1484997
1481518
1481525
1765324
1484721
1481518
1481515
1488382
1481501
1481518
1487317
1481500
1481500
1487821
1481517
1481504
1491256
1487975
1481515
1481513
1488371
1481519
1481516
1488094
1481500
1481517
1485622
1333353
1337622
1333367
1333367
1340455
1333350
1333367
1336410
1333368
1333352
1338948
1333370
1333364
1340048
1333369
1333367
1337046
1333350
1333369
1339266
1333368
1333351
1340115
1333365
1333363
1336987
1333373
1333363
1339676
1333351
1333353
1339804
1333350
1333351
1336408
1333370
1333366
1339258
1333368
1333368
1339798
1333351
1333352
1336769
1333364
1333351
1338962
1333366
1333363
1339866
1333368
1333368
1336712
1333363
1333353
1338995
1333364
1333364
1341122
1333370
1721645
1481501
1485585
1481515
1481514
1489177
1481500
1481500
1487173
1481514
1481500
1487722
1481519
1481515
1492437
1484931
1481516
1481515
1490368
1481521
1481513
1485557
1481503
1481521
1485006
1481515
1481517
1488972
1481521
1481516
1487204
1488417
1481519
1481516
1487600
1481522
1481517
1484973
1481501
1481522
1488380
1481515
1481502
1338373
1333365
1333367
1341227
1333362
1333364
1336567
1333350
1333365
1339018
1333366
1333350
1339920
1333369
1333351
1341611
1333352
1333367
1339213
1333351
1333351
1339894
1333367
1333351
1336976
1333367
1333363
1338951
1333351
1333367
1339624
1333363
1333350
1336444
1333365
1333368
1338906
1333371
1333366
1339352
1333350
1333370
1336683
1333364
1333351
1339078
1333367
1333363
1340293
1333353
1333368
1336230
1333351
1333367
1339202
1333367
1333352
1916025
1908705
1904805
1904809
1911775
1904810
1904805
1912323
1904786
1904814
1908820
1908814
1904813
1908720
1916647
1904812
1904788
1911621
1904790
1904785
1908990
1913995
1904804
1914043
1908786
1904805
1904805
1909176
1904787
1904809
1913052
1914479
1904826
1481518
1487962
1481514
1481503
1485431
1481520
1481514
1491396
1484731
1481520
1481515
1488492
1481522
1481516
1487714
1481501
1481522
1484906
1481515
1481501
1488115
1481519
1481517
1487395
1481521
1481517
1484643
1487320
1481524
1481519
1484779
1481499
1481515
1488305
1481513
1481501
1487261
1481518
1481518
1484297
1481519
1481522
1487828
1481513
1481500
1489734
1497147
1481501
1481502
1487362
1481515
1481500
1484875
1481519
1481515
1490490
1481500
1481521
1487264
1481514
1481502
1484761
1481518
1481501
1491148
1487239
1481500
1701650
1481501
1481522
1481532
1481501
1491057
1515674
1481515
1481515
1488605
1481517
1481523
1487498
1481500
1481500
1484645
1488218
1481519
1481518
1484607
1481519
1481500
1493365
1481518
1481515
1481500
1489692
1481518
1481515
1487548
1481521
1481515
1484551
1481501
1481517
1488583
1481514
1481502
1487503
1489110
1481515
1481502
1487190
1481518
1481518
1485045
1481519
1481521
1492696
1481504
1481501
1487979
1489303
1481500
1481500
1487239
1481516
1481500
1484648
1481521
1481514
1489840
1481500
1481530
1487416
1481501
1481499
1484581
1492589
1481514
1481499
1484533
1481518
1481515
1492196
1481502
1481519
1487517
1481518
1481521
1484341
1481517
1481501
1490608
1485526
1481515
1481501
1488165
1481518
1481515
1487427
1481521
1481517
1484552
1481502
1481520
1489763
1481518
1481517
1487426
1713519
1481515
1487106
1481502
1481520
1488425
1481502
1481501
1485126
1481514
1481502
1484712
1487196
1481517
1481500
1484513
1481520
1481515
1489746
1481499
1481521
1487735
1481502
1333351
1333367
1336696
1333351
1333352
1418261
1333366
1333367
1340017
1333370
1333367
1337177
1333351
1333350
1339002
1333362
1333364
1341699
1333351
1333366
1337623
1333370
1333363
1338753
1333351
1333350
1340745
1333363
1333352
1336330
1333366
1333363
1338844
1333368
1333368
1342113
1333351
1333350
1337564
1333365
1333363
1339287
1333368
1333363
1339877
1333369
1333368
1336023
1333363
1333366
1339571
1333364
1333350
1339936
1333363
1333363
1337098
1333351
1333370
1338764
1333352
1333350
1339649
1333364
1333352
1336480
1333367
1333363
1341381
1333350
1333370
1340330
1333350
1333351
1336530
1333365
1333351
1675245
1490376
1481514
1488093
1489271
1481500
1481513
1487715
1481502
1481518
1484889
1481517
1481500
1489774
1481518
1481518
1487788
1481518
1481518
1485529
1494628
1481502
1481517
1484855
1481502
1763336
1488196
1481515
1481501
1487206
1481515
1481517
1484833
1481501
1481518
1490802
1493019
1481500
1481521
1489413
1481501
1339066
1333370
1333364
1339369
1333350
1333367
1339666
1333351
1333353
1336240
1333367
1333363
1339402
1333370
1333363
1341047
1333350
1333350
1336494
1333350
1333367
1339883
1333371
1333366
1339982
1333368
1333363
1336369
1333352
1333369
1338831
1333367
1333350
1340301
1333367
1333361
1336427
1333371
1333367
1338882
1333367
1333352
1339843
1333364
1333351
1338853
1333370
1333365
1339288
1333366
1333367
1340859
1421744
1333352
1336236
1333368
1333350
1342052
1333370
1904830
1333350
1493975
1333367
1342917
1333352
1333350
1340608
1333364
1333351
1339313
1333366
1333363
1333352
1342078
1333365
1333363
1337006
1333352
1333368
1333363
1333352
1340024
1333366
1333363
1339054
1333350
1333366
1339655
1333363
1333352
1340104
1333370
1333365
1342534
1333369
1333367
1339490
1333350
1333367
1339990
1333363
1333350
1337214
1333369
1333364
1340274
1333367
1333367
1340994
1333350
1333368
1337034
1333367
1333350
1347276
1333368
1333363
1340341
1333350
1333351
1336378
1333351
1333352
1339290
1333362
1333350
1339749
1333368
1333364
1336575
1333352
1333366
1340026
1333367
1333352
1340351
1333365
1333353
1336553
1333369
1333363
1339644
1333367
1333367
1339760
1333366
1333351
1336433
1333365
1333364
1339577
1333367
1333351
1340431
1333350
1333370
1336271
1333364
1333351
1904814
1908568
1912121
1904787
1904805
1914824
1904805
1904788
1912178
1912179
1481515
1481501
1487902
1481515
1481517
1484881
1481502
1481518
1485337
1487873
1481501
1481518
1485109
1481501
1492603
1481519
1481515
1488542
1481503
1481519
1737974
1333350
1336592
1333366
1333366
1339818
1333350
1333366
1337331
1333350
1333351
1339862
1333367
1333352
1340570
1333367
1333364
1337263
1333350
1333366
1339542
1333401
1333350
1339764
1333364
1333350
1336376
1333366
1333364
1339844
1333350
1333365
1340714
1333366
1333352
1337216
1474659
1333365
1336991
1333369
1333366
1340084
1333350
1333364
1337359
1333365
1333351
1339499
1333366
1333363
1340492
1333350
1333352
1336634
1333350
1333351
1339944
1333364
1333352
1339779
1333369
1333364
1336588
1333354
1333367
1338838
1333366
1333352
1339757
1333363
1857691
1481500
1481522
1481514
1481550
1765244
1733557
1488777
1481522
1481501
1481522
1481515
1764464
1720367
1489144
1481516
1481500
1481500
1684384
1763825
1754038
1488957
1481515
1481515
1481515
1623823
1754426
1486038
1583366
1481500
1481517
1481515
1631487
1754217
1754229
1488061
1481514
1481500
1485893
1481518
1481515
1484631
1481517
1481505
1489522
1481501
1481520
1485792
1487941
1481501
1481499
1486893
1333363
1340241
1333351
1333367
1438468
1333365
1445560
1333367
1339398
1333351
1333350
1455518
1333362
1375032
1404062
1333367
1340268
1333367
1413444
1366951
1333364
1333350
1333352
1424894
1363372
1333350
1438723
1333367
1444652
1333363
1340119
1333364
1333366
1452740
1333351
1377164
1402531
1333363
1340252
1333370
1386073
1396558
1333350
1471216
1333363
1340226
1333351
1333364
1915963
1908722
1904786
1904807
1908674
1904804
1904786
1914429
1904809
1566896
1683528
1485321
1488588
1509101
1481501
1481501
1498441
1629398
1487608
1698362
1568107
1481514
1481500
1515976
1485077
1675344
1550040
1481516
1481519
1481511
1731595
1484857
1481518
1481519
1485032
1486605
1481519
1481512
1484783
1481516
1481517
1488248
1481515
1481500
1486985
1481519
1481514
1488197
1484878
1333367
1333362
1340149
1333367
1333363
1336491
1333364
1333370
1339218
1333360
1333363
1341237
1333367
1333364
1337910
1333366
1333366
1337445
1333350
1333363
1339761
1333363
1333350
1337243
1333367
1333362
1340272
1333350
1333364
1342280
1333351
1333366
1337722
1333362
1333351
1340226
1333366
1333363
1341971
1333365
1333365
1338017
1333363
1333350
1341329
1333363
1333352
1341558
1333366
1333363
1338144
1698185
1481518
1481515
1485236
1481501
1481521
1486633
1481515
1481517
1491883
1484644
1481515
1481500
1488729
1481501
1481515
1486916
1481519
1481517
1485072
1481501
1481515
1488536
1481516
1481500
1486441
1481520
1481515
1484748
1487214
1481518
1481515
1486648
1481501
1481518
1488082
1481501
1481501
1486984
1481514
1481501
1484505
1486881
1481515
1481503
1484901
1481502
1481515
1488737
1333363
1336457
1333363
1333352
1336967
1416036
1333351
1340711
1333350
1333367
1336854
1333351
1333351
1338550
1333365
1333365
1342483
1333362
1333367
1337982
1333350
1333370
1338530
1333369
1333350
1339767
1333363
1333363
1336470
1333369
1333366
1338207
1333351
1333369
1340233
1333364
1333352
1336698
1333370
1333363
1337665
1333366
1333367
1340275
1333350
1333350
1336779
1333362
1333352
1337257
1333370
1904832
1914438
1909851
1481515
1481514
1487108
1481521
1481517
1484617
1481501
1481518
1735727
1481514
1481501
1486491
1487962
1481519
1481502
1486581
1481542
1484985
1481499
1481500
1488601
1481515
1481512
1486319
1488727
1481517
1443818
1333350
1337301
1333366
1333351
1338895
1333370
1381967
1400969
1333350
1472268
1333364
1340619
1333351
1333369
1476593
1333365
1416135
1453322
1339741
1333364
1333350
1448756
1333367
1372484
1406605
1333365
1340345
1333363
1380867
1401555
1333368
1710215
1333350
1339946
1333363
1368439
1410518
1333369
1473073
1333363
1339410
1333367
1333365
1476382
1333350
1404336
1375483
1333367
1333350
1333352
1412116
1372296
1333350
1441786
1333369
1343022
1333368
1333350
1436140
1333368
1447123
1333350
1340233
1333365
1333351
1455881
1333366
1378364
1400440
1333351
1915509
1909068
1904806
1904786
1908648
1904809
1904787
1921413
1485493
1481519
1481515
1481500
1583539
1713790
1488185
1604792
1481522
1481518
1481514
1675536
1719375
1487820
1598856
1481502
1333368
1383340
1402492
1333350
1476686
1349830
1337463
1333351
1333366
1333366
1333365
1418402
1366858
1333367
1437388
1333351
1339545
1333366
1333365
1333350
1333350
1338146
1333363
1333362
1339416
1333368
1333366
1336434
1333353
1333367
1338165
1333365
1333350
1339330
1333362
1333363
1338349
1333364
1333366
1338245
1333350
1333371
1340337
1333364
1333351
1338330
1333369
1333364
1338070
1333369
1333366
1340311
1333350
1333370
1336276
1333361
1333350
1337629
1333367
1333363
1343612
1333366
1333367
1336825
1333350
1333369
1339075
1333363
1333353
1340935
1333367
1333363
1339184
1333365
1333367
1340501
1754593
1481517
1481519
1564666
1697207
1754787
1674732
1588955
1481502
1481499
1481517
1481514
1702107
1572507
1481520
1481515
1528622
1665398
1754732
1493519
1541669
1481499
1481518
1481517
1485392
1481502
1481521
1488419
1481515
1481500
1485906
1487867
1481500
1481499
1486209
1481519
1481515
1485248
1481523
1481519
1339644
1333350
1333367
1441629
1333363
1442306
1333370
1340351
1333363
1333350
1448872
1333363
1372193
1406823
1333350
1340195
1333363
1414466
1365297
1333366
1441076
1333351
1339959
1333367
1333364
1436365
1333352
1448777
1333361
1338793
1333352
1333367
1454330
1333351
1377045
1402650
1333365
1340398
1333354
1385057
1397705
1333364
1471540
1333367
1339791
1333364
1333364
1476461
1333363
1421965
1358970
1333370
1333367
1333363
1427931
1356685
1333365
1427360
1333350
1339579
1690598
1486721
1481500
1481519
1488163
1481513
1481501
1486636
1333363
1340475
1333350
1333369
1431928
1333362
1451959
1333350
1339572
1333366
1333352
1461511
1333363
1384271
1395220
1333368
1340028
1333362
1466144
1481501
1481524
1489613
1481504
1481500
1486346
1487654
1481502
1481517
1486114
1481515
1481501
1484633
1481516
1481514
1488112
1481501
1416087
1333363
1472807
1333350
1340232
1333354
1333364
1476227
1333368
1337263
1333367
1333364
1333365
1333366
1411787
1373386
1336767
1333366
1333363
1340196
1333368
1373020
1410565
1333350
1471019
1333363
1340340
1333366
1333369
1476616
1333365
1404822
1375538
1333367
1333362
1333352
1411631
1373227
1333366
1442893
1333367
1340189
1333363
1333366
1439535
1333364
1444646
1333350
1340140
1333367
1333363
1450667
1333366
1372381
1407358
1333353
1729804
1481518
1481515
1488695
1484597
1481520
1481514
1488404
1481501
1481520
1485591
1481515
1481500
1484635
1481519
1481515
1487481
1481519
1481517
1488180
1481499
1481522
1486347
1481514
1481501
1484721
1481519
1481515
1489819
1486780
1481519
1481515
1488376
1481500
1481519
1485841
1481500
1481501
1489002
1481514
1481502
1488695
1481520
1481518
1486055
1488892
1333364
1381353
1400988
1333352
1471753
1333362
1340750
1333366
1333365
1723973
1333351
1337173
1333368
1333363
1430002
1333352
1699703
1333363
1402303
1377109
1333369
1339846
1333351
1408731
1376209
1333362
1446598
1333352
1339196
1333366
1333363
1436648
1333365
1440837
1333366
1339006
1333366
1333362
1446222
1333351
1368955
1409509
1333350
1340217
1333370
1377039
1406458
1333366
1471389
1333363
1340107
1333351
1333350
1473144
1723685
1595909
1722604
1489153
1601638
1481501
1481522
1481515
1481516
1753747
1488107
1484635
1481515
1481501
1523463
1333367
1440495
1333351
1438021
1333362
1340110
1333350
1333366
1444148
1333364
1393985
1385231
1333365
1339195
1333350
1401437
1383054
1333363
1333351
1333350
1451116
1333364
1372813
1409365
1333366
1471505
1333363
1340233
1333369
1333366
1476210
1333350
1403900
1375799
1333363
1333351
1333365
1441292
1333363
1366210
1412810
1333369
1339900
1333350
1373886
1408251
1333365
1472580
1333371
1339655
1333365
1333353
1475879
1333361
1336406
1346391
1339686
1333366
1333364
1441979
1333372
1365455
1413602
1333351
1339162
1333369
1373135
1409663
1333350
1472186
1333362
1339981
1333350
1333365
1476783
1333351
1407327
1372842
1333364
1333351
1333351
1415746
1363370
1333364
1333351
1911506
1904787
1904786
1879292
1485137
1481520
1481499
1485046
1481523
1481515
1488533
1481501
1481518
1487768
1481514
1481501
1485008
1481518
1481515
1481502
1488971
1481542
1488794
1484863
1481522
1481518
1489474
1481500
1481522
1488816
1481515
1481518
1485000
1481517
1481515
1339928
1333362
1333371
1336147
1333351
1333370
1340445
1333366
1333370
1340420
1333369
1333364
1336678
1333351
1333366
1345085
1333351
1333369
1343511
1333364
1333352
1336599
1333367
1333364
1339955
1333355
1333367
1340400
1333351
1333352
1337577
1333363
1333351
1339968
1333367
1342008
1333354
1333350
1337061
1333363
1333369
1340282
1333367
1333368
1342079
1333352
1333351
1338255
1333362
1333365
1340174
1333369
1333370
1343485
1333374
1333369
1337275
1333351
1333350
1340139
1333364
1333352
1342706
1333367
1333367
1916048
1904804
1904809
1910452
1904787
1904789
1908647
1904809
1904866
1914095
1908641
1904804
1914181
1481518
1481521
1486346
1488813
1481504
1481520
1486780
1481501
1481502
1484910
1481517
1481502
1487948
1481520
1481515
1486960
1481502
1481522
1481519
1486988
1481501
1481518
1484587
1481514
1481499
1489404
1481522
1481516
1486814
1481502
1481500
1484426
1481515
1481518
1489089
1333365
1336331
1333371
1333363
1338701
1333350
1333370
1339692
1333366
1333352
1336510
1333371
1333364
1338248
1333370
1333367
1340751
1333353
1333353
1337174
1333364
1333352
1338066
1333366
1333363
1340174
1333365
1333367
1336291
1333350
1333353
1338405
1333363
1333351
1340149
1333368
1333363
1338808
1333352
1333370
1338406
1333350
1333352
1345891
1333364
1333350
1336556
1333367
1333366
1338419
1333367
1333368
1904831
1904786
1508998
1481500
1481514
1486003
1481515
1481522
1485013
1481518
1481501
1492476
1481513
1481515
1485910
1481522
1481517
1485321
1481502
1365423
1333385
1398824
1385631
1333365
1333367
1333364
1340010
1333366
1357818
1423693
1333350
1460566
1333363
1340211
1434294
1333370
1476161
1333364
1335883
1333350
1333367
1339669
1333363
1333366
1336620
1333364
1333350
1337997
1333367
1333364
1339011
1333352
1333367
1336331
1333350
1333352
1405522
1333364
1333351
1338782
1333373
1333365
1337039
1333350
1333371
1337077
1333351
1333366
1340277
1333364
1333366
1336584
1333366
1333366
1335903
1333351
1333371
1344029
1333362
1333350
1336616
1333368
1333365
1338520
1333367
1333370
1338832
1333366
1333350
1336692
1333365
1333352
1338202
1333367
1333364
1339130
1333370
1333367
1336662
1333351
1691485
1731067
1489016
1595848
1481499
1481519
1481514
1629051
1753636
1488326
1576870
1481500
1481500
1481522
1701036
1754659
1667331
1583069
1481516
1481501
1481500
1691919
1754280
1488632
1505084
1481517
1481515
1481500
1765475
1906298
1489131
1481517
1481502
1481518
1597937
1728257
1754940
1488260
1481518
1481515
1481513
1612372
1486090
1485219
1488847
1481525
1481519
1481515
1488246
1481518
1481518
1487274
1481502
1481515
1484663
1481514
1481502
1489080
1484535
1481517
1481499
1488943
1481518
1481515
1488341
1333356
1341695
1333363
1333351
1336835
1333367
1333364
1339112
1333350
1333367
1339962
1333350
1333354
1336575
1333364
1333350
1345183
1333367
1333363
1340004
1333350
1333367
1336859
1333351
1333364
1337332
1333363
1333366
1340194
1333367
1333364
1336508
1333350
1333372
1339439
1904968
1904787
1908447
1914866
1904809
1913686
1912299
1904808
1904807
1908553
1904808
1904811
1913623
1913075
1904809
1481539
1481518
1485311
1481525
1481519
1489741
1481500
1481501
1488104
1481514
1481501
1484831
1488196
1481515
1481502
1486002
1481519
1481501
1488391
1481501
1481522
1488844
1481502
1481503
1484634
1488250
1481513
1481500
1485041
1481516
1481501
1489953
1481517
1481515
1645174
1333362
1333367
1340423
1333367
1333351
1337501
1333364
1333350
1340365
1333367
1333363
1339571
1333352
1333366
1338068
1333364
1336776
1333366
1333366
1340454
1340737
1333369
1333368
1336408
1333350
1333370
1340228
1333351
1333351
1340409
1333360
1333363
1336875
1333352
1333365
1339779
1333352
1333350
1340015
1333363
1333350
1337353
1333367
1333364
1338937
1333350
1333367
1340308
1333350
1333352
1714278
1485562
1481501
1481499
1488959
1481516
1481502
1487751
1481519
1481515
1484834
1481515
1481521
1490421
1481517
1481501
1489227
1489170
1481501
1481501
1488147
1481516
1481500
1484588
1481523
1481524
1489094
1481500
1481502
1488901
1481514
1481501
1484591
1487948
1481502
1481501
1485080
1333350
1336606
1333350
1333367
1343451
1333369
1333350
1336979
1333371
1333362
1340222
1333366
1333366
1341254
1333351
1333373
1337091
1333363
1333352
1428608
1333370
1333363
1340057
1333351
1333367
1338806
1333351
1333350
1339435
1333370
1333351
1340907
1333366
1333365
1337454
1333362
1333365
1337272
1333351
1333350
1339843
1333366
1333351
1336167
1333371
1333363
1339444
1333350
1333364
1340437
1333366
1333350
1337701
1333369
1333363
1340530
1333366
1333366
1340915
1333351
1333369
1336826
1333367
1695908
1485139
1481519
1481503
1484389
1481526
1481520
1488203
1481501
1481525
1490583
1481515
1481500
1485917
1481518
1481515
1492797
1485782
1481518
1481514
1489690
1481503
1481520
1488230
1481524
1481501
1487661
1481514
1481500
1484771
1481519
1481522
1489205
1481522
1591479
1485565
1488941
1481502
1481521
1487880
1481500
1481500
1484522
1481514
1481499
1488645
1481519
1481522
1488238
1481502
1481518
1484982
1333363
1339193
1333370
1333366
1340376
1333351
1333370
1336121
1333363
1333350
1339703
1333366
1333363
1341393
1333366
1333368
1430403
1333367
1333371
1337627
1333372
1333351
1339613
1333365
1333362
1339679
1333351
1333364
1338833
1333351
1333351
1341283
1333366
1333350
1337136
1333368
1333363
1338739
1333371
1333367
1339625
1333353
1333369
1340260
1333362
1333351
1339158
1333367
1695358
1481505
1486969
1488716
1481502
1481501
1487519
1481521
1481523
1485400
1481502
1481515
1489498
1481516
1481514
1489110
1481518
1481517
1481501
1488340
1481515
1481514
1484834
1481516
1481515
1489739
1481515
1602918
1485007
1481519
1481522
1487635
1487908
1481516
1481501
1564566
1481519
1481517
1488440
1481502
1481528
1488053
1481500
1481515
1484837
1487584
1481500
1481501
1485202
1481515
1481501
1488236
1481518
1333360
1333350
1338833
1333367
1333363
1340135
1333350
1333367
1336361
1333351
1333351
1339315
1333364
1333351
1342078
1333367
1333362
1339666
1333350
1333367
1339666
1333363
1333350
1343727
1333376
1333363
1336943
1333373
1333363
1339058
1333350
1333366
1341252
1333367
1333351
1336787
1333366
1333365
1339189
1333372
1333367
1340344
1333352
1333370
1336558
1333364
1333351
1904807
1481537
1481517
1485896
1481518
1481529
1488615
1481501
1481517
1487192
1488355
1481500
1481517
1488153
1481500
1481501
1485984
1481519
1481515
1491800
1481500
1481514
1485617
1481501
1515589
1485274
1487401
1481502
1481503
1486820
1481533
1481522
1485675
1481519
1481518
1488941
1481503
1481520
1487876
1481514
1481503
1715132
1333364
1333363
1339052
1333367
1333366
1347404
1333350
1333370
1336605
1333364
1333352
1339446
1333367
1333364
1340447
1333370
1333367
1338037
1333351
1339205
1333367
1333362
1340129
1333374
1333369
1343832
1333350
1333375
1338691
1333362
1333370
1340620
1333375
1333363
1338938
1632065
1333366
1337031
1333351
1333352
1339791
1333372
1333350
1336469
1333367
1333363
1339166
1333362
1333367
1340316
1333365
1333350
1336689
1333367
1333352
1339162
1333366
1333353
1918682
1912720
1904819
1913565
1908463
1904786
1904805
1912982
1904808
1904789
1908355
1904810
1904804
1908530
1917246
1904809
1904808
1911203
1904819
1904808
1908484
1904789
1904817
1916364
1909845
1904788
1912970
1908844
1488306
1481515
1481526
1485060
1488213
1481502
1481525
1485201
1481515
1481501
1489463
1481518
1481516
1487095
1481518
1481526
1484907
1481501
1481503
1488550
1484919
1481501
1481500
1488021
1481515
1481499
1487290
1481519
1481515
1484818
1481522
1481519
1489932
1481501
1481502
1338870
1333364
1333364
1340577
1333362
1333367
1337074
1333350
1333376
1339231
1333364
1333351
1339631
1333365
1333363
1337075
1636648
1333367
1341619
1333351
1333372
1340025
1333369
1333350
1335963
1333366
1333365
1338855
1333369
1333366
1341129
1333362
1333369
1337301
1333364
1333353
1339185
1915788
1904805
1904785
1909044
1912557
1904809
1748549
1481524
1481519
1488683
1484804
1481503
1481518
1488640
1481500
1481500
1488271
1481516
1481502
1487269
1481518
1481502
1491944
1481501
1481531
1489007
1481515
1481502
1484877
1481518
1481517
1769661
1485421
1481519
1481515
1485121
1481522
1481518
1488371
1481503
1481526
1488218
1481514
1481501
1484622
1488369
1481515
1481503
1524450
1333370
1333364
1337097
1333372
1333366
1343666
1333350
1333374
1336838
1333370
1333355
1339550
1333366
1333362
1339912
1333368
1333367
1336922
1333352
1333372
1339398
1333364
1333351
1340295
1333362
1333351
1337145
1333350
1333367
1340314
1333353
1333366
1341459
1333363
1333353
1706842
1333366
1337129
1333363
1333350
1340214
1333367
1333365
1336821
1333365
1333366
1339150
1333351
1333371
1344327
1333362
1722860
1613237
1485869
1710372
1485395
1481521
1481518
1481516
1765493
1754641
1488603
1481515
1481501
1481522
1646026
1754859
1755962
1488236
1481519
1481501
1481501
1655814
1761194
1675572
1489165
1481520
1481515
1550549
1481502
1764487
1643147
1491470
1481499
1481500
1576098
1761702
1484880
1481514
1481517
1488855
1481502
1481521
1485398
1481513
1481514
1484983
1481519
1481515
1489005
1485103
1481518
1484490
1489056
1333350
1352727
1429867
1333351
1477305
1333363
1340531
1333360
1333350
1463388
1333365
1387962
1391974
1333367
1340605
1333363
1394026
1389907
1333367
1333365
1333352
1340700
1333366
1333364
1337075
1333369
1333366
1337854
1333350
1333350
1333366
1340036
1333350
1333367
1336390
1333366
1337345
1333369
1333366
1339354
1333351
1333351
1336512
1333362
1333364
1338490
1333367
1904820
1904943
1914230
1908608
1904804
1908754
1910066
1904806
1748821
1486620
1481501
1481521
1484646
1481501
1481523
1488451
1481516
1481515
1486184
1481519
1481516
1484699
1486855
1481519
1481519
1484714
1481501
1481518
1487947
1481515
1481501
1486897
1481520
1481515
1485054
1481521
1481521
1489871
1486221
1481517
1481520
1488694
1481500
1481500
1486666
1481515
1481501
1486754
1481517
1481523
1484971
1481522
1481521
1414287
1373423
1333350
1449009
1333362
1432857
1348885
1339457
1333366
1333353
1440591
1344258
1362628
1415634
1333352
1339900
1333351
1371504
1412318
1333366
1471825
1333350
1339485
1333370
1333367
1448637
1333351
1432978
1347897
1339419
1333351
1333367
1440735
1345537
1361237
1333352
1333366
1479366
1333350
1397843
1386229
1333367
1471891
1333370
1339787
1333370
1333369
