1333590
1333547
1398153
1333580
1333530
1333567
1489134
1333566
1343858
1333532
1672874
1674272
1487634
1481729
1481703
1485686
1481745
1481740
1498384
1691047
1617122
1481769
1486420
1481783
1481808
1493094
1481731
1481736
1373325
1776200
1710433
1491830
1481682
1481764
1485859
1481878
1481846
1481955
1333582
1359541
1709342
1660264
1701935
1533067
1481732
1482015
1481686
1508767
1481747
1481706
1941523
1481911
1481775
1485624
1402119
1333567
1337245
1469719
1333530
1333538
1704860
1482049
1481841
1487932
1481760
1481821
1508066
1481797
1481704
1494797
1635348
1333534
1472244
1357866
1333527
1342616
1442953
1333527
1333533
1409875
1905080
1923078
1916997
1914366
1914566
1924677
1904993
1904997
1470361
1453690
1883177
1491038
1481780
1487182
1482222
1481681
1490984
1481768
1481891
1486454
1913744
1905104
1905406
1905358
1546385
1481682
1485275
1481680
1481711
1333531
1714434
1481790
1497367
1491465
1481967
1485522
1481702
1481771
1493508
1595681
1921893
1481682
1487000
1481705
1493865
1481702
1481746
1485681
1481706
1741042
1632485
1333565
1333538
1333581
1342507
1333528
1333530
1333533
1458804
1392941
1695001
1481795
1506499
1481873
1481806
1489732
1481763
1487774
1481799
1581677
1913208
1481919
1485935
1497208
1481749
1489205
1481860
1481708
1500941
1481763
1632660
1660184
1333532
1437449
1420032
1333528
1333546
1459418
1333548
1333581
1612426
1333531
1333571
1333557
1342791
1342479
1333564
1333599
1333536
1337710
1905068
1486325
1481766
1481703
1705985
1481985
1481758
1495624
1481703
1494647
1708888
1609220
1663971
1333613
1333616
1333565
1336929
1337376
1333552
1333552
1633622
1412547
1333576
1384825
1343181
1374532
1333535
1382321
1478784
1362745
1913807
1911682
1912338
1905289
1905064
1904998
1905045
1905002
1742438
1910843
1641720
1333635
1383281
1483066
1333616
1333529
1402093
1446278
1333573
1333529
1939012
1482005
1481790
1481734
1717014
1762800
1773766
1590893
1485899
1914579
1905056
1481935
1481878
1485932
1481824
1481851
1493241
1481872
1366086
1477278
1624806
1333531
1456290
1333544
1333597
1333591
1359759
1333536
1333535
1333533
1628440
1337119
1333869
1333614
1333551
1333612
1342686
1344330
1333585
1333584
1797723
1481774
1486506
1481704
1481708
1497758
1481682
1489987
1481703
1400537
1631097
1333537
1425972
1438658
1333609
1334096
1333558
1337600
1338524
1333528
1651174
1339963
1333530
1333607
1333530
1353052
1345272
1333554
1371701
1333606
1708358
1333601
1340442
1337257
1333591
1333530
1333529
1333530
1359087
1350784
1601832
1341401
1494609
1350176
1333528
1396036
1333591
1333583
1333528
1417059
1905059
1481758
1481752
1481851
1481686
1490744
1481760
1481902
1494377
1557280
1879982
1486527
1481754
1481795
1490032
1481766
1481779
1485694
1481775
1388556
1708355
1483040
1495798
1653683
1769572
1732728
1490768
1481731
1481687
1387292
1629077
1339099
1333531
1333583
1333589
1342365
1342768
1665887
1333555
1333529
1640647
1358683
1333588
1478504
1351537
1333531
1421956
1333576
1333577
1333529
1616329
1333612
1333530
1362051
1363077
1333550
1333549
1333547
1333528
1333527
1682365
1755432
1333586
1333588
1336734
1333532
1333525
1333532
1459565
1333524
1619782
1333530
1339661
1343805
1333556
1333605
1333568
1333591
1337578
1333531
1644101
1333548
1486027
1333536
1333592
1337157
1388778
1333529
1382311
1337882
1630074
1343121
1333589
1333535
1333560
1333584
1337643
1338146
1333558
1333556
1884226
1481926
1494369
1481945
1482011
1485983
1481890
1481820
1333626
1341989
1849420
1481720
1333534
1333615
1364625
1341973
1350457
1333604
1333612
1333551
1717269
1481942
1481954
1489774
1481938
1487013
1481901
1481706
1486630
1481873
1914099
1905227
1905245
1905053
1905247
1905321
1905039
1914035
1333891
1371909
1633961
1359334
1333585
1338882
1445334
1333578
1364583
1342305
1377694
1333527
1606613
1333612
1333584
1333530
1364130
1343412
1333558
1333561
1333586
1333600
1914083
1436706
1362003
1333571
1342807
1333529
1333531
1333533
1338109
1466426
1667641
1481942
1481789
1490942
1481924
1482031
1498047
1482012
1481771
1633567
1605971
1333615
1333606
1333614
1348460
1340042
1333528
1333525
1333554
1333527
1878488
1488684
1481697
1481736
1501128
1481683
1481747
1492665
1481684
1481705
1635429
1333578
1333527
1337623
1333538
1333574
1333530
1342146
1333533
1333529
1604487
1333526
1333572
1333528
1336999
1344786
1333605
1333552
1333528
1333527
1905093
1333735
1425533
1333691
1333575
1333527
1342439
1420117
1333527
1333528
1731152
1482025
1512282
1481708
1481706
1495007
1481756
1482205
1486080
1481679
1915300
1481683
1481758
1745868
1498218
1481697
1488818
1481734
1591306
1491552
1685824
1481839
1683066
1487354
1482088
1481851
1493432
1481718
1481729
1488392
1708874
1481762
1481748
1494302
1481706
1481681
1502232
1481686
1481689
1778576
1635181
1338662
1333587
1333578
1333528
1344656
1346578
1333574
1333559
1333568
1908648
1481848
1502424
1492263
1481802
1489748
1481745
1481784
1491038
1481849
1617534
1421830
1333581
1338002
1450883
1333794
1333533
1411916
1333527
1333547
1663536
1481860
1488343
1481904
1482001
1487847
1481862
1481680
1509656
1741231
1568067
1333586
1333584
1448070
1393145
1333589
1396881
1343077
1333532
1333533
1690936
1437281
1396755
1333584
1383260
1493387
1356787
1333550
1382063
1493651
1623945
1333531
1342913
1343550
1432932
1333551
1333569
1333557
1408175
1494977
1895775
1481741
1486510
1481714
1501024
1481682
1481705
1487642
1481705
1481699
1916169
1333740
1411109
1333663
1333722
1333527
1342520
1451426
1349598
1333579
1914312
1481689
1481719
1481720
1763075
1635159
1486318
1481769
1481685
1333531
1905055
1904980
1905140
1911623
1912940
1916635
1931490
1558114
1846899
1337272
1628646
1333534
1456498
1361135
1333531
1406894
1439293
1333529
1333527
1337903
1905066
1904998
1905059
1905000
1905041
1909432
1916624
1542677
1839984
1333536
1720237
1481745
1516508
1486412
1481706
1484919
1481883
1481698
1486522
1462981
1672210
1434167
1392656
1333590
1337694
1475300
1345874
1333528
1419561
1407198
1709177
1485648
1481747
1481683
1499278
1481750
1481707
1485605
1481686
1491825
1708306
1481738
1477977
1333530
1333598
1333819
1341961
1339242
1333554
1333531
1594619
1333552
1333601
1337776
1338262
1333532
1333577
1333531
1334087
1361202
1597932
1333548
1333610
1340118
1338247
1333606
1333601
1333555
1333599
1346845
1888914
1488075
1481810
1481764
1493188
1481751
1481761
1489022
1481704
1481710
1639056
1333529
1333599
1333527
1352986
1347284
1333559
1333533
1333554
1333558
1716295
1481765
1496659
1481690
1487785
1485468
1481734
1481683
1486072
1799545
1926115
1481754
1341166
1347628
1333786
1333669
1333694
1343317
1345846
1333528
1875106
1481719
1481679
1700042
1481612
1490409
1578358
1482009
1481942
1405628
1685618
1487183
1481736
1481753
1493101
1481705
1481713
1488160
1481688
1481707
1603359
1333529
1357974
1349642
1333552
1333883
1333552
1344916
1337755
1451152
1796361
1482046
1608210
1481864
1769808
1491825
1481679
1481678
1481771
1778098
1722462
1481721
1503620
1333532
1333535
1343627
1343072
1333856
1333588
1333554
1902142
1481889
1773594
1727017
1485911
1481679
1481699
1500891
1481682
1693143
1639819
1333812
1349665
1333854
1333649
1333719
1333736
1357245
1344970
1333634
1643898
1333553
1333588
1334029
1333619
1337690
1338618
1333590
1333554
1333556
1728318
1347408
1333552
1333553
1333562
1333531
1345350
1333530
1333530
1333550
1709057
1481733
1491206
1361902
1338796
1333563
1333600
1333539
1333529
1336886
1646235
1349633
1333594
1337852
1333527
1333590
1333527
1460192
1393794
1333586
1905055
1513820
1606980
1481732
1489820
1690290
1574810
1489535
1481681
1771098
1704309
1338473
1333591
1333533
1445142
1333529
1333531
1337964
1464132
1373424
1915836
1481851
1481838
1571714
1673182
1767110
1769594
1740010
1490211
1786214
1910856
1481851
1482004
1491441
1481823
1488995
1481760
1482017
1492131
1481895
1843610
1481756
1481911
1484786
1482034
1491579
1481888
1481701
1485309
1481763
1616428
1333555
1333533
1333589
1359570
1355719
1333612
1333580
1350437
1333532
1917438
1343443
1426423
1333548
1333530
1340824
1339952
1333545
1333526
1333529
1333507
1333633
1333675
1333663
1333668
1333646
1350449
1333649
1469552
1483173
1335173
1333610
1333643
1333656
1356378
1343855
1333605
1333665
1333653
1333695
1906873
1919463
1909289
1909659
1917225
1909720
1910427
1915036
1333659
1338191
1927500
1481906
1486059
1481806
1481761
1486669
1481821
1481811
1493048
1489372
1543284
1333656
1333672
1333680
1345005
1338541
1333609
1333939
1333945
1333675
1498171
1481835
1487992
1481802
1440531
1333890
1333666
1494441
1333607
1333777
1739180
1481817
1481817
1481762
1481812
1481873
1726391
1762471
1757954
1487373
1481765
1481761
1481917
1486202
1631670
1481940
1481813
1540110
1702161
1788993
1430905
1348376
1333749
1333608
1333670
1361929
1333655
1333613
1333725
1358131
1919849
1481993
1481814
1481802
1495573
1481803
1481795
1485798
1481801
1507281
1555972
1348235
1333807
1333604
1333665
1333667
1343828
1343386
1333652
1333820
1481762
1481951
1482189
1491880
1481812
1481768
1485386
1481811
1691216
1537021
1923906
1481917
1482040
1481873
1481934
1485280
1481938
1491544
1481847
1481853
1490678
1482018
1481944
1491835
1481809
1338432
1333612
1333665
1333613
1333659
1502710
1339661
1340531
1333631
1333648
1333655
1333676
1367225
1333672
1333611
1618985
1481984
1481923
1488667
1481810
1495590
1481816
1481761
1486847
1481812
1483347
1481765
1481759
1485799
1481798
1481806
1490793
1482026
1549433
1492659
1490858
1481992
1481933
1488526
1481800
1496503
1481822
1481764
1485854
1482020
1912171
1481762
1481810
1482152
1486186
1481807
1500943
1486768
1481859
1481909
1433634
1339561
1333902
1333690
1333660
1348653
1350889
1333769
1481809
1481764
1448310
1346189
1333843
1333608
1333654
1333664
1362264
1338247
1333868
1333873
1923332
1481908
1510497
1481813
1481835
1492408
1481796
1481827
1489726
1481809
1531284
1481847
1615805
1481808
1481908
1485168
1481759
1482151
1486166
1481809
1481697
1663609
1700987
1486008
1481860
1481817
1495141
1481813
1481809
1486744
1905195
1918229
1918259
1909299
1914899
1481849
1481759
1491316
1481812
1722350
1490075
1482036
1482100
1487886
1481811
1481817
1514308
1481802
1481823
1333880
1481766
1481819
1333669
1333660
1333614
1353009
1343513
1333611
1333662
1333668
1914000
1917880
1921785
1905185
1905060
1905091
1905234
1905066
1690150
1333615
1481809
1487533
1481837
1481873
1508052
1481798
1496274
1481809
1481795
1489035
1453932
1346363
1333611
1333657
1333670
1340506
1338171
1333655
1333722
1333661
1490117
1481867
1769626
1494565
1481814
1490647
1630692
1481807
1481858
1550115
1905121
1922381
1911637
1928825
1911062
1920631
1922053
1912430
1481817
1419303
1483375
1486512
1486291
1481811
1492270
1481816
1481763
1486952
1481813
1481823
1913730
1690318
1481986
1490503
1601817
1481815
1481815
1481943
1648285
1864123
1481763
1481795
1481948
1481983
1481811
1492408
1481810
1482035
1485847
1333666
1494704
1333957
1333653
1333865
1341484
1333661
1333687
1367804
1480856
1365748
1922235
1905091
1905107
1905108
1905087
1905074
1905048
1905092
1905057
1481902
1481761
1491614
1481942
1481801
1487811
1481815
1481821
1490799
1481815
1486667
1481766
1482048
1482122
1493799
1481763
1481810
1496425
1481795
1481797
1486090
1909712
1490203
1482141
1481818
1487417
1481828
1482155
1489073
1481935
1493966
1481768
1486389
1481765
1481805
1506961
1481805
1481910
1488272
1481762
1481813
1481761
1481870
1481904
1486288
1481819
1481817
1492207
1481802
1481819
1495919
1834712
1481980
1496905
1481792
1481812
1503066
1481814
1481761
1485212
1481901
1581892
1481806
1481801
1487290
1481830
1333662
1337520
1333608
1333700
1333985
1481761
1482026
1481848
1491116
1481812
1481812
1485345
1481816
1481760
1487290
1884908
1917463
1940842
1911782
1925817
1905102
1905138
1905079
1722815
1481811
1435020
1333737
1333612
1449505
1392403
1333807
1379256
1486591
1333655
1333978
1442330
1333709
1333695
1341642
1333662
1333659
1333658
1333788
1333672
1345514
1547034
1487774
1481812
1373337
1333664
1344259
1333785
1333782
1333674
1333760
1440088
1347207
1333672
1333666
1333702
1338535
1340857
1333660
1333666
1333667
1481772
1487859
1491357
1482130
1496067
1481805
1481810
1497606
1496069
1481964
1923686
1491084
1481850
1494681
1481782
1481814
1489773
1481853
1481764
1715205
1481772
1496660
1481822
1481817
1487920
1481812
1481908
1508946
1481809
1481981
1463624
1344783
1354036
1333651
1333709
1333658
1337606
1341155
1333666
1374274
1911884
1905096
1905089
2330818
1905054
1936431
1915334
1913657
1693383
1488837
1481790
1482092
1481931
1488129
1481760
1482049
1501479
1481968
1481829
1485777
1433709
1333896
1333646
1333671
1338697
1337775
1333648
1333663
1333654
1333663
1929375
1481824
1489870
1482007
1481935
1491191
1481806
1481812
1495895
1481873
1481775
1481761
1481933
1488937
1481986
1482047
1491471
1482071
1481946
1489129
1481762
1481994
1481935
1486041
1481808
1481999
1490184
1481813
1481809
1484501
1925607
1481898
1496150
1493818
1333663
1333609
1344095
1337818
1333727
1333765
1590789
1680926
1481840
1769172
1490975
1481873
1481959
1498024
1481971
1452294
1481765
1485676
1481816
1482118
1489134
1481761
1482008
1490665
1481880
1481808
1911738
1911116
1910341
1922333
1909451
1911683
1920593
1912917
1930455
1400271
1490863
1481927
1481930
1513973
1481817
1481814
1491108
1481815
1481992
1497028
1481781
1495160
1481938
1481764
1486108
1481862
1481801
1496827
1481797
1481962
1516766
1481952
1482228
1495587
1481810
1481763
1487064
1481805
1481813
1766012
1481794
1486851
1684447
1588523
1481809
1481813
1481811
1481813
1481804
1482213
1482787
1422210
1333670
1333612
1333615
1339625
1342243
1333779
1333653
1333671
1932027
1905107
1905083
1905426
1905221
1905073
1905085
1905228
1686748
1905054
1492349
1481791
1486484
1481810
1481762
1481824
1494551
1481799
1490626
1482156
1481761
1481980
1333790
1333780
1383417
1478640
1333887
1334040
1342837
1438324
1915055
1481800
1491902
1481934
1477897
1333656
1333682
1415283
1333664
1333909
1431849
1333657
1509342
1333756
1333760
1367951
1473688
1345357
1334087
1423408
1481765
1481761
1481800
1728919
1762425
1490523
1550940
1481898
1481889
1496089
1927282
1905053
1481762
1488660
1481823
1481997
1499136
1481957
1481822
1936034
1481763
1497289
1482037
1481947
1487783
1481815
1481811
1503618
1481768
1481817
1481766
1489099
1481860
1485779
1481826
1481802
1503864
1481870
1481800
1499415
1913177
1481890
1481936
1496799
1481888
1481812
1486900
1481814
1481806
1494344
1481764
1738803
1728946
1585131
1534915
1334047
1333668
1336969
1333667
1333669
1481763
1333710
1342152
1333650
1333926
1333714
1333667
1340545
1337142
1333680
1914160
1905108
1905055
1905102
1905058
1485094
1481810
1494006
1488750
1456240
1481771
1487054
1481841
1481815
1491039
1481826
1481760
1490003
1481809
1481817
1501966
1481759
1481799
1485962
1482113
1518975
1481797
1481852
1488487
1481818
1436952
1333611
1340257
1337174
1333673
1333729
1333710
1354714
1336736
1333669
1516733
1416866
1333661
1333696
1423582
1333659
1333649
1364364
1479903
1360273
1460504
1351621
1359420
1333676
1333662
1333613
1339201
1337858
1333653
1333924
1914500
1488050
1482097
1481811
1486722
1481811
1488829
1481771
1481820
1490209
1481840
1569719
1481844
1774532
1774534
1485947
1481930
1481855
1511191
1481938
1497884
1481922
1489718
1481808
1481802
1491281
1481814
1481820
1654885
1481812
1930484
1680400
1688295
1770948
1486356
1494604
1481809
1490730
1530196
1760564
1481764
1486054
1481808
1481957
1481839
1481939
1723176
1762092
1706570
1915306
1481770
1481791
1481963
1519332
1481760
1481808
1488198
1481849
1481760
1496799
1929067
1481976
1488101
1481910
1482153
1495436
1484815
1481838
1494497
1694840
1481771
1748233
1769061
1764485
1486427
1676927
1648661
1511309
1481815
1481810
1481765
1491907
1541874
1481803
1482097
1481874
1585717
1481811
1491877
1876226
1921015
1657526
1485957
1481992
1481812
1482002
1621707
1625242
1481802
1907331
1577155
1481920
1481893
1578136
1481857
1481933
1333682
1333775
1479254
1333652
1491674
1480279
1363995
1334106
1483077
1373785
1333670
1404767
1441309
1333786
1921098
1481819
1452322
1365918
1333658
1342538
1479468
1333674
1381376
1333660
