20424845
18306321
18306401
18319369
18304248
18320421
18297832
18319999
18307234
13145889
11134013
11096191
11076321
11067703
11033196
11017380
10992486
11266227
11132846
11223406
11264075
11195382
11263403
11263765
11262094
11269235
11180421
11267601
11225656
11268975
11263224
11333443
11266750
11191313
11261876
11266975
11233562
11395785
10991374
10999824
11000554
10998517
11127489
10988920
10991102
10993617
10992176
11016672
11000083
10995413
10996694
11004842
10993178
10999817
10998719
10990802
11400381
10992661
10988406
10994662
10993118
10986859
11418340
11273077
11265094
11265093
11189023
11273071
11323427
11237224
11271548
11264389
11266293
11241520
11246753
11662163
11234812
12117973
12200506
12196639
12197236
12194095
12193738
12191394
12191906
12192809
12205044
11772950
11026592
11134640
10998203
11357774
11141735
10992386
11000854
11001170
11002059
11052750
10994755
10988318
15607076
15607379
15598884
15599805
15595259
15604272
15599955
15598708
15591212
15599670
15603149
15597156
15604138
15601068
15602946
15604179
20734551
15597474
15600446
15608367
15605444
15598021
15611217
15609382
15600447
15611061
15597745
15607269
15601899
15602919
15601507
15610145
15606022
15602078
15595914
15601931
15601139
15598259
15603901
15608068
15601265
15604082
15607510
15603221
15595376
15608632
15610950
15594512
15600731
12947800
12189284
12195605
12194621
12466925
12184566
12184696
12184002
12198539
12184960
12182509
12187360
12186848
12472956
12190827
12192208
12190693
12047070
11206946
11264807
11263107
11184717
11261256
11262943
11408272
11258244
11215639
11254228
11174131
11260354
11252584
11262474
11259515
11178849
11259873
11220761
12600813
11287510
11511592
11614988
12173466
12197582
12172659
12175472
12178215
12174699
12177556
12178977
12173671
12176551
12175680
15573383
15565923
15566828
15571273
15572684
15569523
15572160
15576400
15563804
15565939
15589585
15586726
15587882
15575129
15585063
15581071
15576540
15590254
15574371
15584729
15573767
15580077
15576113
15572596
15562951
15575519
15574484
15567764
15573980
15568753
15582740
15564297
15568716
15573550
15574524
15573948
15569323
15574093
15567798
15574435
15573682
15564230
15575508
15569628
15568934
15566863
15566326
15569034
13862906
12802938
12942385
12716125
12704019
12710169
12706038
12716878
12869957
12712341
12711686
12949128
12715255
12706199
12713950
12719008
12863570
12178708
12178874
12173921
12171709
12179995
12170859
12175813
12177162
12179078
12175620
12179795
12173814
12185670
12174877
12177129
12177178
12176154
15874969
12207382
12202396
12203842
12322412
12735798
12737602
13003194
12738551
12507408
11381734
11141706
11278254
11612817
11003994
11368738
10999509
11013332
12203478
12197801
12215308
12203558
12202440
12204354
12200658
12193250
12191477
12196769
12202327
12201240
12201993
12203310
12202917
12202131
12196268
12197446
12196437
12200093
12202614
12203171
12195367
12194111
12198748
12207004
12205546
12197919
12207602
12199411
12198235
12208428
12200136
12200959
12200622
12198961
12198020
12204889
12196948
12201943
12204993
12196188
12197871
12204358
12202365
12195955
12203572
12220495
12202449
12198980
12202670
12197953
12203740
12201178
12213359
12207716
12195620
12200314
12197395
12197808
12204856
12205399
12482405
12206466
12204947
12202143
12203545
12203368
12201123
12207915
12205528
12202916
12207271
12200921
12205260
12207196
12205459
12199975
12206185
12205491
11581824
10993974
10993726
10994392
10995268
10997149
10996599
10996022
10998588
10996545
10995296
11149043
10996994
11000763
11001462
11169998
10995780
10998021
14585630
11047647
12209044
12198344
12210040
12204631
12202125
12209955
12196756
12212078
12201404
12200037
12198763
12206277
12202596
12203602
12209652
12207878
12211421
12209540
12200252
12209447
12208588
12200916
12200409
12198618
12606776
12198400
12206019
12197729
12201193
12195911
12200875
12199125
12197775
12199407
12198954
12193307
12200560
12198988
12196514
12198495
12200754
12201717
11564213
11006540
11136027
10997846
11010060
11008646
11138154
11008108
11003291
11001564
11007715
11000799
11000161
11005757
11004526
11168908
10998332
10993515
10990839
10997459
11000523
10987831
11001471
10998294
10992801
10998367
10994596
10988080
11132758
10995815
10991023
12204111
12203942
12201880
12207466
12204026
12200139
12214640
12199535
12202260
12199451
12201598
12202855
12531226
12205338
12221169
12199804
12209167
12204581
12204082
12202139
12208686
12203112
12202655
12207094
12207228
12207978
12209767
12176666
10974168
10969208
10972685
10968995
10973729
10967257
10973063
10976849
10977206
10977390
10980244
10984399
10974377
10977647
10978370
10972123
10977037
10976341
11123052
10978915
10978492
10973318
11990593
12167578
12166083
12164245
12162910
12161688
12161679
12164166
12167473
12165471
12167351
12164443
12165068
12158358
11110047
10967505
10972009
10969365
10974863
10976755
10971399
10975209
10970604
10973730
10970919
10972390
10977140
10967769
10975843
11732622
12169349
12172131
12173569
12441000
12293661
12191231
12174330
12180119
12177405
12173728
12175082
12176138
12174314
12176039
12176620
12177019
12180145
12178693
12174058
12175215
12173339
12177815
12170998
12177804
12177276
12179329
12176942
12188704
12173936
12176187
12175584
12178367
12176381
12183495
12184502
12173945
12172298
12170609
10978959
10981288
10972122
11132578
10988106
10980958
11030013
10980142
10973059
12171552
12165087
12174427
12169047
12165928
12171381
12166303
12440773
12164480
12165983
12176691
12170543
12237948
12162274
12174625
12168284
12166757
12169787
12163955
12167071
12171216
12163050
12166694
12175791
12165798
12162584
12168751
12175044
12162801
12176525
12165671
12172912
12170068
12166529
12193448
12183184
12175366
12175898
12180596
12178157
12183443
12182759
12176905
12180461
12178429
12177341
12179313
12451855
12184905
12179641
12181710
12177544
12173411
12300476
12173125
12179799
12177117
12190025
12172043
12179455
12179737
12177434
12172028
12176571
12173512
12177375
12180282
12173892
12175496
12175428
12181567
12174805
12181349
12175125
12175441
12179991
12174347
12176221
12179163
12176469
12176084
12173844
12180375
12171740
12179507
12177076
12174429
12179143
12184152
12175461
12181125
12175966
12191500
12171888
12780755
12163495
12173810
12161958
12164206
12168156
15580029
15572885
15583044
14778231
12176208
12183562
12171413
12491690
12162207
12159285
12160997
12159660
12168281
12161713
12164891
12165513
12166308
14029099
15569366
15567183
15570523
15571284
15573850
15580580
15567041
15569711
15568290
15561474
15568146
15571414
15576293
15569056
15578331
15570101
15574460
15572455
15575296
15575951
15576831
15573976
15568267
15574799
15572544
15554819
15576061
15573984
15574645
15572313
15574716
15570703
15577130
15568122
15568134
15591576
15571974
15574083
15578657
15578062
15571027
15566592
15572063
15576232
15577312
15574359
15581010
15572050
15581295
15574419
15572349
15571523
15567581
15579179
15575861
15581363
15565243
15573070
15572632
15581018
12188094
12177773
12176078
12178471
12178857
12175244
12841170
12166166
12165420
12164368
12163948
12169689
12168340
12166555
12162982
12169906
12166025
12446731
12161343
12162805
12165776
12166246
14697411
11251005
11257840
11182826
11247198
11238845
11264229
11242788
11156767
11244662
11195474
11244306
11298183
11243393
11484003
12174190
12176301
11248231
11249362
11252024
11247091
11224103
11250455
11274102
11226401
11241850
11241050
11249385
11241761
11662747
12158190
12160440
12159975
12165042
12165281
12165085
12163627
12168997
12163775
12163525
12167732
12161582
12169291
12166454
12167312
12166988
12168573
12163819
12163718
12163862
12165351
12163548
12163729
12163948
12163898
12169331
12163982
12176789
12173195
12168268
12164459
12163670
12165968
12170191
12162347
12431709
12301568
12164852
12165142
12165552
12160166
12169811
12170263
12163038
12164316
12169469
12159682
12166034
12169198
12165253
12170744
12176032
12162491
12166155
12166438
12163629
12163031
12166348
12166871
12169002
12172032
12163860
12162726
12167978
12159675
12160116
12159731
12164637
12167113
12165708
13122751
12718866
12716273
12829422
12905565
12750923
12173479
12174441
12448637
11691451
14195837
11255834
11628553
10987996
10979490
10975404
10981341
10984463
10976508
10980682
10977857
12126831
10980026
10983604
10986120
10985734
10982186
10982452
10980886
10981465
10985432
10982593
10981319
10988192
10983216
10981691
11134679
10969894
10971142
10976038
10976933
10970881
10974675
10967904
10970886
10970136
10974276
11179323
10973157
10974712
10976403
11437239
12165788
12163750
12171829
12169296
12169759
12167111
12166804
12166940
12165565
12164666
12170226
12168251
12170947
12169919
12165411
12166228
12169462
12168947
12172414
12175656
12435288
12166006
12165385
12167965
12165847
12165831
12166147
12164716
12164131
12165182
12169971
12165792
12165296
12166321
12166213
12169614
12167238
12166695
12169982
12164631
12161822
12162438
12163359
12166435
12162109
12165889
12167743
12167123
12180358
12176805
12179752
12456022
12174787
12180535
12181719
12186227
12182923
12182049
12179944
12182966
12182761
12186997
12179521
12176549
12179250
12182565
12229927
12180417
12174861
12178875
12174913
12175912
12177504
12178034
12173098
12177662
12177395
12176074
12178235
12175479
12176117
12181926
12186399
12182564
12186661
12175012
12183168
12182290
12178921
12599218
12162825
12167900
12162778
12165086
12168055
12161068
12163597
12166088
12161387
12163804
12171482
12169593
12164171
12164340
12161540
12165124
12165988
12164958
12167008
12163288
12162357
12164404
12169815
12163139
12168091
12165088
12162973
12165157
12168825
12159494
12163668
12163605
12161201
12161587
12163330
12162819
12165675
12161149
12162527
12163149
12166780
12163106
12160977
12163350
12170292
12163316
12164461
12161404
12160391
12169487
12160206
12161595
12163868
12170497
12164942
12163577
12163716
12164729
15577572
15577212
15569579
15578407
15569974
15566942
15569980
15571860
15580316
12540206
12175810
15976884
12521223
12998786
12172873
12180659
12172153
12174715
12175071
12176511
12171892
12172562
12177313
12490772
12177172
12169474
14396625
15569304
15561331
15572180
15576441
15572798
15571772
15566846
15572870
15565123
15579048
15571920
15570202
15568482
15570983
15569938
15572611
15571113
15565637
15575313
15570524
15563618
15572871
15578128
15560821
15565875
15567978
15570883
15568615
15574020
15569222
15570616
15572861
15560195
15570179
15566123
15574860
15561436
15570074
15577699
15565503
15566995
15568767
15562446
15565463
15569991
15574017
15567867
15566574
15570148
15571882
15567651
15596779
15577887
15574395
15567004
15568163
15574519
13077422
12164975
12170820
12163879
12162291
12170204
12162757
12159166
12178133
12167783
12440024
12167407
12160778
12161701
12163606
12159178
12175312
12176042
12173231
12163423
12162030
12160718
12163149
12164003
11375581
10977302
10985503
10976746
10976851
10981806
11125528
10980454
10983775
10973738
10985983
10985032
10980702
10978602
10983416
10974803
11032871
10972977
10966756
10973804
10973986
11121169
10979752
11056782
10977022
10980850
10984670
10979138
10982834
10984726
10975588
10979864
10984244
10984018
10984063
10986019
10985952
10982846
10977320
11109396
10968876
10968888
10967456
10970929
10967550
10966435
10965268
10974764
10976747
10968286
10967436
10971629
11133935
10977333
10977608
10976431
10976730
10979691
10983240
10975790
10976222
10970067
10972470
10975925
10969074
10970112
10968903
11141941
10968947
10972328
10963162
10968484
10976913
10969002
10972103
10970451
10966870
10974215
10973770
10962804
10972826
10973180
10967937
12182802
12178782
12175558
12180438
12178223
12178686
12174178
12175759
12172495
13283361
12704522
13120549
12706774
12858230
12703447
12712020
12981360
12753067
16008696
12895294
12442771
12163274
12163628
12160100
12474868
12176475
12172239
12172507
12179273
12176053
12169965
12177277
12438472
12162355
12161129
12160361
12160149
12166144
12473023
12174336
12171062
12180724
12172177
12176184
12177348
12186112
12173987
12173582
12172121
12175652
12169627
12171574
12172501
12186134
12179190
12176322
12177124
12169397
12176413
12175115
12173392
12180515
12177431
12178938
12175463
12177805
10970526
10969968
10968749
10970649
10972264
10970099
10977426
10971099
10969299
10969863
11115075
10975725
10979364
10980309
10984495
11879933
12164854
12164616
12160271
12163119
12165258
12162972
12164087
12158938
12162924
12168350
12171437
12159158
12161333
12163997
12165805
12158449
12165723
12169365
12160780
12163980
12165243
12157255
12165516
12163829
12159743
12164803
12169813
15566055
15567102
15574851
15561057
15566710
14361872
12157551
12159567
12160192
12162642
12164929
12164094
12159338
12165958
12162416
12160930
12160656
12163075
12164143
12164704
12490789
12170536
12177438
12175219
12172453
12177263
12176255
12176002
12172873
12174925
12169513
12172375
12174336
12178743
12178422
12173703
12175762
12175069
12596499
12167547
12170820
12180564
12168553
12169488
12170782
12178505
12171997
12166654
12172727
12172880
12168252
12169528
12170235
12174967
12172316
12168680
12174806
12171516
12169816
12167493
12172073
12166841
12175747
12172439
12167024
12167508
12173222
12167294
12170961
12170455
12170421
12173582
12178768
12166458
12169274
12175683
12166784
12167734
12175281
12165943
12170123
12169835
12169951
12169418
12172403
12171910
12172446
12170371
12174370
12171820
12171358
12171013
12165830
12173003
12166942
12171634
12175143
12174351
12170534
12171766
15568793
15561731
15572293
15566169
15568588
15571784
15573097
17351752
12173383
12170842
12163557
12181132
12170027
12168704
12174752
12170612
12168545
12173670
12169900
12168608
12174962
12173548
12499423
12176405
12170684
12171897
12177582
12173668
12172654
12175582
12173115
12180045
12177892
12178225
12174167
12177852
12172697
12173955
12181188
12551805
12165829
12161271
12158948
12161897
12163057
12165570
12161862
12169786
12168933
12170121
12159042
12164907
12161604
12161400
12164818
12169354
12160267
12170234
12162678
12159126
12163439
12165764
12164176
12164221
12171707
12164573
12168062
12160947
12161674
12161093
12163945
12162084
12166752
12165925
12165593
12164511
12164142
12160547
12165432
12162130
12161096
12162637
12166435
12171229
12168463
12164393
12165903
12165233
12166099
12163135
12165654
12165261
12178494
12169735
12165256
12163172
12173137
12168074
12170835
12167539
12177615
12174599
12179789
12635961
15572678
15566182
15571064
15568327
15569411
15579623
15575123
15571208
15577293
15571169
15573374
15572059
15588310
15588271
15583098
15581819
15586416
15577104
15585011
15588871
15582587
15578337
15576800
15582840
12160379
12162731
12173107
12168303
12165997
12164116
12168262
12166493
12166047
12161789
12784113
15588826
15583343
15586881
15581898
15589584
15591301
15587043
15586225
15587814
15583962
15584676
15581591
15587052
15589585
15590195
15591114
15586722
15588693
15581076
15584762
15596640
15580464
15587811
15585339
15579038
15579062
15585960
15583996
15586392
15592072
15584179
15591001
13762119
12161997
12172234
12168567
12168491
12165924
12173346
12159753
12165687
12162437
12162733
12167055
12432463
12159710
15006338
15562008
15566371
15568752
15561245
15570013
15565476
15568171
15563359
15573028
15565648
15575404
15566850
15567143
15569773
15571094
15573875
15129055
12171639
12171265
12181129
12174293
12172922
12177327
12173951
12327768
11296015
11105533
10980714
15009253
10998708
10971563
10972813
10978258
10969027
10972916
10973816
10968609
10975890
10971161
10969580
10973338
10967406
10977211
10975892
10974504
11133316
11364726
10975964
10978619
10980426
10976758
11114110
10965444
10972508
10970545
10969932
10973923
10966635
10974512
10969729
11569551
12177262
12174820
12171064
12174765
12172606
12175242
12173464
12176330
12170080
12176494
12177562
12185756
12175670
12182158
12173325
12172207
12186183
12179878
12174561
12172592
12175811
12171134
12176119
12169060
12171854
12177868
12444594
12171425
12175635
12174525
12175382
12174035
12175973
12170541
12175482
12183198
12175639
12176555
12178379
12172304
12175816
12173615
12181968
12176101
12176833
12173802
12176578
12174311
12174496
12171721
12176360
12176338
12181502
12169937
12171845
12174640
12174974
12170823
12709358
12685202
12489174
12162064
12162576
12168907
12168537
11727360
11241006
11238954
11174422
11237911
11242463
11174240
11244921
11164246
11238560
11246178
11238779
11240837
11568766
10968197
11264245
11192182
11245934
11240551
11236018
11246231
11198651
11234202
11158328
11241398
11237452
11239351
11235701
11162466
11240320
11666036
11238262
11246211
11246492
11375656
11192384
11294585
11241732
11168881
11244287
11232956
11236473
11247671
11169791
11348320
11878002
12170781
12168277
12172662
12171868
12173513
12173184
12173460
12173261
12172189
12175436
12174120
12172641
12174722
12172919
12175875
12174562
12169810
12173431
12194034
12171925
12172223
12170319
12169476
12161090
12165131
12158635
12161090
12159913
12165754
12157983
12162889
12163019
12160188
12167969
12164357
12162850
12162703
12163400
12159951
12164541
12163305
12164196
15567516
12650944
12171195
12176307
12178360
12175565
12177872
12175690
11547798
10975213
10977752
10975891
10971663
10975770
11114227
11384747
12175830
12171506
12178875
12176078
12168872
12179498
11748786
10977011
10977470
10973299
11382270
10983069
10975660
11019017
10976108
10967119
10969107
10978595
10974329
10972075
10969111
10974360
10971717
10974343
10973109
10971125
10973376
11357746
10975489
11129759
10968151
10972515
10973761
10965171
10974509
10970145
10972511
10973881
10970008
10970563
11102051
10972877
10969752
10970652
11587032
12174567
12180962
12174507
12178238
12173047
12176498
12176974
12176110
12174018
12175449
12179631
12175841
12175527
12182401
12173586
12178817
12173385
12176959
12172599
12175512
12175934
12177291
12175213
12172545
12174898
12176377
12168263
12179499
12174427
12174640
12176234
12176636
12178942
12178848
12173002
12175439
12184177
12175326
12186189
12169643
12176862
12160603
12164174
12158951
12165815
12167179
12161647
12164362
12161236
12165714
12163037
12167489
12158830
12166871
12169044
12163901
12461110
12173909
12172370
12167914
12174140
12173362
12168682
12167092
12171568
12170543
12171654
12178600
12171888
12171035
12175290
12170557
12173089
12455417
12161970
12162392
12165182
12161492
12163866
12165764
12162155
12159392
12170052
12162096
12160767
12165368
12166572
12163121
12214890
10984389
10983595
10979340
11502364
12164138
12175151
12173800
12175124
12171073
12175695
12167876
12178676
12170784
12173938
12171516
12171939
12170981
12178958
12167315
12172019
12177462
12178788
12171550
12179807
12174303
12173977
12174633
12174283
12178263
12175924
12174964
12174143
12176655
12176500
12436613
12174989
12182566
12180048
12176257
12180174
12178524
12173060
12178959
12174500
12179148
12179612
12181450
12181935
12183116
12174348
15583278
15588250
15592647
15229917
12180568
12179966
12183327
12178989
12175233
12172052
12172388
12173586
12174298
12172784
12170522
12180008
12174116
14617997
15585659
15590589
13413192
12169655
12168282
12170979
12175670
12175207
12165695
12598600
12171835
12167843
12178539
12443578
11240943
10978668
10985098
10981431
10980296
10976459
11372084
10967417
10976301
10980208
11800458
10979075
10978623
11861620
12166422
12162051
12163112
12159891
12167598
12159302
12159366
12162233
10967843
10970625
10963909
10972443
10972261
11305247
12161745
12161094
12161638
12159816
12162191
12163870
12159262
12164455
12166247
12167864
12161172
12162879
12160233
12163295
12162483
12160857
12164327
12166675
12162470
12163310
12171617
12161881
12159284
12167542
12158474
12169163
12163941
12161215
12161349
12445869
12218089
12176792
12178105
12172623
12176753
12176651
12176954
12172557
12173192
12180078
10990787
10974962
11128777
10989348
10991627
10991159
10992067
10988018
11123260
10995935
10978852
10994090
10993204
10985999
10998669
10986968
10976091
10989839
10990473
10980094
10989933
10987356
10983652
11135532
10987783
10990035
10990671
10991455
10991331
10998205
10994121
10988801
10989319
10997471
10991434
10990734
10992917
10989454
11133355
10983016
10991363
10988103
10978538
10985297
10987465
10989608
10984097
10991315
10986368
10989043
10986860
10989024
10993839
10984762
11137003
10998798
10995313
11129554
10985176
10986104
10981273
10983308
10995217
10978985
10988518
10987589
10984840
11312899
10990040
11131187
11003550
10999907
10989770
11003503
11001718
10997910
11013068
10999312
10989417
10995651
11000827
10998948
11001746
11000556
11132590
10987211
10985867
10977310
10988836
10986357
10977675
10988147
10987030
10983804
10989176
10992269
10977706
10988021
10983034
10980818
15601159
15595226
15605112
15594754
15580287
15577884
15584129
15590242
15588451
15588372
15590419
15587329
15597421
15587804
14932398
12451166
12995440
12454646
12177927
12175877
12174486
12188313
12186347
12182521
12179835
12178371
12457219
12459694
12177131
12178461
12181240
12182108
12174126
12175198
12176066
12182595
12183365
12174696
12196004
12178908
12172960
12181123
12179060
12177158
12192843
12175515
12177052
12174924
12185576
12176456
12178950
12175323
12177189
12174248
12179849
12173293
12180633
12180224
12179394
12182175
12188163
12178781
12175170
12182499
12179679
16196480
12204368
12202446
12203006
12199226
12199110
12199349
15494945
12200775
12207050
12199525
12202403
12199431
12201250
12710692
12199296
12211365
12207696
11009019
11004434
11016976
11016270
11017383
11014974
11010521
11004572
11150050
11012467
11002916
11005579
11463657
11009352
11010056
11000547
11004615
12211895
12214979
12203770
12207474
12701887
12207078
12207347
12202832
12206827
12210834
12199168
12702585
12209760
12208036
12201674
12203325
12470729
12211100
12720005
12207463
12199615
12204794
12205038
12204512
12204949
12215061
12697634
12212008
12198716
12203315
12201574
12205092
12199724
12699814
12200123
12213322
12209919
12200312
12208583
12209838
12709452
12206367
12201942
12206024
12212880
12199769
12197879
12206683
12202285
12209467
12200182
12212720
12208799
12216263
12212473
12724959
12215452
12211775
12209959
12215090
12570543
12219602
12715868
12226596
12228791
12224285
12213496
12212826
12227895
12702081
12216792
12212699
12210008
12210059
12213328
12208431
12209594
12709407
12215211
12207559
12215611
12207172
12209271
12237909
12716039
12210990
12209392
12218059
12204820
12208761
12204645
12714496
12213775
12209494
12220726
12212151
12215780
12211883
12208116
12210006
12215652
12207753
12218938
12212018
12210944
12207591
12714741
12206477
12207441
12218606
12207221
12204316
12202802
12707696
12837211
12217271
12206342
12214356
12214476
12210700
12712557
12372244
12218873
12214910
12220075
12215921
12746021
12717639
12217108
12209495
12213024
12213515
12207358
12210749
12214026
12711261
12211550
12214994
12211931
12207942
12211189
12205510
12705693
12213045
12210583
12210151
12205869
12208065
12207260
12698516
12209185
12210000
12212544
12208888
12207810
12205653
12208387
12211005
12557248
12214573
12206327
12204444
12206326
12433906
12710273
12485615
12203281
12195957
12197854
12201507
12203055
12702605
12197790
12204498
12197933
12198071
12198556
12203599
12695789
12200034
12203980
12214279
12199416
12198219
12196051
12202421
12701937
12204881
12197838
12202410
12199202
12201346
12199164
12705727
12203166
12205266
12196536
12206716
12198626
12197396
12202768
12201333
12202928
12204135
12205929
12696881
12199663
12227159
12205003
12199775
12204028
12198883
12715110
12200951
12203308
12210193
12204811
12203257
12211935
12700494
12203313
12208144
12201409
12204028
12207778
12206335
12201600
12706154
12201618
12196564
12205735
12205120
12202995
12207863
12702667
12203580
12204671
12206536
12196113
12207490
12201561
12700348
12200263
12200837
12205015
12204444
12203730
12199214
12201231
12205133
12204535
12201522
12202781
12201648
12197624
12202360
12699095
12204235
12198958
12198995
12198186
12199617
12197122
12719423
12203397
12200415
12204458
12207312
12547760
12202528
12691102
12201698
12204860
12200253
12198612
12196595
12221111
12201280
12704904
12202395
12225932
12199921
12204521
12207433
12201944
12720013
12204851
12220843
12370421
12201414
12196947
12199942
12700726
12211839
11808963
11007375
10997605
11005969
11009056
11000544
12205712
12216490
12211346
12211448
12213985
12217315
12714337
12214539
12206899
12491054
12210545
12212072
12206479
12708016
12206530
12209250
12217785
12209180
12203182
12208750
12716807
12209372
12217373
12202865
12211065
12209418
12213445
12208119
12716412
12213148
12212793
12211948
12208937
12207664
12210464
12717967
12227805
12211822
12206689
12209035
12211874
12207883
12703163
12208637
12207002
12217508
12209472
12210012
12669034
12210504
12212342
12205755
12204233
12206693
12218102
12208224
12207275
12715537
12206963
12211816
12213414
12210581
12207614
12207665
12709393
12215033
12209009
12207658
12211343
12211376
12208819
12716576
12212947
12204512
12212706
12207027
12210527
12210389
12220655
12712650
12561885
12208528
12205359
12215292
12208203
12211112
12714933
12223496
12209688
12211238
12223304
12225314
12230018
12734632
12227090
12234026
12216110
12223812
12239740
12226066
15630123
15626491
15634741
15628823
15632370
15635484
15622610
16049432
15624482
15634499
16253595
15630093
15655261
15629703
15630563
15624365
16254229
15628779
15631356
15636191
15633397
15630910
16265893
15634604
15628583
15631861
15632104
16252020
15625165
15626270
15623161
15641123
15623185
16261972
15628021
15629141
15628635
15626871
15628051
16253934
15634370
15629222
15627267
15625012
15636034
15633669
15627359
15630585
15626120
15626297
16241982
15636278
15632500
15619611
15631002
15618502
16257115
15624788
15634866
15628854
16039032
15627318
16266158
15635126
15629778
15638283
15654532
16252460
15625320
15622133
15627389
15640957
15622906
16255752
15634156
15628348
15625130
15629218
15637925
16255032
15628260
15629491
15633370
15626517
15630125
15642173
15628287
15629230
15625435
15626887
16256467
15624035
15634382
15630587
15632090
15625728
16251935
15617640
15625124
13016813
12208266
12198332
12201355
12196005
12199971
12205206
24279896
18152611
18160129
18165173
18160805
18911592
18159767
12160366
12158684
12157868
12163225
12165344
15588033
15577776
15576676
15572365
15575552
16198717
15576072
14874583
12443441
12173054
12175448
12175765
12664697
12169710
12168969
12444630
12167197
12171711
11751842
11105333
11242535
11199675
11221786
11244223
11245724
11235420
11229460
11697405
11248955
11199347
11240765
11152114
11233370
11237699
11340625
11695204
11323544
11249448
11240877
11263016
11243070
11188091
11241821
11697825
11240055
11209158
11231612
11246536
11218140
11246278
11190147
11865719
11288393
11250296
11245725
11157258
10969656
10972596
10978891
11428089
11105705
10971624
10973807
10977444
10981833
10969955
10975427
11442958
10971450
10974164
10972123
11126666
11019906
10966382
10957881
11544737
11090639
10961290
11101655
10970632
10978146
10978707
12171806
12674180
12462785
12187129
12165801
12167219
12429953
12151334
12651929
12150083
12153081
12152645
12157385
12160047
12163881
12161812
12168538
12170916
12173174
12164963
12265710
12164297
12163851
12668763
12164534
12165372
12168218
12165713
12170293
12756615
12681464
12167459
12177833
12169100
12169887
12167037
12173469
12660853
12179791
12172074
12168719
12163908
12167677
12480374
12164845
12678541
12172883
12169661
12173954
12171262
12166673
12171568
12663102
12164557
12170661
12166540
12165980
12479598
12175020
12717593
12166727
12449988
12170567
12438813
12158140
12156812
12156830
12163669
12154734
12161212
12441911
12278601
12169975
12170713
12672172
12180607
12166870
12169163
12209000
12168639
12169335
12677143
12170477
12169252
12480252
12171855
12164198
12200460
12660003
12165539
12162754
12160110
12165753
12165793
12162932
12176535
12680593
12176224
12485681
12186118
15688604
15581520
15582157
16216479
15580442
15580400
15567091
15579928
15578506
16231050
15603443
15606434
15594409
15596631
15602243
16231411
15601742
15590198
15596940
15593008
15595857
15608536
15594015
15618616
15598447
15596346
16220381
15606651
15599581
15584116
15585795
15586076
16233657
15588858
15589333
15588754
15555573
13003058
13248508
12712074
12719746
12715642
12720476
12766494
12718453
13415626
12728088
12714526
12714187
12753699
12761776
12713289
13447490
12820888
12717953
12707536
12714657
12714278
12272415
12712813
12180142
12188753
12455275
12186093
12183004
12174068
12961234
12175785
12508553
12172247
12168791
12167631
12164441
12172589
12174864
12158728
11754555
11251466
11243720
11190451
11252014
11702005
11243081
11198309
11231079
11243812
11148232
11238739
11192455
11693790
11236421
11473369
11238278
11156366
11236764
11205384
11237475
11827045
11306997
10963047
15584567
15592487
15583778
15579609
16218487
15585251
15587263
15589154
15596144
15589815
16269363
15589974
15602711
15591619
15583057
15591497
15589963
15589103
15584144
15578809
15584936
16246556
15603608
15586999
15581315
15581962
15588120
16246480
15589341
15588901
15586936
15587160
15585730
16250929
15587144
15590647
15587636
15584028
15585799
15593515
15582016
15589391
15590369
15584808
16238794
15577536
15583863
15584176
15589919
15588637
16241448
15579736
15579274
15582888
15583710
15586106
16259992
15589096
15587384
15580762
13628079
12161197
12734209
12159360
12160744
12153662
12161252
12162402
12157124
12765883
12162471
12158900
12161933
12156651
12162818
12155513
12738842
12160204
12159891
12161282
12159434
12155927
12161613
12159153
12744302
12156748
12155304
12151327
12157824
12151830
12157579
12750905
12156175
12151351
12154939
12154788
12156223
12158769
12846017
12157609
12717915
12701519
12707774
12702046
12699921
12922055
13745963
12718371
12791798
12707781
12716207
12711214
12164708
12961231
12161990
12161513
12168389
12164721
12443877
12711395
13434684
12714024
12858149
12715864
12710085
12940956
12482624
13526301
12704486
12712014
13098076
12601052
12159829
12159755
13104819
12430200
12154152
12970141
12799845
12165978
12171905
12444624
12171321
12170665
12173459
12168445
12166337
12173052
12172073
13319765
21141331
18259631
18285704
18341325
18310524
17244478
11156247
11507192
11096190
11191488
11435741
11033399
11008084
11012215
11014596
11010926
11007582
11010087
11462009
11014709
11011492
11015255
11012709
11014576
11016498
11013794
11456788
11014738
11021161
11012145
11012291
11010019
11001948
11015595
11463871
11007972
11015284
11010689
11009086
11012069
11020056
11013859
11467170
11005935
11010097
11010648
11007642
11094434
11001797
11002658
12179741
12182244
12184490
12187876
12179577
12671726
12186546
12179522
12183068
12178368
12180966
12185345
12668753
12181403
12183285
12184637
12178953
12184412
12182411
12179683
12678946
12183271
12182349
12178313
11513554
10975057
11497946
12683821
12172719
12172246
12174901
12177899
12171304
12175120
12171713
12174440
12171415
12171506
12170046
12179857
12179175
12288334
11433047
10982885
10978671
10986311
10978417
10975161
10983848
10982953
11422632
10987701
10981009
10977375
10980527
10979319
10971844
10984444
11435924
10981482
11364986
10984665
10976231
11115112
10977410
10984477
11433163
10979200
10981318
10986185
10982076
10981524
10976445
10979679
11430021
10988723
10983468
11363659
10989147
10987368
10994180
10992929
11444365
10992481
10990540
10993225
10995379
10994436
10995773
10997565
11440382
10999156
10993610
10984138
10994409
10993778
10986054
10995638
11445975
10984643
12181979
12181418
12182465
12178860
12181247
12181069
12688201
12568269
12186848
12177785
12179147
12185780
12181368
12176474
12681488
12184911
12178995
12179734
12182549
12174182
12183039
12677429
12179791
12184858
12180585
12176229
12184938
12177292
12678059
12179881
12448642
12172702
12181473
12177905
12185442
12175373
12177659
12170870
12173149
12178687
12220503
12512337
12434963
12950588
12454541
12183341
12184110
12009795
10979660
10985610
11433908
10974665
10981398
10984309
10973021
10983699
10974664
10981229
11455608
10989963
10977387
10980847
10978838
10977152
10982979
10980458
11848958
10990749
10987557
10986658
10990934
10985482
10992107
10997229
10984099
10990084
10991292
10981025
11004837
10992078
10987894
10994546
10992522
11380486
10989279
10976744
10978153
10979584
10978419
10982304
10978251
10985472
10979619
10976004
10977211
10979016
10978269
10980361
10983577
11437523
12674938
12172802
12171251
12171669
12174260
12380610
12181855
12186259
12179854
12182698
12183104
12179986
12178646
12180216
12181378
12706391
12179135
12177752
12179902
12180628
12178706
12182164
12697335
12184411
12184596
12182614
12181977
12180480
12412661
12190686
12187657
12179882
12187733
12193773
12186478
12183164
12183750
12691811
12188962
12194595
12186420
12187524
12179713
12185775
12691361
12182154
12461655
12171773
12171571
12180681
12180808
12688885
12173442
12176086
12173950
12176615
12178636
12176584
12174660
12691011
12171453
12175705
12175734
11861130
10984341
10982803
11439413
10983879
10990851
10978586
10988971
10985861
10974547
10984954
11436646
10983923
10986369
10989817
10982568
10988452
11355028
10975634
11446299
10988589
10979429
10979574
10983196
10985433
10985835
10983317
10976887
10986638
10979842
10982614
10981653
10978692
10985294
10985810
10979674
10984169
12169391
12179099
12174392
12702938
12597335
12190790
12183108
12185076
12183426
12189234
12705051
12186169
12182716
12188117
12182766
12187706
12186771
12186023
12726194
12182768
12183178
12183450
12186529
12189307
12180233
12723719
12182448
12189225
12189178
12493683
12175338
12174244
12702771
12179329
12167826
12177381
12448898
12180011
12725610
12452250
12734696
12183395
12180929
12183924
12189444
12185625
11831937
11459633
10979796
10977516
10979909
10984543
10977751
10981233
10978739
11464584
10982939
10970127
10976076
10981374
10982333
10975893
10982334
11657861
10987807
11385306
10976811
10984287
10986449
10971686
10980250
11512128
10985866
10979833
11182842
10986649
10986373
10990533
10988733
11523733
10985355
10982563
11370773
10974425
10978959
10981275
10977655
11524209
10981666
10982566
10979229
10985309
10980335
10982638
10982068
11517739
10983297
10981712
10980401
10979164
12193946
12184331
12180428
12921076
12182858
12176324
12181155
12181442
12180130
12185734
12922772
12179932
12181628
12187077
12174075
12177646
12173023
12177226
12930951
12177620
12180397
12174980
12176275
12173473
12441063
12918749
12306043
10979532
10977194
10976738
10976699
10981557
10983027
11710833
10975432
10974576
10977625
10979581
10973488
10979127
10976617
11750252
10973967
10979234
10970572
11388497
10975326
10978850
10976045
11737111
10984337
10974230
10974126
10978456
10978635
10978230
10979031
11857171
10976846
10982384
10977172
10976499
11122290
11247880
11525209
11901702
10981383
10980943
10978630
10983094
10977431
10979255
11111397
11954477
11000819
10980650
10985576
10983834
10981981
10981139
10983928
11838510
10983013
10990408
10988836
10982744
10990897
10987657
10978406
14136691
10989866
10989770
10982113
10987936
10986798
10983434
10988213
14259784
10978718
10976692
12736139
12714677
12724696
12715389
12707269
12714278
12863645
12715015
12720163
12716964
12712302
16184159
12831680
12719392
12713720
12714238
12720788
12804527
16215541
12715369
12714083
12447179
12167713
12176441
12454273
15624746
12186500
12183864
12178039
12192684
11423978
11250126
14275734
11504150
11113697
10983856
10981191
10985527
10982819
10982385
14132300
10982909
11380081
10980752
10981277
10983472
10979813
10976892
14151359
10979715
10978359
10976092
10980338
10981907
10972482
10980467
14153483
10981714
10975170
10981039
10984691
10992956
10991216
10998633
14177538
10990313
10990397
10983187
10991029
10995107
10992788
10990341
14171823
10988286
10993878
10992638
10987724
11356232
10988114
10981604
10986634
10995446
10991900
10990563
10994307
10993870
10985469
14359349
10992249
10992432
10993550
10995301
10991121
10992872
10989330
14614090
10990411
10989491
10989604
10986284
12172851
12171637
12173490
12171313
12171752
12170255
12167525
12168724
12174329
12172937
12171495
12176034
12169829
15384846
12178205
12172149
12169872
12172557
12171731
12166262
12181465
12169822
12172993
12174057
11918840
10981156
10987493
10986861
10992961
10985525
10989963
10984121
10982905
10986451
10983523
10983818
10990982
10984637
10982302
10989592
10985714
10980363
10992406
14323527
10980022
10983572
10978725
10985478
10975495
10979463
10979196
10976355
10980089
10980629
10980928
10982156
10977544
10980271
13905866
10984885
10987232
10973868
11374870
10991327
10991140
10989582
10991549
10994985
10991252
10997411
10988607
10991681
10993238
10990837
14009014
10999470
10987873
10991630
11357410
10971814
10979408
10981101
10974359
10980719
10981413
10977853
10981266
10981292
10972848
14113723
10976543
10978248
10973892
10988769
10991053
10986251
10984991
10988766
10983684
10987434
15662847
12193532
12186247
12183658
12181688
12180234
12182391
12186558
12183179
12188355
12186460
12184006
12180251
12183851
15635000
12188220
12457738
12177494
12185008
12179922
12396401
10991284
10989640
10988244
11117507
11236133
11117652
11110366
11508031
10992446
10979359
10986366
10984484
10977494
10985425
10984371
10982638
10986090
10982605
11354550
10981329
10978835
10978705
10981052
14290229
10985523
10984685
10975869
10983981
10979637
10983063
11114081
10985404
10985281
10990687
10981300
10993030
10984558
11373260
14405971
10992960
10977015
10988160
10993612
10981492
10990010
10993579
10979956
10987335
10989009
10979977
10988862
10987694
10985366
10986340
15186829
10976734
10977775
10981227
10975933
10980041
10978846
10977505
10978052
10988845
10973719
10982938
10977052
10982482
11111861
10985422
10976554
10976918
10977730
10978123
10979359
10979514
10977992
10979639
10980743
12187352
12182674
12178855
12183529
12184658
12182756
12181692
12186257
12179855
12186920
12183736
12178643
12178776
15419149
12179666
12186483
12180208
12193283
12202749
12451096
12181417
12180961
12183764
12180891
12181636
12188256
11495070
13904190
10974093
10982062
10979567
10978993
10981127
10982670
10977707
10987068
10983365
10974857
10979164
10978234
10976423
10981739
13906427
10988752
10974936
10990040
10985634
10981095
10989280
10991612
10982925
10989590
10992598
10981933
10994545
10992850
10979750
10987465
13929575
10992175
10990160
10993562
10989083
10995683
10996014
10989761
10995376
10992170
10993718
10990447
10989092
10988081
10992918
13927354
10990259
10984262
10992179
10990372
10994563
10989660
11357660
10982432
10995096
10985071
10980220
10987585
10987279
10977752
13909675
10988059
10989886
10978425
10990690
10992164
10980632
10984791
10990129
10985596
10989617
10985009
12177520
12185307
15399389
12176398
12175196
12176678
12172961
12174600
12173231
12178303
12173504
12172811
12173780
14134181
12720595
12173383
12175629
12176137
12171367
12177949
12174479
12173459
12176639
12168239
12450279
12465796
12176055
12453183
12459600
16221728
12187836
12187051
12178356
12180821
12181567
12182799
12181310
12185064
12182280
12183668
12181790
12130758
10982038
10985637
10982475
10983321
10990760
10978709
10986722
10989943
10987889
10987744
10989630
10986774
10983609
10990833
10982107
10987178
10986358
13916265
11381818
10983232
11179953
10980057
10982898
10987924
10981924
10981955
10979196
10979297
10977902
10977249
10984018
10980582
13923791
10983162
11066703
10981965
10971979
10977261
11117230
10981087
10979642
10977963
10973412
10980568
10986566
10972435
10981530
10982990
13921943
10978023
10984324
10979701
10971972
10983862
10982352
10977430
10981502
10982432
15581370
15578077
15581766
15576553
20188380
15584816
15582297
15586420
15588406
15577134
15575721
15576156
15579027
15578264
15577447
15586294
15584823
15582386
15515712
12179837
12180538
12178852
12182117
16471538
12179510
12179044
12177193
12174699
12181507
12173946
12178057
12183610
12181652
12178274
12187462
12187817
12174258
12167953
12173397
12173486
12177705
12171553
12173316
12169095
12175099
12168196
12174567
12177082
12176782
12173754
12177993
12175359
12169664
11348176
10981692
10988536
10980131
10979843
10981245
10980115
13903945
10978041
10983310
10977021
10978079
10982762
10977115
10987579
10979215
11347265
10977692
10984290
10973366
10977633
10980074
10975277
10975490
10977377
10976681
10979640
10976775
10977880
10970368
10981214
10979184
10973479
10991201
10986435
10974738
10981885
10983839
13898561
10977164
10979402
10978516
10986889
10976514
10978380
10972602
10986322
15584254
15584208
15587044
15585469
15583468
15588733
15575606
15580001
15586552
15578677
15587485
15586721
15574757
15585788
15584165
15580006
15576113
19700492
14221213
12442173
12182144
12977381
12185037
12182388
12185058
12180887
12184778
12179405
12188013
12186846
12181175
12185298
12184188
12188065
12183849
12322823
10991806
10983765
10986026
13902378
11004259
10986903
11115264
10981977
10982965
10978166
10978586
10989907
10978956
10981000
10979076
10971275
10985995
10981519
11537284
10993679
10993634
10986188
10987608
10990287
10992619
10991560
10995507
10988444
10986121
10991160
10991016
10982095
10997610
10989000
13927468
10980692
10979822
10971914
10985535
10979202
10979479
10978601
10983540
10980759
11123935
10983145
10979030
10983213
10981354
14081430
10974585
10977539
10980296
10976968
10979252
10983977
10977309
10982948
10981619
10979952
10976921
10982300
10978878
10985489
12179863
12180059
12180189
12184603
12173536
15680157
12179917
12183096
12179296
12178940
12176955
12444900
12178139
12189306
12180684
12178722
12178855
12178971
12177630
15624430
12185662
12181518
11553340
10985583
10981728
10989268
10986389
10984884
10986266
10988367
10983958
10991730
10985602
10987361
14171363
10992774
10986722
10989009
10988798
10984576
10990532
11391366
10974874
10978385
10981822
10975040
10980625
10984556
11366191
14169414
10985335
10985312
10979430
10978746
10981584
10977477
10977277
10983794
11178597
10978211
11392101
10986597
10987218
10983363
10990743
14349259
10995450
10974785
10990619
10991997
10985541
10986122
10989079
10981577
10988782
10985459
11363102
10988473
10994735
10982714
14608266
10994261
10980145
11119518
10983819
10975545
10978806
10979117
10985581
10979959
10982444
10974302
10985360
10981650
10977352
15260307
10986575
10977496
10979812
10984108
15596034
15579186
15582087
15583546
15579341
15584129
15582313
19700012
15579011
15581909
15581667
15573086
15592293
15577935
15575762
15583333
15576704
15585387
15579212
15584856
15586469
15587022
15583438
15580793
12454132
15686189
11536570
11120978
10980029
10984284
10981841
10973795
10980986
10984955
10973865
10983379
10982180
10974503
10978200
10984679
13895370
10983272
10983196
10981719
10972592
10988356
10990094
10991338
10992033
10993793
10990482
10992449
10987822
10986116
11134773
10988215
10995852
10981184
10989084
10986356
10980643
10996163
10980478
10981622
10987341
10982347
10988625
10989604
10985328
10979798
10986175
13913820
10993708
10987181
10984251
10990471
10988147
10981953
10985005
10986512
11355740
10989750
10995369
10991983
10985859
10995828
13928990
10993850
10995306
10990661
10988922
10994652
10994202
10993656
10996711
10992117
10995380
10986590
10987784
10988829
12191454
12182325
12190789
12190546
12185259
12186675
15412394
12180271
12186230
12193426
12182137
12186849
12193875
14129795
12972528
12980414
12183155
12189310
12182602
12179774
12191245
12182606
12182528
12189785
12181549
12179202
12184830
12186969
12182375
12182081
11862905
10978012
10986966
10980626
13894635
10984568
10977345
10977930
10979149
10978664
10977801
10985825
10980951
10977461
10985916
10977335
10978706
10975913
10980315
14327338
10989227
10988887
10989966
10988610
10989234
10988410
10991408
10988211
10989428
10984294
10990499
10989794
10986487
10995852
10989855
11003574
10986090
10985586
11361480
10981331
10990903
10990418
10983828
10993334
10992749
10986263
11004716
10988565
10988114
10989189
13917157
10996695
10990834
10988883
11362001
10983511
10989704
10995797
10987352
10993655
10989978
10983110
10986860
10992648
10985699
13925696
10994990
10993007
10987852
10994325
12190495
12177103
12181799
12180147
12177472
12181838
12178038
12184973
15527083
12181044
12178043
12181008
12178685
12178919
12182402
12453730
12180207
12181420
12177582
12169890
12170780
12175644
15695046
12174645
12728686
12443383
12505946
12448171
12445870
12172196
12170827
12168481
12170398
12171312
12177556
12169848
16178174
12174421
12170945
12183316
12172859
12169683
12173653
12173825
12174647
11751098
10985848
11118492
10978060
10981469
13300972
10982966
10980411
10981990
10983855
10976458
10982816
10979975
10974128
11005375
10982009
10974123
10981000
10983978
11355865
13893286
11004308
10999895
11002801
11007496
11006017
11009081
11005063
11006985
10999359
11009310
11001680
11003593
11015902
11004009
11009133
13943568
11002760
10998391
11003631
11138487
11002893
11013430
11008370
11003283
11019491
11010218
11006837
11013484
11007641
11003916
13929995
11004785
11010865
11009239
12199420
12199559
12202064
12202972
12200909
12199234
12202139
12196338
12198489
12196660
12191733
12197778
12200856
12201711
12199168
12203763
15431655
12196190
12200109
12198865
12197834
12201964
12194247
12198042
12202945
12199131
12196980
12201371
12205794
12196659
15426139
12192892
12478945
12204846
12204048
12205378
12213315
12205367
12205131
12209137
12202217
12206841
12210502
12203186
15419572
12207496
12202734
12201115
12209017
12486744
12195884
12202539
12197480
12198970
12199888
12198015
12195681
12199953
15430053
12196637
12198930
12192390
12206395
12200055
12198918
12204349
12340754
10999794
11004328
11016727
11004945
11005286
11002625
11011057
11001443
11005943
11009566
11000058
11004014
11005722
11003139
11001406
11005638
11394701
11014110
11146204
11004266
11002623
13919259
11001452
11004779
11004644
10999974
11006276
11001281
10997805
11003534
11008394
10999918
11004749
15611509
15617601
15607768
15610465
15614620
15616650
15620161
15615251
15616221
15617886
19724021
15622452
15614540
15616821
15616988
15610505
15614429
15626403
15623892
15621872
14457804
12208415
12211989
12206210
12485037
12223463
12217573
12217726
12221007
12222574
12216258
12212405
12218599
12223390
12221297
12207634
12216067
12221151
12227363
12221636
12216666
11827045
11012110
11018185
11006472
11012652
11014676
11006500
11006118
11011233
11009292
11012649
11220259
11007405
11005903
11008922
11006923
11016093
11010905
14137822
11072626
11018780
11023589
11019746
11032842
11013195
11021505
11018046
11010124
11025303
11031969
11015164
11018091
11019190
14167266
11004422
11403700
11020922
11030560
11021351
11028054
11024290
11024669
11019861
11017012
11025960
11017972
11021328
11021102
11013015
11018162
11028299
11023422
11015217
11026192
11033167
11015935
11022319
11021360
11012096
15661509
12208845
12214463
12210411
12216353
12204597
12210089
12212193
12209148
12214987
12212149
12209831
12207439
12220045
15827266
12214865
12213694
12221042
12212113
12217869
12218061
12206529
12207607
12209180
12205797
12207510
12216793
12215159
15979433
12210690
12213428
12220154
11741130
11017265
11011036
11015115
11019638
11025807
11022045
11015835
11015169
11016897
11017298
15010832
11013758
11015595
11024482
11010695
11011560
11015785
11020269
11418452
10999069
11009231
11004766
10996843
11014065
11017316
15816722
11009015
11144116
11014717
11009714
10997816
11010281
11020075
11001018
11005310
11006827
11006479
11011984
11008749
11011585
11003788
11014034
11002980
11015127
11008167
11005814
11008463
11006365
11004378
11005574
14735487
11004605
11007894
11400166
11005843
11007104
11006048
11000769
11014887
11005862
10998915
11007729
11007723
11010163
11003887
13921705
11008285
12369871
12219042
12216137
12225635
12226045
12213760
12216324
12214803
12207109
14513184
13017104
13014656
15428484
12210902
12489485
12220751
12210201
12205993
12210620
12210566
12216259
12493305
12201387
12714030
12481280
12754838
15419991
12208480
12203454
12192408
12197877
12480285
12200471
12195398
12201844
12196993
12201869
12203214
12200903
12197528
15416720
12204537
12198010
12199236
12194349
12204377
12200425
12202095
11699983
11014427
11007447
11016703
11012889
11014298
13933150
11026212
11012719
11083098
11000666
11006821
10998245
11003152
11002418
10999365
11004312
11004662
10998275
11414972
11011606
13925860
11012787
11011091
11004164
11011896
11011766
11101767
11018610
11024514
11018900
11020935
11021782
11013109
11023368
11427564
11012935
13933641
11010244
11001499
11001806
11005928
11004702
11002585
11004378
11005756
11007421
11006343
11004242
11001865
11002451
11009555
12202911
12200308
12209481
12207996
12200536
12198661
12198393
12210609
12202437
12198592
12206101
12200098
12200039
12196880
12197457
12195143
12203460
12469540
12197700
12200238
12199069
12201469
15429656
12201655
12200192
12198565
12208647
12203191
12201452
12202948
12199729
12200050
12200432
12199147
12205422
12197737
11711357
11004317
11001394
11003695
11008176
11002997
11006106
11004705
10994876
11006306
11005905
11006132
11005179
11005539
11002846
13941210
11088368
11007716
11002452
11416114
11005605
10995488
11001004
11000923
10999533
11001714
11006756
11026580
11015015
11003664
13974061
11002100
11001402
11000288
11002245
11006099
11144965
11007275
11397208
11013754
11014881
11023362
11013926
11019861
11012236
11008125
11007001
11023813
11010635
11012587
11016435
11013695
11009450
11012500
11389084
11009681
11008874
11007824
11011222
11005678
11001576
14132642
11015159
11016057
12223201
15442765
12232457
12231260
12228160
12219826
12216923
12230379
12213808
12222558
12218772
12225299
12227506
12224691
12225163
15445032
12216713
12226110
12217729
12215568
12216290
12222788
12221641
12230622
12225719
12226133
12230576
12229732
12227031
16002311
12495068
12773656
12215882
12215588
12210847
12218181
12218089
12220468
12213946
12494460
12213721
12217588
12206041
15451663
12211674
12211677
12211302
12212626
12210455
12215985
12221000
12215332
12216930
12215546
12210971
12211459
12272630
13934035
11021892
11023119
11024028
11019000
11013585
11045547
11013585
11014063
11020766
11021429
11017764
11022495
11016816
11017270
13943421
11020238
11021948
11422776
11022754
11025131
11016040
11019500
11017355
11023643
11015352
11017452
11024096
11023375
11014139
13950686
11019780
11019505
11013588
11219729
11017629
11010236
11014706
11012367
11012485
11010446
11006791
10998803
12199611
12196636
15425109
12203430
12197108
12206569
12193989
12197076
12199617
12196439
12196952
12200836
12195627
12198718
12198299
12196395
15429060
12199175
12194792
12200521
12209234
12200220
12198814
12204230
12198474
12199987
12200255
12198292
12196946
12198726
15435026
12197543
12199470
12202732
12196130
12196726
12198737
12206215
12195456
12197408
12197168
12196933
12204534
12198046
15427559
12197643
12199628
12200376
12198343
12200996
12474635
12202455
12199139
12194711
12200011
12203795
12193881
12201823
15424458
12198700
12197729
12195681
12194971
12204331
12203885
12199753
12204105
12487677
12204043
12207951
12207785
12206764
15430586
12214465
12206445
12206665
12203654
12204973
12207061
12204172
12211266
12206931
12216990
12207313
12033975
11001736
13921015
11005247
11004530
11005025
11002029
11006133
10996127
11005333
11004222
10994381
11008481
11006684
11005123
11002467
15627034
15633996
15622244
15617517
15618752
15626275
15627193
15619007
15634342
19724773
15623817
15627922
15623582
15616457
15629363
15626501
15632755
15624173
15639034
15617903
12197795
12209957
12197658
12203514
12199614
12193528
12200360
12500442
11464486
14082299
11110223
12425381
11012202
11020287
11012671
11003932
11014358
11015036
11009222
11013436
11014781
11013634
11399846
11010620
13945487
11013086
11005317
11011140
11015683
11009037
11012214
11012647
11008495
11010432
11150013
11013494
11005658
11014921
11014505
14138723
11012979
11411614
11007339
11008398
11011678
11014918
11012598
11010497
11016071
11010770
11012879
11010653
11010732
11014655
11010123
11011782
11009983
11010405
11001989
11009609
11380132
10995084
11003246
11002941
11001047
11007932
11001145
11003964
11004699
11003718
14138762
11030430
11004039
11004058
11002285
11002340
11377457
11027226
11027689
11027180
12221002
12222701
12217628
12214478
12209380
12207674
12215111
12221329
15680701
12219205
12209963
12219281
12211464
12225702
12206328
12219343
12219877
12204286
12211575
12202766
12215508
12204526
15714289
12196190
12197778
12198264
12199439
12196237
12199772
12197546
12201531
12198459
12199094
12196140
12199323
12204556
15869286
12193032
12198400
12199242
12199770
12200078
12195859
12193328
12481829
12198006
12204490
12202009
12205079
12208160
12214818
12199852
12208707
12205269
12207617
12209039
12207692
12202983
12208250
12206979
12203756
12491207
12206703
16879065
12210575
12208114
12206798
12208705
12202733
12211755
12207764
12202788
12204414
12207165
12202570
12207059
12205548
12212638
11516292
11005127
11006963
11008464
11009670
11013226
11008093
11014090
11013543
15735697
11011739
11009053
11014727
11013332
11006427
11005623
11383231
11005460
10995456
11003164
11003106
10996235
19698083
15616471
15617989
15613209
15615380
15611317
15613944
15616865
15613723
15638072
15640712
15620164
15620556
15615885
15619479
15617293
15633480
15614748
15615076
15629852
15624550
15621284
15621992
14904993
12478177
12207675
12204791
12193000
12203161
12207266
12202488
12202112
12204893
12205634
12203710
12202861
12477959
12202653
15439645
12202794
12201655
12201097
12201065
12205998
12202950
12211432
12203571
12203097
12203862
12208154
12202615
12199344
15435131
11049753
11220832
11007111
11010173
11008430
11017506
11014867
11006937
11003587
11003626
11011129
11008557
11004848
11001939
11008685
11008346
11005126
11008352
10996005
11021808
11022845
11016441
11019305
11024406
11018244
11012468
11019996
11015344
11020515
11023882
13937225
11020262
11013948
11020001
11017820
11401507
11007314
11008354
11009172
10997065
11006551
11001477
11004355
11135517
11002231
13911582
10997426
12212989
12220041
12217164
12219071
12209099
12207998
12211313
12217861
12212873
12207589
12207274
12205902
15441683
12218626
12204483
12209646
12219228
12206867
12205882
12211057
12208463
12207584
12207227
12211548
12212043
12211793
15433842
12212463
12208106
12202742
12205528
12209882
12204986
12206344
12206642
12206629
12208359
12210376
12206656
12209879
12214316
12207939
12208202
12208896
12207696
12208826
12436208
12208912
12206223
12208039
12214505
12212879
12212074
15430416
12219228
12208958
12209843
12207051
12211387
12217959
12205233
12206788
12210998
12207116
12607789
12208419
12217878
15449832
12213792
12207048
12208363
12210298
12213156
12205709
12213491
12207296
12218190
12206755
12208249
12211859
12211972
14206726
11013124
11014597
11012078
11016687
11019062
11011387
11012102
11012970
11011556
11012283
11015191
11010236
11011552
11019598
11016726
11399679
11014813
11012597
15617864
15612837
19996915
15614265
15619595
15614457
15612580
15617455
15615515
15614956
15622780
15610284
15612400
15619630
15611865
15627559
15611326
15618083
15612578
15610895
20590694
15622265
15619839
15613963
15606763
15611960
12754108
12211902
12205733
12214432
12203853
12206652
12209439
12210372
12206829
12212639
12205281
12203525
12214122
12209784
12483565
12196446
12197974
12197823
12197024
12195522
12202189
12197527
12194402
12195251
12199219
12200490
12192703
12194860
12201127
12210043
12197669
12043138
11002911
11006188
11001897
11016788
11006863
11005007
11006383
11007890
11004005
11001537
11010473
11005953
13926544
11009923
11001851
11003194
11015988
11013486
11411293
11010676
11014546
11004539
11002735
11012353
11009661
11155914
11010031
13915045
11011036
11012479
11008709
11009776
11004045
11013947
11012360
11052123
11015481
11155077
11016062
11012171
11023202
11021457
12202496
12197461
12200708
12195949
12207790
12205101
12197157
12199700
12198784
12195134
12194127
15431340
12194084
12193082
12200575
12196240
12198851
12199274
12204589
12196635
12472751
12196230
12203980
12197821
12201584
15420369
12208363
12199063
12198899
12202103
12204835
12212537
12214442
12198396
12207889
12200537
12211750
12198030
12210941
15440428
12193371
12204023
12199167
12199869
12197020
12215997
12211460
12206080
12493018
12214382
12193645
12203621
12194834
15429241
12051008
11009835
11017243
11016770
11011606
11017923
11014997
11015979
11015469
11012975
11117000
11026045
11419199
11011135
13931595
11008137
11002469
11006005
11011857
11001309
11004087
11014507
11005262
11005586
11020713
11003067
11010043
11014153
11002457
13932295
11012279
11415502
11010045
11012093
11008738
11011703
11148859
11002229
11010421
11014695
11007424
11016444
11020103
11005603
11018295
13935549
15623325
15631763
15621477
15610572
15622537
15635374
15630653
15622151
15628406
15624816
15623745
15357785
13061172
12311563
12216775
12219053
12216962
12216645
12214598
12217158
15455590
12225306
12208648
12222872
12214213
12762539
12500904
12605168
12470705
12216711
12212800
12199527
12200685
12203888
15437821
12198194
12206764
12209186
12203396
12199126
12203436
12192393
12205742
12216182
12489850
12205858
12218771
12210832
12219724
12208247
12207745
12212771
12209501
12205827
12216476
12226052
12220666
12222821
12645088
12215517
12221697
14627833
11012848
11022596
11016149
11005654
11015258
11011177
11005737
11012114
11012615
11010012
11014730
11006316
11006323
11145339
11009876
13938824
11004256
11007122
11002910
11012843
11000596
11003606
11002271
10996992
11004687
11003934
10995725
11007218
11001500
11002512
13932045
11005369
11002509
11002802
11390424
11012647
11011980
11015736
11007384
11017145
11014652
11013443
11011257
11017254
11012973
11013922
11016949
11013962
11014745
13940490
11013454
11015764
11014523
11024277
11010995
11014606
11013349
11008686
11012438
11019228
11011688
11012213
11018603
11011646
11014194
13952939
11011723
11007867
11012629
11013417
11010138
11013291
11022639
11009390
11016121
11015052
11013913
11009292
11014052
11009716
13941662
11021595
11010066
11009533
11014348
11004704
11385202
11004488
11002268
11002234
11001688
11003556
11011079
11003421
10996375
14001308
11006369
10999103
11002628
11002658
11007707
11003544
11009414
11006140
11000234
11376610
11001770
11004821
11009684
11004032
11008236
14137276
11000476
11003918
11005722
11003840
10999518
11009688
11004481
11003282
11001738
10998896
11002974
11005111
11381512
10997950
14133489
11004103
11005435
11004412
11002351
11003562
11009924
11005733
10997708
11003922
11006112
11006116
12218139
12206404
12214697
12212554
12202412
12215573
12207227
12211053
12207785
12209402
12210056
12487506
15643172
12212542
12206428
12201350
12203996
12207295
12209769
12472916
12480217
12505478
12308614
12753596
12203797
12201618
15788797
12196693
12206193
12207793
12202855
12205162
12203767
12196560
12193938
12204083
12200753
12207058
12199358
12200888
15894030
12474974
12194656
12204745
12194588
12198679
12196088
12202488
12198621
12197965
12192296
12199275
12197456
12201240
12190513
12188380
12197146
12189297
11831107
10997931
10996977
10991880
10997762
11000747
10989963
10997946
10997970
10997691
10992368
10995438
10989878
10994813
11001516
10985339
10996439
11009291
10996091
11367144
15711813
11129259
11002283
11005648
11002382
11000688
11007113
11002607
11004449
11012463
10999696
10997497
11004134
11007217
11005828
11013920
11007941
11006623
11002496
11003134
11012657
11009669
12204486
12196629
12197976
12197243
12199158
12211771
12203001
12205498
12210869
12210282
12201340
12212055
12196278
12198037
12215456
12201154
12202160
12207106
12196952
12201129
12206462
12205975
12202820
12212024
12202610
12199324
12197139
12197595
12196039
12204163
12195509
12195349
12202649
12196203
12197182
15409970
12203358
12191658
12195938
12197279
12202030
12197527
12199185
12197312
12189348
12197973
12195515
12193240
12200178
13922123
10996492
11093676
10993552
10995052
10991665
10996011
10995453
10996251
11001085
10993584
10993749
11196764
11002270
10996425
10999777
13930519
11007293
11407494
10994446
10993608
10994571
10996819
11006580
10994249
10997247
11004699
10983474
11001361
10999141
10992893
13908597
11000002
10998217
10993352
10998274
10996186
11405291
11010504
10999480
11007120
11010387
10997820
11005373
11010338
11004394
13909919
11015586
11006680
10999571
11007929
12188470
12188680
12200292
12194924
12189952
12193131
12196446
12192824
12202022
12194510
12195287
12191455
15411607
12200154
12191454
12207388
12197937
12200301
12196644
12189722
12192290
12193388
12196025
12196328
12471837
12479898
15980785
12474092
12710462
12190890
12199170
12191722
12195272
12202200
12191989
12189379
12197915
12192074
12197044
12193166
12207292
12195614
12197619
12191817
12195032
12194732
12191475
12194279
12473410
12204846
12209727
12205895
12196391
15428241
12205586
12201722
12205717
12202243
12596765
12206588
12197972
12199777
12193064
12199757
12192444
12518185
11007335
13942285
11003300
11009914
11004520
11005064
11013005
11001639
11004641
11004617
11005421
11003273
11004746
10998312
11005682
11007979
11001629
13942192
11401595
10996878
10991809
10998346
10999461
10989693
10999832
10993528
10994707
10995335
11000901
10990337
11001676
10999467
13959255
10992616
12197195
12198668
12190753
12190848
12197992
12192264
12193367
12193223
12187537
12189865
12185725
12190937
12195006
16439336
12189296
12193081
12189108
12195419
12192923
12187569
12192042
12190405
12189209
12191944
12191887
12191757
12192919
12195498
12194003
12189389
12196730
12193045
12191546
12196853
12192410
12188449
12539334
12191284
12189326
12197991
12192475
12188395
12190557
12190463
12189299
12187833
11861062
11009616
11011569
11010981
13915634
11011170
11011920
11001651
11008274
11011945
11004128
11006426
11017778
11004265
11010358
11010327
11004429
11006630
11010039
11383551
13933008
11015002
11010976
11018766
11019096
11012711
11013007
11017317
11012372
11011042
11014471
11014530
11010424
11017515
11014412
13934890
11015096
11014931
11358849
11005061
11002278
11000675
11011317
11005350
10994951
11009356
11000914
10995210
11000803
11004051
11002623
11003325
11003109
11008503
12213844
12223394
12209034
12203906
12201566
12206009
12210932
12204631
12207726
12206320
12426908
15435566
12213085
12207128
12209579
12204840
12213209
12214227
12472776
12465446
12610449
12209810
12742264
12193007
12196706
15420847
12199878
12198487
12202027
12195949
12199346
12204530
12196213
12203571
12197744
12198867
12198947
12199299
12198084
15430778
12200195
12199868
12201671
12197310
12472066
12202541
12203809
12208093
12207782
12205669
12204280
12209675
12208251
15435543
12203081
12204517
12205936
12202265
12209806
12211646
12197790
12207018
10999651
10994295
11003698
11006457
10999056
13925792
11009356
11002273
10996962
11002832
11002319
11005141
11001865
10998261
11000392
11000306
11149500
11005768
11283718
11002196
11004217
11003837
11001570
11001228
10995979
11005359
11002050
11005257
11001280
11001574
11000198
11135711
11004191
11003507
11001162
11527031
13944287
11015942
12210247
12206005
12210375
12207819
15439943
12201349
12208452
12204668
12200150
12201359
12210649
12200859
12202559
12206284
12203232
12197995
12205506
12199288
15429599
12206088
12205307
12210379
12202774
12200469
12203121
12206675
12207102
12204492
12205064
12203466
12208316
12206973
15440797
12202593
12207944
12200991
12203753
12210631
12210963
12207411
12202493
12203222
12199498
12199708
12205045
12197503
15437785
12495830
12207166
12210267
12210301
12203574
12212791
12206545
12212115
12212883
12210996
12209518
12207301
12211730
12209844
12215936
12206462
12210324
12479703
12203523
12203804
12205158
12206281
12206484
12475540
12197677
12198296
15427579
12198488
12198408
12199724
12204241
12193447
12200848
12200215
11888324
11010905
11012339
11011155
11004344
11018131
11012884
13925370
11014075
11014993
11006051
11016220
11007892
11010162
11009500
11009342
11007423
11002024
11004044
12217458
12214913
12217193
12215536
12206568
12211655
12212877
12222977
12218409
12221820
12207147
15443439
12216185
12214983
12211446
12211416
12214189
12220140
12209735
12214586
12225409
12497672
12225939
12227695
12221639
15707785
12226044
12218027
12219097
12220595
12208677
12203545
12204487
12208718
12211653
12215123
12212958
12209726
12210047
12217184
12206015
12209602
12214189
12214961
12216675
12207305
12211748
12214604
12207389
12208489
12204373
12199591
12206285
12197454
12196520
12201810
12210559
12201733
12203899
12209836
12209213
12208117
12203021
12201114
12207352
12204709
15593213
11017503
11001234
11018409
11010678
11006926
11011198
11011856
11010296
11008241
11007525
11005682
11011232
11013720
11010801
11015702
13935014
11016990
11012693
11416452
11008066
11009984
11013381
11006186
11015314
11010415
10996801
11010467
11010081
11010091
11009211
13939588
11009973
11136047
11026298
11016433
13997178
11023514
11021996
11017212
11018633
11014188
11006824
11008793
11016192
11010818
11011123
11010525
11012362
11013494
11014883
14150009
11008061
11011128
11008909
11008332
11020406
11014168
11003011
11014080
11013807
11005651
11008364
11017766
11009137
11007146
11011582
11017305
11002658
11010816
11012359
11005796
11009299
11005426
11004906
11018515
11010280
11009020
11012899
11012887
11017786
11009927
14163123
11001188
11012989
11010106
11003725
11016198
11008841
11371663
11016656
11016374
11005718
11016810
11024072
11012824
11015751
14169067
11011140
11014668
11015768
11145775
11005470
11010816
11001884
11004901
11007685
11009305
11368445
11006083
10998709
11002666
11005055
11013178
10998443
11009114
11002721
11002385
11001358
11006457
11000051
11004706
11005582
10995980
11006450
11004390
11001505
11369529
14171298
10994664
11009257
11006704
11000527
11006018
12216670
12202643
12210725
12213835
18171927
13004931
13009655
12205577
12214424
12484512
12209735
12215640
12213633
12209782
12208518
12214181
12209573
12472962
12476334
12470350
12211391
12481783
12205846
12209303
12210526
12210780
17092185
12209214
12212774
12209925
12208080
12202733
12207988
12214807
12209715
12210224
12211384
12211947
12207025
12210335
12206140
12213067
12209521
12208327
12203563
12210561
12214618
12212825
12481317
16896433
12208013
12208924
12213816
12204407
12214042
12203131
12204787
12207933
12206930
12205882
12205611
12200845
12205436
12211051
12207044
11729405
11011616
11008145
11009824
11012919
11007521
11008622
13934676
11011767
11004361
11011279
11012193
11075211
11019026
11006904
11010577
11015402
11012689
11003092
11379638
11004683
11003731
13919859
11005464
11008901
11004397
11011819
10999898
11005796
11004050
11003898
11000830
11005876
11003181
11004261
11003426
11008717
11201980
11008151
11007683
11010180
11008287
11013393
11006771
11005508
11004935
11006584
13937871
11000615
11009904
11011692
11006717
11006140
11007928
11000134
11012189
11011387
11002272
11012536
11011277
11010296
11014570
13936184
11145152
11000483
11007719
11004930
10996622
11005485
11003664
10998134
11009729
11009321
10998030
11010255
10997438
11000799
11005314
13905958
10998730
11010643
10999822
11004445
11005977
11001940
11002959
11005545
10999086
11000162
11007528
11002851
11000395
11007515
13929707
11003530
10997811
11004182
11008035
11002199
11010385
11000568
11138657
11011229
11010984
11007952
11012114
11017117
11013358
14318425
11003957
11001656
11006795
11004350
11005962
11000025
11003517
10999466
10998833
11011220
11000672
11000208
11006784
11000929
11007563
13926676
11003296
11002272
11382530
11007699
11004506
11008264
11010320
11010378
11017679
11009386
15621335
15620894
15627859
15619450
15618528
15621145
15606038
15614856
15616928
15616254
15616645
15620013
15623155
15620633
15610989
15614567
15612351
15616957
15616292
15609100
15621187
15622892
15614883
19717061
15608454
15614727
15623843
15613829
15616858
15609426
15611009
15580029
12250035
12471471
12491521
11186043
11017100
11013870
11020390
11014063
11012119
11016979
11017283
11014446
13955274
11011614
11012516
11016334
11019861
11009729
11012772
11017013
11016964
11008269
11015398
11011186
11014762
11017603
11014999
11011909
13955578
11022984
11013253
11011264
11017596
11018955
11008544
11404120
11013571
11015675
11016217
11014567
11017142
11021593
11016137
13966856
11020131
11011835
11017636
11014668
11020499
11012656
11014309
11018173
11011249
13189461
12502034
11029964
11021733
11029610
14010292
11010929
11022140
11023357
11011537
11031212
11020594
11029624
11025542
11022261
11016668
11013350
11016390
14867892
11020223
11017209
11016348
11014658
11016806
11218109
11018933
11017411
11016743
11023658
11019035
11015707
11020196
11016904
11053199
11872493
10999459
11004507
11011551
11009136
11008462
11010776
11005909
11002728
11006334
11005052
11009008
11006667
11013201
11010075
13921426
11014337
11009443
11006767
11010909
11005149
11007272
11015535
11008846
11008919
11011579
11011990
11004487
11009969
11009491
11008353
11016838
11002598
11006976
11009282
11010512
11004357
11009654
11005960
11004015
11004962
11008483
11009055
11007837
11008339
11007882
13926356
11019949
10996794
11007966
11009540
11005958
11013401
11011495
11141446
11007901
11009357
10993341
11002833
11008338
11009387
10999564
13936276
10999454
11220384
11018202
11010505
11015839
11014739
11012105
11017384
11018688
11010656
11015897
11015729
11017340
11017912
13951970
11021574
11013447
11018877
11009182
13932089
11009124
11013262
11007143
11144503
11012974
11010100
11018233
11021505
11007259
11016989
11015815
11013546
11014521
11018854
14134346
11016595
11018743
11015114
11013076
11021762
11013856
11025058
11022556
11017406
11019134
11019962
11022682
11012814
11020603
11017163
11021593
11015350
11014354
11014364
11018022
11015823
11012455
11016428
11016263
11005841
11023579
11144776
11001223
11003556
11001985
13926974
10993918
11002218
11002438
11154546
11151755
11290266
11152498
11149083
11214239
11006321
11004358
11000002
11000378
11005771
13934061
10997701
11004846
11002500
11003780
11003820
11003723
11000066
11008432
11002877
11005916
11007414
11001934
11000617
11008737
11005152
11146449
11007599
11004390
11001074
11001974
10999956
11005005
11001363
11002876
11005072
11001691
11009746
11573622
11020619
11015759
13949910
11012474
11018261
11012488
11011368
11020623
11020047
12209638
12208204
12215100
12211622
12211173
12207638
15689027
12204332
12199010
12199048
12194053
12201435
12198385
12193973
12195382
12196685
12196351
12196829
11634614
11415705
11055653
11024681
11019869
11018558
11018106
11039487
11015500
11020568
11015000
11016819
11023401
11028413
11015924
11018630
11020621
11114353
14867685
11414081
11204033
11276019
11659063
11276473
11279928
11276140
11276652
11210368
11285480
11279521
11244177
11275253
11270225
14271766
11279247
11187314
11275624
11276701
11275712
11270261
11197027
11283208
11246783
11261411
11282261
11270057
11282212
11235380
14204708
11281476
11234383
11273307
11288739
11193013
11279452
11212871
11280203
11276504
11277467
11516954
11191731
11274762
11251669
14200494
11278593
11279738
11245525
11278410
11201061
11467210
11273964
11007704
11011642
11011521
11010159
11011095
11011899
11008236
13939307
11008092
11007520
11018154
11545929
11280294
11410043
11271604
11279993
11287842
11241296
11273913
11191291
11284286
11276135
11278746
11284631
11201913
11274282
11282546
11284211
11279979
11267467
11274731
11278715
11212833
11275493
11269848
11282044
11281532
11215179
11282595
11180571
11280509
14211286
11208138
11278985
11285182
11242536
11286556
11275153
11276337
11263893
11257676
11276691
11197088
11276355
11270495
11274293
14077482
11006643
11005138
11010948
11008355
11018846
11006653
11011062
11241410
11143582
11049670
11012488
11665688
11003476
10997704
13928258
11005762
11004483
11000840
10996027
11005177
11000784
11003581
11002722
11009019
11003619
10999831
11001885
10992583
11005010
13934430
11013376
11004725
11006811
11003577
11002361
10998580
11006549
11000227
11002818
11004067
10999720
10999929
11004240
10998058
11003389
14147488
11008917
11006553
11415210
11000850
11008509
11014830
11013163
11008542
12198709
15423235
12197562
12201162
12198534
12193653
12196694
12196477
12198330
12194140
12199773
12195146
12199061
12202169
12204990
15435750
12208759
12193775
12201803
12196764
12199038
12198602
12196921
12197346
12196362
12199798
12193476
12196051
12197739
15422857
12202114
12192327
12196854
12197804
12200452
12196146
12196671
12204415
12194578
12194353
12197034
12202638
12198044
15417508
12202243
12197364
12195408
12195522
12196433
12197473
12196703
12198138
12194630
12196110
12198194
12196492
12197020
15424161
12196826
12198699
12198756
12195293
12194003
12206446
12194094
12194378
12192381
12195352
12207153
12193163
12194783
15436196
12196177
12200187
12196704
12193476
12196876
12201564
12193545
12196392
12201058
12198085
12198198
12456785
11017046
13944061
11021377
11016473
11007555
11023921
11020472
11011998
11017097
11017973
11009292
11016598
11021950
11006141
11017546
11018725
11147406
11013614
11009756
11004983
11415226
11015331
11020260
11016427
11014279
11012654
11019293
11003333
14160581
11024627
11013491
11012059
11016306
11012347
11014288
11233068
11018904
11020011
11017437
11014614
11014040
11017094
11015816
11014380
14174226
11016543
11011717
11022662
11011440
11009367
11018783
11020637
11016359
11018493
11017688
11016103
11014793
11014517
11006349
14217193
11012220
11017189
11469242
12212831
12211875
12210040
12223042
12212101
12209297
12210197
12203391
12484693
12625670
15935410
12496424
12224844
12226088
12218179
12222796
12217619
12225609
12228741
12230352
12220788
12225897
12219855
12225428
15677384
12222247
12226710
12228014
12221216
12228445
12233358
12217062
12214790
12225087
12223246
12223031
12218174
12214900
15759593
12221136
12217630
12216875
12227704
12209258
12212129
12226650
11990114
11005840
11013483
11004394
11003103
11015608
14374308
15630384
15634773
15632862
15637817
12871992
12230678
12225701
12229163
12479090
12212821
16985516
12214944
12219594
12225553
12222539
12219024
12217900
12218977
12217247
12220722
12214542
12216919
12205324
12207546
12203480
12207946
12223754
12222131
12225911
12210846
12229524
12217640
12217823
15437635
12220796
12202398
12199816
12205766
12202682
12221078
12198086
12200442
12201936
12207639
12200808
12203801
12202637
15436028
12201244
12200693
12202764
12203387
12216818
12219063
12221709
12213104
12225243
12219890
12214714
12224514
12222087
15428287
12227483
12218969
12216284
12222527
12211361
12219727
12223375
12215659
12212004
12214269
12227906
12219436
12220178
12220929
12217444
12215502
12224513
12216031
12216122
12218336
12218639
12222014
12219581
12214324
12212331
12226211
15431028
11959461
11024866
11023033
11022723
11017682
11026418
11010651
11010297
11009191
11007248
11006270
12209092
12202255
12205321
12491058
12199644
12203714
12206530
12198603
12206765
15430577
12206512
12210056
12195185
12201122
12206424
12623996
12216305
12212348
12216225
12218240
12219820
12211142
12216803
15446374
12211793
12208064
12210796
12216456
12214106
12215193
12214703
12215449
12212020
12212730
14160565
13001596
16493832
12200349
12199066
12197117
12197472
12204563
12196481
12196840
12191023
12194870
12205858
12390103
12479516
12490614
15965357
12196401
12204313
12203035
12204646
12203826
12206408
12211663
12200946
12204685
12211420
12201185
12200768
12203685
15431069
12206557
12208759
12200418
12199783
12206709
12200791
12201760
12203536
12202168
12213491
12205198
12206985
12205225
15434113
12203404
12199242
12204310
12205505
12207722
12202875
12205315
12201443
12201113
12185359
11002498
11006563
11001986
13938983
11008100
10998073
11001090
11006140
10998863
11133174
11004799
12219324
12487408
12215006
12215737
12217951
12213735
12210434
12218295
12220568
12212293
12209905
15487672
12615205
12214749
12212416
12220557
12210275
12211127
12210655
12210702
12216535
12214764
12216096
12213756
12222210
15595999
12215575
12209512
12229619
12211675
12212312
12214621
12217364
12214303
12211525
12213508
12215134
12214526
12213800
15833197
12210057
12219861
12212875
12214100
12208528
12213108
12212258
12220113
12214930
12220556
12214578
12215277
12213153
16430224
12212374
12216032
12209849
12221088
12215723
12218766
12228532
12229621
12226717
12226628
12227657
12231942
12227727
12227315
12226160
12221363
12224666
12219700
12222602
12230558
12217702
13294085
12216733
12219573
12218088
12595219
12216814
12206907
12212997
12202151
12213504
12213698
12206682
12496256
12207129
15428386
12208213
12207817
11505497
11162027
11026559
11016331
11019494
11015339
11018633
11020270
12213143
12224620
12333545
11024108
11026292
11027398
11025259
11015534
11022142
11018897
11021544
11025817
11020940
13940554
11025844
11011874
11021380
11017297
11013962
11410932
11035280
11031901
11028421
11032185
11028590
11035771
11037015
11027734
11037654
14171450
11014685
11021485
11009960
11000656
11006282
11014815
11005835
11002098
11003887
11002294
11008304
11004717
11005537
11011086
13930510
11005081
11002883
11001785
11002962
11002588
11007185
11003693
11001850
10997909
11001042
11002459
11005166
11162886
11007857
13927568
11015428
11019883
11012433
11014014
11017187
11161649
11284797
11277619
11150300
11288642
11053344
11005892
11006663
11006969
11011836
13925281
11010227
11004026
11008962
11007055
11009219
11008228
11007356
11007412
11013901
11009556
11004614
11011859
11009711
11006269
13940479
11010679
11142767
11019723
11017042
11010076
11015034
11019711
11017389
11019360
11789794
11033350
11022307
11019878
11031936
11022097
11016369
11017173
11030104
11024049
11015788
11010621
11020001
11011646
11018347
11151947
14338336
11020013
11017276
11015054
11021738
11019240
11018124
11013211
11015946
11013759
11017685
11016090
11019638
11014745
11018554
13937829
11019121
11013871
11008340
11018236
11021688
11013137
11015555
11014738
11016041
11017984
11023407
11018983
11022160
11024674
11022944
11017475
11020830
11019496
11013140
11016341
11145502
11003222
11007044
11009800
11000684
11011233
11007869
11000371
11009308
11008757
13935105
10997997
11015039
11014133
10992626
11004413
11001755
11007691
11003391
11006410
10998609
11007979
11006383
10999855
11002437
13932447
11011407
11011754
11007621
11008614
11008772
11006323
11005594
11006905
11006717
11013915
11003955
11006396
11149317
11018974
11019112
11027249
11013653
11023228
11015322
11016903
11016395
11017219
12210309
12200527
12200284
12203473
12205189
12199654
12200973
12478856
12212135
12207393
12207237
12206006
15444675
12215115
12207802
12209184
12206085
12211681
12208856
12209729
12208406
12206038
12483210
12205648
12204586
12200501
15442560
12199774
12206873
12201175
12200957
12205118
12196555
12202133
12212894
12202364
12204131
12199595
12202816
12203957
15432664
12200396
12205717
12204892
12201877
12198953
12206085
12199628
12200863
12203099
12202342
12198833
12198294
12198812
15431175
12203441
12202873
12196813
12200216
12198433
12200473
12202541
12215795
12215559
12215915
12225009
11293073
11026302
13962523
11030562
11027520
11033657
11029015
11027495
11028264
11032174
11028925
11028734
11039012
11034937
11025865
11030999
11031916
13951765
11030872
11031381
11040325
11030209
11029915
11036852
11028755
11034002
11030721
11021466
11034271
11026999
11026394
11035330
11027332
11034374
12224108
12212168
12219488
12216540
15445911
12202047
12208108
12207673
12201464
12481659
12208061
12210703
12211551
12213825
12208377
12227965
12227133
12237299
15459491
12223692
12227641
12226503
12222884
12229325
12240220
12212718
12215806
12206480
12211265
12217891
12214597
12208376
15442842
12215109
12209497
12215604
12207567
12206717
12212680
12214477
12209974
12215146
12207717
12205381
12211300
12215243
12220135
12218144
12209272
12208181
12210395
12216498
12209455
12222789
12213236
12209131
12211053
12214158
12216137
15445411
12213883
12215479
12217855
12219885
12212219
12216118
12204497
12216557
12217997
12207044
12210277
12215453
12217255
15445430
12229754
12210232
12215933
12214885
12207077
12208281
12217013
12214599
12208930
12210003
12212391
12209625
12226750
15465348
12232987
12217734
12230273
12229117
12232263
12228233
12224636
12218845
12230661
12229465
12234404
12226186
12221321
12205657
12205163
12202247
12207300
12201268
12204064
12205265
12204059
12198774
12204044
12200057
15437773
12494684
12207321
12210652
12214591
12209761
12217857
12208751
12212101
12212738
12212512
12213324
12210911
12206799
15443088
12209360
12423424
12215106
12211014
12214359
12209366
12214923
12208187
12226740
12212081
12212818
12214353
12212411
15460944
12231846
12227437
12224499
12246035
12227579
12227002
12226903
12224581
12228604
12228353
12225170
12234706
12225645
15460131
12232800
12225352
12233830
12228159
12231214
12223702
12220730
12212608
12223910
12217381
12219072
11129003
11016156
13949430
11306075
11038876
11014645
11012078
11004653
11009605
11012923
11007668
11014895
11006743
11013700
11009331
11011200
11010416
13949247
11012896
11008029
11016183
11014363
11018989
11012973
11014239
11008265
11148161
11146026
10998011
11006568
11007551
10994039
11013167
14075261
12539743
12212135
12215009
12214252
12213921
12216836
12211896
15443303
12211684
12218892
12216695
12215294
12213346
12211725
12212332
12210111
12223032
12502936
12228428
12222035
12227835
15460191
12219455
12236490
12223810
12218820
12222885
12228436
12487927
12222910
12225036
12220345
12493689
12221056
12213003
15541452
12219699
12222393
12220740
12215298
12219062
12222621
12209365
12220573
12219581
12211866
12220747
12211983
12221011
15653451
12218956
12215840
12223984
12223118
12226429
12230037
12218059
12224952
12215951
12224511
12223376
12221212
12221668
12222043
12223193
12217985
12221153
12230055
12219397
12222420
12220148
12223642
12213193
12224848
12221485
12222663
15659813
12217888
12221293
12219606
12225306
12218760
12222967
12222647
12228978
12215945
12219022
12228480
12215024
12222651
15665786
12221966
12220669
12230238
12224250
12222064
12215955
12217920
12216068
12219504
12211518
12215258
12216577
12216849
12208612
12217511
12217788
12213439
15818226
12220666
12213933
12204336
12211995
11826007
11389233
11021739
11016161
11014197
11005015
11014964
11014377
11023271
11018134
14446137
11018001
11017580
11027465
11014936
11018389
11014126
11367341
10999553
11007512
10999083
11007263
10998709
11000783
11000048
14875227
11002687
11002825
10998693
11001573
11005391
11000340
11000157
11002931
11002555
11001444
11021737
11022238
11015066
11015389
15790133
11021078
11020520
11014939
11017332
11016795
11009861
11009672
11019509
11018374
11016267
11016980
11011425
11016837
11012152
11029886
11020871
11016913
11004153
11014064
11163994
11221683
11029563
11032484
11027171
14983433
11021723
11032124
11031516
11031729
11022862
11025132
11030200
11024084
11030550
11027892
11022133
11029125
11025970
11031516
13952584
11039556
11027971
11026190
11025249
11028506
11031161
11098433
11027920
11009415
11022587
11017563
11006983
11019603
11018155
11007264
11011206
11017709
11020482
11010508
11017232
11013433
11011720
11402898
11014421
11026494
11024070
11023749
11023267
11018924
11011722
13933361
11022682
11015716
11013581
11017081
11029901
11010748
11022754
11015832
11237697
11008341
11223702
11027069
11025294
11020603
13949283
11026926
11029498
11026840
11032113
11031074
11019774
11164822
11029669
11029647
11020052
11023917
11024238
11026542
11023536
11026063
11026057
11029962
11034589
11019527
11025907
11029180
11020997
11026614
11029902
11027907
11026691
11030189
11024147
11027087
11030663
13952694
11023428
11028180
11021656
11030774
11025168
11021649
11019579
11024616
11032215
11024716
11032741
11023473
11028018
11024990
13931391
11030680
11037746
11038626
11034217
11040869
11038349
11024978
11037647
11033781
11041064
11042065
11033136
11037093
11039018
12209999
12205586
12206444
12204754
12207159
12204460
12208732
15437595
12216688
12204800
12493883
12220824
12225419
12223212
12221359
12220615
12227494
12223135
12220154
12224073
12221029
15467753
12223686
12219808
12226232
12487342
12212620
12210766
12211634
12213948
12212112
12213126
12219435
12211473
12217463
15460354
12211498
12210591
12212712
12214564
12213565
12222191
12212293
12217158
12213513
12217213
12221806
12211459
12218472
15482319
12213062
12216301
12214980
12213437
12211690
12220119
12210807
12215835
12224580
12222646
12222212
12235977
11732071
14008082
11020834
11015461
11013027
11021441
11022215
11016067
11017457
11025087
11010462
11019940
11018815
11016293
11026661
11022580
14121301
11018797
11019169
11018080
11023670
11020276
11015922
11020943
11030461
11024298
11025090
11027497
11019340
11027595
11029904
11020905
11024292
11032367
11231317
11166986
11029950
11021180
12210537
15444429
12206485
12215470
12217633
12210266
12207532
12215380
12209238
12206186
12212253
12211853
12211337
12447055
11018313
13948312
11028784
11025713
11021617
11032119
11155265
11020510
11027487
11020583
11028757
11030830
11031705
11017125
11031682
11024552
14329420
11045552
11026082
11020637
11026174
11026390
11017417
11030442
11026277
11022195
11037747
11044089
11021169
11037728
11035835
11022087
13957309
11033439
11026850
11025995
11037339
11029630
11021120
11022375
11025408
11028992
11160168
11025145
11025292
11030177
11027417
13960752
11033490
11028376
11024281
11034813
11024455
11021080
11030328
11039684
11020965
11033916
11029841
11017794
11028477
11031011
11021561
11039307
11036481
11032797
11029787
11030224
11022071
11025171
11023190
11022745
11021856
11021973
11029683
11026328
11021725
11022357
13943842
11023859
11020827
11025733
11026252
11027952
11015992
11025476
12209891
12211366
12213384
12212034
12214839
15436990
12208133
12207920
12207906
12210116
12208259
12205567
12205676
11320412
11011403
11015426
11002183
11010205
11012516
13921505
11004914
11008133
11012962
11009772
11008977
11004670
11009451
11007636
11218122
11392129
11025316
11021860
11024925
11031729
11019378
13951977
11029602
11029358
11021942
11021732
11024550
11024532
11029286
11020579
11018849
11022684
11021036
11017290
11157209
11018275
13935469
11022952
11020239
11015389
11022115
11021947
11017885
11016519
11020920
11016005
11020498
11023551
11016938
11105668
11290670
11146623
11163634
11412195
11211739
11012146
11015437
11006927
11005132
11010072
11002935
11008848
11011348
11004998
11006832
11010919
11005667
13922963
11005207
11009511
10998802
11003478
11008962
11003399
11012000
11010630
11001391
11006616
11006652
11009595
11007236
11007370
13922622
11011116
11006489
11015883
12220393
12217593
12219526
12214364
12219562
12215218
15439522
12216798
12215384
12490368
11017059
11022050
11018643
11027902
11021485
11018838
11019091
11023974
11021353
11023732
11026035
13949434
11025047
11019622
11019509
11021125
11377423
11022009
11015412
11019104
11018999
11022287
11023063
11016788
11020765
11012057
13944719
11021984
11022708
11018776
11019736
11020910
11022076
11019436
11018857
11017430
11020446
11012681
11021231
11023221
11017031
11023726
13943639
11027946
11011823
11021331
11020821
11016098
11023998
11018894
11022549
11020049
11024943
11016181
11017972
11019821
11014665
13941948
11022964
11019431
11017173
11021327
11027241
11016546
11019447
11026458
11028204
11028682
11032343
11028292
11022585
11024646
13940380
11028161
11035354
11025205
11024211
11029976
11022603
11023066
11028572
11023738
11031369
11029640
11016690
11023007
11026612
11019043
13937797
11025008
15649858
15646818
15645337
15643270
14841558
12220007
12223333
12226650
15450053
12230886
12228782
12229087
12224499
12226673
12226931
12223655
12220748
12227252
12226256
12225647
12225468
12515900
15455118
12232765
12223647
12225324
12217992
12219758
12216960
12219936
12213122
12208188
12220446
12212377
12210964
12220472
15724811
12215359
12216228
12220195
12222101
12214455
12215443
12219116
12212007
12216894
12215925
12220164
12225046
12220846
15436847
12220804
12226409
12215026
12222178
12217354
12213408
12223482
11022761
11014538
11016685
11026018
11016711
11037855
13939247
11028434
11226960
11159633
11144951
11020215
11429918
11019018
11019015
11018745
11013261
11024282
11025658
11021220
11025031
11025284
11038166
11026144
11027930
11021780
11021226
11026313
11031750
11023503
11026412
11029019
11024858
11025586
11028468
11152728
11029602
13942061
11023612
11028793
11030393
11020371
12219101
12212519
12214287
15443753
12214880
12210359
12211951
12213199
12221487
11619867
11012542
11013353
11014667
11012268
11016163
11022114
11013310
11019989
13941398
11017491
11008566
11021243
11016077
11016753
11013956
11020531
11015916
11017452
11392158
11018615
11155094
11029200
11018818
13945364
11030870
11025867
11034394
11026970
11029628
11032780
11028007
11028139
11026951
11028843
11381612
11032377
11028188
11023482
11030863
13962207
11026969
11025132
11028715
11028412
11022791
11035925
11024034
11024342
11028335
11027130
11028070
11028399
11026420
11025614
13968459
11161153
11017164
11022418
11019709
11013596
11020038
11017295
11016515
11019147
11022314
11014106
11022220
11022191
11013166
13945611
11018864
11018136
11017087
11026416
11019559
11019506
11018670
11018286
11024169
11032564
11032960
11033740
11032219
11038486
11038833
13974582
11034941
11032139
11035896
11032670
12240576
12236862
12241749
12240155
12241590
12240116
12243786
12237583
12236571
12245236
12242430
12239502
15468752
12566311
12224584
12216896
12222446
12223160
12236437
12215430
12227225
12217930
12210768
12217681
12216821
12210658
15450243
12211071
12221842
12213235
12502192
12219182
12219303
12219113
12219103
12223643
12223305
12219470
12218874
12216587
15465433
12216544
12218579
12220090
12210958
12106866
11027606
11017112
11028640
11038829
11025214
11028459
11024142
11024428
13963194
11031165
11157174
11026579
11030070
11023362
11022732
11028366
11024788
11020662
11025359
11010944
11026171
11030061
11019708
11026710
13945045
11022752
11018953
11014493
11019940
11229211
11165569
11152173
11023424
11435903
11030061
11026408
11033156
11022392
11029551
13952569
11032326
11023814
11030693
11032312
11023478
11030448
11025668
11020417
11027563
11032012
11033166
11036176
11024377
11037156
