2396189
2395167
2392473
2490262
2425212
2393951
2393783
2384171
2412653
2417915
2425605
2424443
2423985
2424683
2386485
2388419
2487965
2393937
2386445
2402787
2393427
2393624
2410614
2394098
2385034
2386752
2410738
2386862
2386868
2399320
2404105
2402581
2405196
2404413
2402847
2407068
2385730
2386022
2398660
2398304
2394936
2407800
2391027
2390401
2391749
2493295
2392585
2387226
2412442
2406097
2384045
2389874
2385172
2384748
2404800
2425345
2385367
2425233
2385663
2418932
2402858
2403239
2401174
2402570
2384931
2393452
2385935
2395395
2422065
2384698
2394173
2391671
2391471
2392615
2394496
2385120
2405441
2384703
2397055
2397039
2405884
2420016
2393363
2385249
2401636
2400656
2384346
2394513
2392664
2384416
2384919
2384653
2386229
2385353
2404524
2491840
2386021
2394313
2385146
2394985
2385281
2384747
2403267
2384138
2392636
2391030
2384953
2385043
2385911
2478278
2404634
2403595
2404568
2403701
2405861
2406921
2415272
2408068
2407126
2386114
2394988
2392894
2392939
2487391
2385206
2405094
2385310
2397119
2396130
2386401
2383835
2400562
2400293
2384593
2470725
2393133
2384855
2385040
2385537
2392289
2394471
2384491
2385320
2392634
2393235
2385566
2396018
2392474
2385044
2403033
2401567
2384951
2384756
2385591
2391490
2390736
2391343
2385725
2385327
2406156
2391994
2394479
2384968
2384537
2410241
2405428
2406460
2394370
2386096
2406938
2392898
2383942
2384560
2384950
2394078
2393516
2392732
2394614
2398493
2391552
2395158
2384101
2384262
2385215
2402754
2402116
2416025
2401789
2401217
2385556
2391873
2389638
2389951
2389742
2401347
2400687
2384964
2393319
2384885
2386261
2393025
2384616
2384717
2385182
2396272
2420865
2395104
2386007
2425800
2422159
2392678
2389969
2478477
2384081
2384680
2385120
2387731
2394846
2473970
2385868
2385126
2391944
2478364
2393003
2399520
2539669
2385933
2386559
2403359
2398622
2405615
2400071
2383887
2394154
2384867
2402433
2395144
2386493
2404699
2386947
2400687
2401081
2399869
2403837
2412853
2385808
2387794
2508950
2396101
2387663
2397799
2384182
2384242
2385208
2387008
2397777
2393933
2385448
2386701
2405685
2401997
2398652
2400520
2401634
2385935
2386027
2395510
2494225
2385268
2398185
2393219
2393006
2392129
2393852
2391675
2478792
2485771
2386955
2405346
2408160
2391713
2391457
2392081
2392042
2386843
2398002
2396762
2386646
2387841
2416143
2385528
2389615
2390966
2384609
2386217
2385287
2397829
2393001
2386559
2408029
2402525
2392150
2390863
2391829
2477313
2386002
2396857
2395904
2388001
2403987
2391492
2390074
2390780
2407136
2392062
2385580
2386620
2399543
2397634
2387673
2385315
2400571
2400095
2401644
2384742
2385970
2395967
2407627
2387302
2399705
2384905
2391217
2392749
2406133
2477837
2385915
2386415
2394767
2399617
2386857
2385181
2399556
2400644
2401492
2386121
2387237
2489258
2386112
2398394
2393275
2385333
2384165
2400793
2411972
2426553
2421733
2387379
2398829
2428960
2386197
2385065
2384385
2384485
2391404
2394095
2385384
2386695
2386708
2405267
2492494
2387419
2386746
2394827
2393585
2393116
2386598
2386791
2408395
2386576
2397466
2392700
2385027
2384655
2395222
2481941
2384618
2402675
2384639
2394743
2386031
2393596
2392075
2391183
2391791
2392485
2392843
2394311
2385541
2408246
2405168
2393196
2390576
2391900
2480847
2394178
2386881
2395313
2394944
2387309
2388278
2403460
2402237
2399716
2404038
2404196
2386240
2385809
2396454
2387002
2402810
2385265
2385069
2385055
2385094
2386032
2412314
2425441
2386440
2409723
2386834
2385723
2392032
2390492
2391169
2385675
2419825
2399706
2399090
2385150
2405498
2384885
2416869
2392803
2424783
2386346
2387071
2416358
2418437
2388378
2430320
2395040
2392258
2392911
2410586
2393887
2394587
2385518
2386482
2405540
2388197
2391758
2425620
2393444
2391927
2384931
2398329
2395008
2393881
2386835
2408205
2393461
2390925
2390751
2391834
2394444
2392850
2387090
2409583
2405479
2387305
2392467
2390963
2391132
2394174
2391486
2393279
2394358
2386603
2385643
2500021
2393358
2391005
2384964
2384368
2385596
2385699
2475678
2398988
2393921
2387991
2401219
2391197
2384853
2384921
2385412
2385541
2385228
2384558
2386433
2394942
2393372
2393255
2385023
2385556
2420362
2393369
2387149
2386506
2406493
2405128
2394260
2392847
2391347
2487314
2395238
2394792
2393246
2386303
2415592
2396392
2385230
2384027
2391566
2391122
2386774
2385899
2412169
2425917
2388113
2401118
2385383
2421087
2391664
2392707
2386479
2386414
2405468
2389591
2412126
2406860
2392627
2384990
2385352
2385264
2386251
2395302
2396482
2387654
2386057
2406509
2392530
2390321
2489827
2392441
2394641
2394415
2385500
2386361
2385364
2493636
2396276
2391596
2384125
2384256
2391927
2394215
2392182
2384567
2408831
2403672
2407764
2408486
2385070
2423218
2416190
2385062
2384737
2472012
2394133
2393608
2394474
2393625
2393065
2395465
2496778
2395755
2491310
2386638
2397776
2396645
2393301
2392214
2391597
2392924
2393392
2486183
2385954
2413759
2428595
2387999
2384736
2398781
2400442
2407684
2401636
2401656
2403669
2385485
2385746
2393534
2393308
2392723
2394673
2394211
2394152
2487436
2408523
2385974
2399096
2398715
2402720
2403226
2385801
2408474
2406883
2405351
2385151
2385718
2402518
2398597
2385088
2384936
2384635
2385333
2385584
2385532
2410039
2405306
2386581
2386660
2393656
2391707
2390716
2384885
2428102
2394078
2395495
2386134
2397658
2489833
2385079
2385095
2384741
2395641
2400142
2407271
2386636
2405622
2384906
2395878
2390978
2391214
2391221
2390626
2392532
2386101
2386002
2432164
2410277
2385962
2385121
2392314
2391902
2391644
2386458
2387863
2421033
2490808
2495783
2385622
2385347
2391323
2407552
2392325
2392429
2394301
2386946
2407195
2416418
2387161
2385028
2384794
2384437
2393281
2385917
2424270
2426960
2387033
2410021
2386903
2385370
2384679
2423639
2402290
2422439
2386163
2385722
2395742
2430425
2387775
2384364
2384269
2399360
2384471
2430366
2416900
2385811
2389666
2398074
2428054
2402799
2385493
2384516
2384832
2386112
2387240
2436157
2406940
2386792
2401815
2384296
2416816
2384808
2385055
2411317
2384447
2384234
2392494
2390555
2392513
2403307
2384554
2384631
2385950
2385981
2386160
2404568
2402941
2386118
2386186
2403372
2401092
2399363
2401302
2402430
2405842
2405012
2386041
2399876
2396111
2385188
2390544
2391774
2393742
2392304
2393027
2482844
2385343
2384807
2397818
2385254
2399967
2401345
2403395
2402200
2385999
2399394
2396095
2398454
2397430
2401429
2400763
2400694
2384940
2420833
2494073
2406034
2386867
2399194
2397441
2403410
2401197
2479910
2383852
2391157
2385132
2408234
2393424
2387283
2402143
2398809
2402290
2478754
2384023
2404181
2464080
2384440
2393086
2392743
2386070
2403583
2384952
2384855
2404419
2402596
2404186
2386066
2386023
2400103
2394114
2393150
2392249
2392936
2424066
2395008
2385554
2387509
2485838
2388080
2437886
2386282
2383952
2384234
2384843
2385684
2384868
2384987
2385437
2395322
2395126
2385719
2384842
2385058
2431447
2486391
2386087
2437300
2427539
2388513
2426321
2385455
2385060
2384991
2385793
2385472
2406239
2406316
2403419
2385660
2399128
2391705
2401229
2390728
2406134
2490457
2386531
2409140
2405308
2406799
2385901
2391785
2390681
2392068
2393911
2387139
2386398
2394846
2396153
2386296
2408195
2392769
2391034
2392022
2393372
2385248
2386594
2406405
2405437
2389633
2491232
2385161
2392466
2395123
2391381
2385370
2384225
2385544
2394106
2393832
2399840
2393055
2390079
2390410
2394003
2386264
2387287
2398289
2396190
2388790
2424288
2401671
2403969
2392090
2403852
2407074
2406285
2385197
2400052
2395963
2385954
2403151
2425155
2406012
2403608
2385907
2399178
2415242
2497518
2387122
2387646
2403820
2410782
2402168
2405096
2405355
2488974
2388029
2385933
2424503
2386741
2392082
2390640
2417313
2420836
2385988
2387967
2427769
2426634
2396710
2389863
2385562
2402088
2412041
2386077
2386652
2399187
2479636
2387601
2424456
2411938
2385595
2384771
2410440
2404203
2386330
2385691
2495116
2491004
2387487
2403146
2384230
2384538
2402557
2400340
2384808
2384912
2392472
2486775
2390405
2474504
2403348
2403858
2401340
2404458
2387722
2399323
2393876
2397044
2386187
2400248
5296009
5334491
5009206
4861255
4937635
4925979
5026681
5049129
5060902
4986090
2406694
2386878
2386228
2399194
2469971
2393972
2386493
2385311
2411151
2408853
2391206
2393261
2393999
2395611
2385118
2385607
2386532
2405701
2387997
2387536
2403394
2393054
2386034
2393509
2384507
2386342
2385452
2385866
2386406
2386224
2405261
2409370
2411331
2419157
2411935
2415967
2414237
2385889
2385956
2387479
2406034
2426200
2385668
2386744
2386770
2386733
2412104
2412068
2389868
2388133
4841024
4884417
4936124
4897333
4918580
4926256
4963897
4935614
4968246
4926762
4841287
4881404
4881571
4902527
4930170
4912859
4960682
4890176
4896165
4895895
5004606
5061363
4974227
5071043
5105643
5053839
5104355
4964636
4957968
4966421
2385787
2385435
2478002
2394750
2393874
2396452
2394331
2450995
2398026
2387114
2386727
2387154
2386607
2387418
2386349
2405940
2407904
2400221
2418351
2406982
2386836
2386667
2387636
2386783
2398519
2400940
5328034
5287459
5317416
5211843
5234982
5263667
5177101
4910549
4893470
4920823
4999840
5062975
5151474
5191665
2406056
2411211
2386598
2386605
2385676
2387652
2431335
2386095
2409670
2406146
2394103
2386277
2386304
2398111
2392814
2428041
2395853
2395080
2390287
2389156
2385435
2385455
2406082
2408320
2387629
2387997
2386995
2397689
2398284
2397596
2394020
2385127
2392465
2392771
2392306
2393414
2395764
2385236
2400179
2399114
4945268
4965401
4942697
4903599
4823847
4843345
4816190
4795404
4805866
4808939
2387386
2386686
2385796
2394950
2409057
2392645
2475911
2480976
2396862
2400213
4816027
4841445
4895487
4906729
4938036
4965395
4974729
4929258
4933902
4933042
2395468
2396073
2409183
2473590
2395465
2403321
2386689
2386707
2410493
2403350
2396815
2396847
2397372
2394275
2393531
2397619
2396815
2392541
2385637
2385612
2385118
2391574
2391218
2394507
2393092
2489257
2394400
2392409
2395160
2388085
2384582
2385279
2386159
2385432
2385413
2402764
2402869
2386091
2393960
2466317
2402175
2404369
2404503
2482867
2402882
2401584
2401224
2488083
2385622
2385917
2391263
2393882
2397046
2395531
2393228
2385742
2386470
2385504
2385363
2445881
2384037
2385497
2393928
2384761
2384884
2386090
2386074
2385826
2386114
2389850
2861522
2876464
2931062
2880200
2887790
2787046
2882268
2850430
2878693
3008439
4790556
4815476
4794057
4796319
4858141
4828495
4894777
4798640
4810167
4810134
4883324
4939179
5061537
5154494
5228832
5321721
5266777
5215320
5207117
5209720
4799667
4799197
4793826
4868084
4924483
4976080
5090327
5051803
5090686
5120450
4783059
2801013
2791921
2784760
2807933
4216611
2788082
2807560
2803680
2781528
2791801
2816002
2796581
2803669
2818866
2798007
2783285
2859514
2800323
3345876
4805013
4849148
4805742
4876790
4817016
4866281
4867109
4818653
4826080
4840586
2384047
2384489
2384523
2477269
2441481
2385307
2426175
2465661
2385628
2462671
4838864
4871589
4950133
4896810
4930543
4912234
4906819
4920408
4894137
4912026
2783582
2810831
2793052
2888792
2785036
2804327
2400417
2386180
2385242
2428640
4803522
4863454
4850167
4895384
4923875
4874751
4921040
4872898
4904527
4881138
4807371
4896261
4943366
4989159
5015464
4961162
5076056
5052019
5098377
5153299
4798355
4860378
4841379
4863335
4940253
5006006
4985951
5015326
4972507
4979081
2407316
2384915
2392396
2393221
2391482
2385160
2399737
2385765
2399914
2454305
2857678
2897322
2886244
2895239
2786939
2904650
2877396
2783779
2883266
2913110
2392924
2383913
2384333
2399313
2398510
2384714
2392575
2385109
2391525
2384568
2445236
2420409
2441224
2435289
2434390
2441100
2385894
2455467
2457731
2386463
2396875
2390777
2390598
2391006
2391114
2384427
2391287
2393001
2384502
2406021
2393636
2391203
2461454
2389924
2390422
2388757
2384207
2399621
2399401
2385142
2384034
2385109
2384449
2392759
2395293
2420781
2384776
2399047
2392365
2386147
2406449
2397209
2383796
2393045
2391365
2390844
2396271
2386999
2441964
2406454
2384085
2390532
2389402
2468966
2390881
2393584
2384706
2397282
2383689
2397749
2384632
2384866
2390722
2384279
2390823
2391373
2384608
2401284
2398752
2477779
2409655
2386655
2386612
2386872
2394205
2387079
2386037
2396409
2388971
2484322
2399140
2385577
2385525
2385620
2384760
2386562
2388953
2386538
2388311
2404846
2384593
2386547
2394990
2392289
2392385
2386513
2384509
2397376
2454784
2385696
2386036
2384650
2449452
2451551
2385774
2465760
2468991
2385664
2476056
2482510
2793813
2803283
2782999
2803966
2789665
2782439
2888224
2797413
2789688
2881714
2401649
2405567
2398150
2397991
2383980
2385902
2464820
2385018
2399228
2462633
2400871
2399910
2390090
2391579
2390629
2384999
2385424
2393158
2386233
2405115
2386101
2392977
2390680
2384843
2384395
2385050
2391885
2390499
2415977
2401186
2476536
2419527
2462947
2424620
2485619
2386451
2386978
2464784
2423852
2387245
2415411
4927597
4930137
5028428
5034362
5164126
5153926
5340059
5153881
5140320
2400899
2403211
2403057
2415763
2483517
2385673
2385277
2392758
2468876
2385951
4817046
4819461
4798516
4856212
4847555
4798480
4812589
4821438
4863112
4864995
4866053
4907515
4949666
5084475
5188541
5115061
5172852
5347171
5561277
5568506
2385577
2397592
2393638
2385859
2385412
2386997
2400547
2398031
2396567
2386480
2452033
2385398
2384427
2385016
2385991
2450956
2454763
2429556
2386540
2512250
2392767
2385760
2386841
2387401
2386239
2386813
2387218
2385536
2386493
2387965
2393087
2395151
2386367
2387649
2386364
2401893
2396997
2394101
2401314
2397238
2384874
2393449
2391028
2469852
2386291
2385874
2386892
2386283
2386436
2404789
2384126
2391771
2392332
2384094
2385201
2385749
2484017
2387541
2386420
2401270
4820835
4834981
4907908
4893847
4878019
4888640
4818235
4852862
4777933
4776939
2402047
2426409
2400527
2385012
2385027
2393640
2386042
2384841
2396476
2396120
4815331
4839124
4797782
4877670
4857630
4846071
4837911
4783247
4774748
4792303
2400643
2390924
2390557
2478555
2384771
2397639
2391109
2480223
2386924
2385820
2399378
2399771
2394500
2392322
2400871
2384763
2407380
2400782
2386020
2400337
2384095
2400431
2418487
2395109
2396724
2396451
2398423
2395123
2394815
2386359
2408754
2407015
2386425
2395088
2395555
2394831
2467241
2394131
2397295
2386793
2400921
2396155
2385574
2395774
2394975
2396763
2423825
2385311
2401031
2399934
2410284
2385180
2387174
2481359
2393559
2393163
2394726
2386348
2386792
2386509
4806560
4840371
4830970
4864485
4848503
4892928
4878557
4860009
4858150
4837659
2402806
2399815
2383336
2390965
2383978
2391159
2385824
2400877
2384627
2393504
2393986
2391642
2474387
2390442
2384613
2386871
2394324
2393352
2388820
2405168
2403290
2391962
2389551
2384305
2384259
2385040
2392459
2391693
2393560
2387083
2384460
2384383
2391442
2385051
2384636
2400926
2443414
2387204
2409495
2419405
2384928
2384966
2389116
2384541
2394667
2399127
2386401
2401835
2385967
2396617
2392066
2392093
2389922
2390451
2396327
2390893
2391858
2386371
2408118
2480668
2401578
2398890
2398018
2408413
2406774
2384550
2392126
2391179
2385466
2391709
2384655
2384377
2390124
2480061
2383829
2399175
2384495
2390170
2384150
2384529
2422500
2423106
2384183
2384450
2384693
2385800
2386699
2494035
2424601
2385574
2384893
2402598
2399308
2390412
2389800
2384931
2398213
2384564
2384582
2398570
2406175
2398194
2397783
2390300
2383991
2384405
2401753
2384338
2385069
2400410
2383882
2384788
2401508
2397812
2390681
2384598
2384562
2392031
2384138
2401696
2394241
2384186
2398750
2400536
2383980
2389588
2384530
2391617
2384685
2384587
2403124
2400557
2385256
2392012
2384093
2391324
2385936
2448909
2385959
2399732
2393995
2384236
2384893
2466285
2384322
2390787
2384402
2401194
2384382
2400991
2397125
2384956
2384056
2391068
2384476
2398728
2391872
2391080
2391116
2385118
2407464
2384090
2393650
2386208
2388503
2396275
2386530
2436234
2404566
2403707
2400720
2407247
2391137
2391862
2391798
2398541
2387055
2413800
2403757
2386121
2402440
2384335
2393885
2385651
2394837
2386751
2402663
2386623
2398710
2445606
2391390
2394566
2384942
2400218
2399912
2396662
2391792
2401092
2391807
2403351
2404360
2384883
2448925
2385111
2394480
2385281
2405382
2386416
2440224
2417178
