1668177
1668105
1813605
1668556
1756254
1668255
1745253
1668364
1755832
1671806
1855038
1853959
1674573
1676109
1668849
1668924
1668842
1727630
1691942
1789993
1669142
1684692
1676773
1668616
1668806
1668813
1668732
1668634
1680674
1681971
1872103
1860413
1854120
1867517
1853979
1854411
1859824
1854280
1867597
1669249
1871372
1861137
1854013
1861464
1854046
1854292
1860658
1854442
1861854
1865895
1690699
1683717
1668987
1669023
1669005
1668865
1674747
1674687
1675790
1676506
1669530
1668865
1683866
1674839
1676494
1669137
1669028
1668965
1668858
1682976
1669826
1677679
1674644
1668886
1668855
1668930
1668775
1674710
1682702
1675091
1854320
1860155
1668793
1669100
1668644
1679350
1681070
1680904
1668781
1668859
1783554
1737331
1668985
1680670
1818738
1669112
1669067
1720199
1816240
1750688
1679071
1668856
1668919
1668890
1668737
1679907
1680830
1680304
1668854
1668650
1679820
1668988
1669073
1668976
1680385
1680824
1680448
1668875
1668811
1668934
1669300
1669469
1680856
1681410
1679786
1668893
1668957
1669170
1668814
1675321
1854033
1854249
1860326
1854133
1868977
1854204
1854246
1860141
1854453
1854328
1862017
1854063
1854487
1668972
1668846
1681126
1679412
1681269
1668808
1669069
1866821
1861893
1854236
1865430
1854330
1854173
1869514
1854223
1854103
1860330
1854917
1860084
1668829
1668710
1668872
1682796
1677238
1688986
1669146
1668994
1854991
1854048
1866024
1853967
1854162
1860787
1854068
1867108
1854017
1854234
1871676
1861550
1854334
1860347
1854039
1854298
1860768
1854176
1861234
1854217
1679495
1668925
1668743
1668963
1683592
1677154
1677649
1668787
1668906
1668889
1865731
1861910
1854233
1867513
1854323
1854213
1861643
1854256
2151132
1859878
1866918
1854330
1854224
1861565
1854130
1866856
1854020
1854021
1861181
1854050
1681296
1684626
1668662
1668943
1668685
1675182
1673809
1677133
1679222
1668774
1669976
1778417
1674556
1668867
1668763
1668866
1668662
1682919
1677377
1677186
1855180
1863627
1668658
1668877
1680168
1683353
1682449
1668842
1668782
1668741
1855013
1854301
1867934
1854107
1854155
1868297
1854120
1867202
1859655
1854262
1668840
1674589
1676931
1675030
1732937
1669179
1675283
1683280
1675011
1669049
1866847
1854109
1674109
1816845
1690992
1668771
1773270
1810812
3140109
1845494
1871455
1860340
1854063
1868353
1854079
1854092
1862895
1854340
1861773
1854136
1854763
1862153
1854208
1854196
1859874
1854267
1868761
1854151
1853904
1861117
2150096
1859906
1668815
1674367
1683597
1675995
1668718
1668912
1668812
1668841
1681886
1673853
1676611
1668889
1668711
1668983
1668699
1685924
1678424
1677664
1854733
1854278
1868454
1854024
1867754
1854190
1854278
1870950
1854342
1854371
1854992
1861418
1854118
1854083
1864838
1854407
1859557
1853981
1853967
1866268
1855072
1854394
1860076
1854300
1854107
1865164
1854085
1863069
1854267
1854138
1866001
1867064
1854267
1859798
1854139
1854243
1876414
1854128
1869947
1854395
1678062
1668797
1668938
1668932
1674891
1684805
1677292
1676973
1668857
1668918
1865944
1682241
1677544
1674495
1668823
1668874
1668942
1668694
1773191
1685011
1868107
1854373
1860599
1860703
2018923
1867419
1854536
1854009
1860302
1870564
1669380
1668817
1668791
1685580
1675443
1685220
1819470
1668804
1669378
1668832
1669272
1681384
1681553
1789023
1668889
1668955
1668848
1669024
1675089
1674543
1854927
1854306
1871414
1854353
1854275
1865773
1854171
1859402
1853908
1854093
1854957
1859843
1854293
1854361
1866625
1854017
1859405
1854448
1854225
2047309
1675851
1676142
1668743
1668744
1668856
1668785
1674837
1684914
1676939
1668795
1855079
1870085
1854022
1854153
1859782
1854140
1680455
1668917
1668776
1669258
1854675
1863689
1854235
1854679
1870570
1854578
1862274
1866334
1682841
1814462
1864650
1878488
1854158
1861847
1854286
1854354
1865954
1854301
1861668
1854015
1675795
1680491
1668733
1668729
1669113
1668847
1675086
1685129
1676100
1669024
1863566
1854125
1854293
1859908
1854142
1870316
1865523
1854350
1871101
1854098
1860517
1854246
1862183
1854186
1682004
1669394
1669025
1668897
1668855
1675302
1854698
1863790
1854168
1854382
1859578
1854258
1871097
1866222
1854328
1863669
1776752
1669149
1668561
1678890
1805120
1762006
1669122
1668839
1772088
1776784
1669514
1668803
1668745
1674215
1676990
1674692
1669012
1668812
1669003
1668761
1855267
1864485
1854106
1867196
1854242
1860749
1854007
1854160
1866793
1854002
1855044
1854372
1859640
1697783
1668884
1757015
1810850
1704509
1668499
1678526
1861037
1854168
1854715
1862040
1854209
2148816
1864636
1854528
1859510
1854478
1865841
1854119
1854123
1860437
1853922
1854210
1866216
1692508
1669052
1750519
1854691
1854287
1881424
1854401
1854247
1860916
1853997
1862293
1854060
1854083
1868156
1854243
1861866
1861239
1854009
1865851
1853941
1859930
1860464
1854150
1861322
1681632
1668989
1669024
1668635
1679803
1679875
1681139
1668744
1669046
1866671
1853972
1854325
1865747
1854318
1854356
1879649
1854266
1867357
1861077
1855094
1854440
1668904
1776926
1783651
1684719
1668690
1673945
1774799
1669089
1669640
1681158
1678088
1669173
1669017
1669052
1680466
1681351
1679411
1669127
1854817
1867327
1854306
1859564
1860077
1854426
1876315
1854324
1854333
1860078
1854890
1854205
1871054
1854049
1854234
1866116
1854342
1860955
1854216
1837453
1669435
1683411
1676632
1676943
1668679
1669285
1668841
1668861
1674809
1685173
1854074
1863917
1854188
2042182
1870677
1854335
1854071
1866124
1854185
1870429
1854524
1854272
1860209
1854100
1870452
1865539
1854035
1869817
1854166
1854321
1855426
1853894
1860338
1854227
1854276
1859423
1854223
1863585
1854165
1854203
1861132
1854145
1862859
1854256
1854189
1882052
1854091
1870209
1865825
1854337
1867495
1854226
1860525
1853925
1853937
1866354
1854316
1859959
1860649
1854111
1669727
1669006
1668719
1679890
1680633
1668774
1668691
1668701
1668700
1678736
1855059
1862264
1853988
1854497
1865193
1854454
1869579
1861688
1854453
1867188
1860526
1668770
1731962
1668835
1681613
1668679
1679760
1817713
1697352
1668774
1815977
1668902
1866173
1768943
1668769
1668878
1786954
1777177
1680857
1668764
1854479
1860785
1860446
1854148
1867918
1854296
1853911
1862790
1854187
1867188
1679456
1668986
1668852
1668894
1668751
1674435
1684348
1676667
1668805
1668936
2151824
1863272
1853549
1854080
1866659
1854459
1859711
1854124
1854250
1668833
1669476
1668864
1680594
1680142
1691566
1669094
1668954
1668806
1674107
1674712
1864557
1869265
1854315
1870726
1853980
1854288
1865440
1854615
1859976
1860109
1867517
1854450
1854507
1860651
1854204
1867120
1854207
1854255
1862831
1854285
1678972
1668996
1668903
1668936
1680814
1681151
1680014
1668874
1668887
1668877
1683943
1669113
1668851
1668808
1668881
1675027
1676384
1668783
1668680
1668896
1854860
1854418
1861222
1854253
1854226
1865674
1854331
1859691
1853980
1854005
1854744
1854306
1860197
1854354
1854193
1866273
1854498
1874252
1668699
1709672
1870815
1860132
1854096
1859895
1866843
1854353
1869919
1854216
1861303
1925003
1855310
1868917
1854275
1854320
1859522
1854172
1867246
1854168
1854099
1862514
1720571
1668842
1780321
1770337
1668946
1669030
1790390
1775002
1668908
1668653
1669531
1668767
1668817
1685242
1677524
1669062
1668823
1669081
1668480
1668863
1855232
1868289
1859703
1854055
1878843
1854191
1854008
1859588
1668958
1668804
1854501
1813701
1668684
1668992
1668833
1668965
1680577
1681431
1680034
1668886
1679834
1668744
1668607
1668797
1668745
1684480
1676692
1676712
1668916
1669012
1669887
1669087
1668925
1684981
1675073
1676441
1668825
1669089
1668754
1668902
1854595
1861575
1853976
1854318
1859879
1743425
1668878
1674285
1816140
1723167
2061573
1854016
1788407
1668781
1668949
1784303
1784694
1668881
1668773
1675013
1854731
1854052
1865110
1854200
1854148
1876264
1854164
1866148
1863194
1854183
1860851
1854236
1854097
1862181
1854266
1874057
1865411
1854119
1859607
1854213
1855772
1854148
1866693
1854354
1854176
1860598
1853951
1866113
1854083
1854187
1867319
1854302
1854111
1861259
1854140
1866742
1859780
1854163
1882769
1854302
1823708
1668791
1725158
1816150
1737147
1669184
1673975
1810987
1727626
1668714
