1822635
1800670
1668707
1817483
1756147
1816338
1668576
1686948
1668566
1668655
2680706
2132445
1867633
1854320
1871297
1859339
1854380
1854481
1860489
2394237
1854164
1870156
1861781
1854200
1854282
1860284
1854059
1854285
1668854
2291616
1870939
1860045
1854086
1868915
1865767
1854192
1853820
2123404
1669006
1668957
2118618
2052061
1860380
1903597
1854265
1854283
1854367
1861324
1854099
1865658
1855007
1853979
1860465
1859439
1674620
1669043
1668903
1680083
2176850
1669309
1871772
1854327
2128407
1860256
1854311
2145006
1860285
1854345
1861091
1873971
1746022
1668692
1783022
1668862
1668863
1668707
1674111
1766323
1668820
1673187
2403343
2394944
2395079
2397774
2390815
2390219
2395953
2390110
1973577
1791152
1867892
1854346
1854491
1870355
1854457
1854587
1863226
1854314
1862352
1866834
2397865
2392817
2392822
2396861
2037814
2158084
2104968
1854235
1854122
2192903
1854728
1854466
1866465
1854207
1854374
1859188
1854294
1854286
1861482
2176350
1855171
1860433
1862096
1854230
1873967
1854277
1854205
1874216
1854105
1680187
1668903
1819317
1668993
1668944
1734349
1814311
1723930
1668931
1743024
1673775
1855131
1867910
1860806
1854257
1867535
1862944
1854035
1869281
1854139
1668974
1855190
1854350
1866508
1854171
1853965
1859846
1854083
1868193
1861639
1668997
1715666
1781981
1668950
1680065
1828544
1668880
1668899
1754369
1817139
1708012
1684711
1669010
1668888
1668981
1668913
1675047
1674985
1674201
1668806
1669135
1854903
1860155
1854122
1854431
1860882
1854383
1861323
1867191
1854694
1859504
1991747
2064999
1814352
1669271
1669046
1669168
1673629
1674442
1683998
1668921
1712831
1681961
1719193
1669241
1754771
1829250
1689778
1669066
1780118
1674612
2391073
2398734
2390531
2390165
2396425
2383713
2383562
2383773
1987905
1995407
1807400
1723575
1668836
1787491
1782497
1669056
1668859
1674411
1767136
1668917
1855067
1854100
1916167
2096973
2208761
1866753
1860172
1942735
1854359
1884350
1871560
1854460
1854166
1859250
1854347
1866105
1860168
1709009
1668944
2388972
1748590
1668741
1675045
1816355
1723496
1668925
1678645
1819408
1745967
1668809
1668891
1685096
1681642
1668938
1668719
1669134
1668863
1681550
1776368
1674684
1987471
1864966
1863822
1854281
1869713
1854162
1854136
1860679
1854181
2020123
1669509
1669150
1686996
1686707
1669142
1669066
1668896
1668811
1701211
1681993
1669725
1682207
1683520
2073110
1668972
1668967
1674871
1674895
1668984
1668797
1669664
1668889
1669041
1693172
1682669
1681213
1668717
1668871
1668934
1674732
1724649
1668935
1675333
1770068
1668798
1668809
1780060
1777120
1668963
1668919
2384553
1854318
1854237
1938473
1968140
1880377
1854324
1854512
1876679
2191366
1865462
1859718
1854536
1868077
1860331
1854305
1870379
1854255
1854345
1796993
2140439
1854147
1854331
1860267
2139787
1866609
1886789
1854456
1885068
1680903
1668675
1684213
1680899
1668831
1668850
1668629
1676257
1675723
1810677
1669435
1734834
1769708
1668946
1789533
1773192
1669016
1668980
1791846
1769806
1668945
1677739
1668642
1668854
1668940
1681067
1685754
1683698
1669094
1669069
1669114
1668798
1680576
1727097
1668793
1731191
1818898
1728015
1669138
1752652
1815570
1813962
1668996
1668784
1674199
1676945
1669285
1668822
1668978
1687171
1679491
1775049
1669106
1810346
1759141
1669075
1735551
1827275
1668826
1668908
1750166
1669330
1669095
1685946
1675021
1669104
1668902
1668857
1673709
1674593
1819136
1854555
1854713
1867292
1854169
1854546
1881511
1854474
1866756
1668693
1808508
1854318
1854252
1752729
1669257
1668628
1674092
1674052
1676397
1669079
1711472
1854230
1854293
1872047
1865003
1854370
1890179
1854386
1854364
1859260
1803666
2383933
2383784
2383700
2383906
2383872
2383878
2384041
2395537
1669050
2028750
1706488
1765228
1668976
1723419
1827995
1716577
1668938
1740310
1683743
1699783
1682671
1681074
1753810
1668627
1668898
1674441
1689346
1668841
1668656
1668793
1668860
1745192
1668760
1668891
1668962
1790277
1768829
1693092
1696936
1825190
1863146
1854566
1854255
1859621
1854422
1854424
1872936
1854556
1854333
1674446
1677679
1675504
1669045
1669047
1668961
1678808
1678473
1674963
1668917
1669075
1854024
1892011
1854264
1854288
1860828
1854226
1854082
1859641
1854489
1805217
1704783
1815538
1668873
1668846
1818765
1669038
1668695
1722756
1838953
1669060
1754496
1669100
1669193
1668890
1669041
1674692
1808067
1669560
1669134
1669233
1838871
1668925
1680484
1820045
1669277
1669039
1707999
1674829
1733912
1669211
1853990
1855157
1860657
1854269
1854295
1872359
1854840
1861302
1879195
1669339
2383886
1854406
1854161
1866196
1854125
1854688
1861078
1854474
1854247
2094948
1872340
1854217
1854242
1859815
1854316
1854513
1861695
1854423
1854273
1782043
1863031
1854292
1854369
1861170
1854512
1860597
1954650
1854333
1860293
1861101
1669093
1686524
1681642
1668828
1669026
1668992
1685773
1676766
1787005
1669080
1854237
1854498
1867013
1854389
1854318
1860518
1854415
2035640
1860098
2112263
1675252
1812523
1669033
1668992
1680457
1782007
1668955
1684331
1799328
1802578
1854268
2124397
1866772
1854364
2128645
1864551
1854171
1867618
1860873
1687716
1787124
1757225
1668950
1680563
1827146
1711184
1668807
1693909
1674786
1810961
1669725
1744417
1818605
1694384
1669035
1674840
1669061
1683730
1668990
1789779
1669598
1669081
1669089
1675821
1691686
1669354
1669297
1669178
1668987
1674078
1854909
1867313
1859888
1854486
1866790
1854541
1854303
1888046
1854439
2223946
2391964
1699972
1668811
1788480
1777586
1669045
1669027
1675106
1769598
1669011
1854973
1854575
2091177
2140713
1866079
2000554
1853993
1854496
1913342
1977003
2384812
2384010
2383750
2383674
2390290
2390174
2397092
2073443
1784251
1789668
1779557
1669121
1767675
1789964
1668886
1668753
1674573
1805875
1668959
1696408
2385069
2383921
2383605
2383600
2383947
2384077
2390414
1866102
1669032
1668963
1854045
2071645
1864998
1854419
1854500
1877039
1854390
1854655
1859412
1669085
1668975
1723671
1822461
1692052
1668732
1786981
1767723
1668902
1722414
1817927
1863282
1859664
1854313
1878953
1859392
1891835
1859429
1866358
1854134
1880416
1870850
1854304
1780814
1685985
1668918
1669202
1668784
1675521
1689727
1674323
1679138
1669030
1669158
1669181
1673722
1676475
1675111
1668960
1668784
1668755
1679778
1668966
1668783
1668896
1687843
1679520
1678513
1669060
1668878
1669140
1854857
1863039
1854480
1854321
1860823
1854390
1854132
1866445
1854270
1756121
1686599
1683377
1669090
1668807
1668899
1675377
1675540
1675521
1668901
1668935
1854133
1871858
1860328
1854604
1872509
1865457
1854349
1869233
1854355
1854266
1855075
1854893
1669103
1681527
1833448
1669071
1669114
1668915
1677336
1674692
1854255
1935728
2087277
2130430
2141766
2097662
1860745
1854227
1872358
1929636
1854841
1864959
1854000
1854355
1860770
1854562
1873609
1867318
2001435
1826698
1668767
1668947
1668488
1675322
1692582
1668967
1686528
1669052
1682087
1684226
1855506
1983346
2072706
2136943
2139554
1966404
1854170
1854120
1854094
2132685
1855404
1854595
1867892
1669092
1668932
1669056
1674004
1783630
1680238
1669100
2039204
2149174
1860413
2113685
1942934
1854235
1888216
1854506
1876581
2062340
1669492
1669193
1683241
1683244
1681194
1668896
1668809
1668927
1675913
1675024
1676233
1677579
1668710
1668945
1668782
1668910
1734328
1686490
1668701
1669011
1669855
1694364
1683721
1669151
1669281
1669195
1675482
1673917
1677350
1669204
2139652
2138203
2100725
1669010
1694865
1681621
1674882
1669183
1668970
1669012
1765342
1789349
1669197
1726515
1819746
1668990
1669005
1740234
1810151
1703528
2144152
1972117
2073789
2140496
2079433
1860010
1931770
1854508
1854448
1843342
1670266
1768278
1777551
1669269
1744118
1817153
1668809
1668947
1760310
1674846
1855155
1854254
1935208
2047810
1866592
1860230
2139321
1866341
1887381
1830004
1861935
1854465
1868234
1860097
1854288
1861365
1854150
1854377
1859303
1854278
1854768
1854117
1862488
1854654
1854266
1860077
1854045
1862201
1867721
1854123
1679157
1685160
1669120
1668827
1668866
1680002
1682410
1680278
1668897
1669013
1855398
1675185
1692091
1669125
1668930
1668979
1674927
1701987
1668897
1668987
1687846
1668581
1690439
1668433
1676570
1668312
1790648
1681338
1669084
1668398
1697698
1685295
1668802
1668916
1668803
1675714
1678123
1668997
1668858
1668963
2393648
2393316
2398057
2390046
2391974
2397444
2391177
2416030
2157807
1679908
1854506
1854616
1868622
1854281
1854158
1860889
1854341
1870521
1860497
2350124
1854538
1674242
1669006
1668933
1668703
1680685
1691085
1669013
1669157
1669148
1854039
1886013
1884477
1854601
1680929
1744469
1669021
1674890
1816594
1720559
1866503
1895423
1854455
1854255
1854419
2102864
2128285
1866262
2143548
2148817
2010492
2060950
2140076
2151165
1860469
1854544
1889241
1854144
1860774
1859851
1669541
1675179
1668681
1668847
1669022
1680942
1674828
1669109
1669163
1669134
1877990
1947373
2104692
2143802
1866434
1854641
1860851
1854072
1853879
1866383
1668405
1681720
1681354
1669092
1668887
1669133
1684101
1674151
1674145
1668976
1864762
1854135
1854263
1860574
1854107
1854487
1865427
1854285
1877965
1862341
1854619
1854542
1854346
2018994
1863070
1866722
1854605
1880598
1854216
1854324
1854275
1854486
1867923
1859669
1854299
1685668
1675611
1685066
1669013
1668970
1725472
1668827
1675414
1689616
1669104
1668911
1669317
1668968
1682894
1669184
1854282
1854492
1862913
1854240
1854201
1877575
1854184
1854029
1859523
1858719
1862717
1854542
1854242
1866446
1854462
2154673
1887755
1854537
1854277
1674360
1854350
1854739
1859905
1854192
1854358
1879644
1854704
1854334
1872386
1854150
2383072
1854567
1854283
1871838
1854235
1854325
1861463
1854151
1854343
2241486
1668692
1686790
1683264
1669108
1669051
1668854
1675324
1674450
1854244
1860332
1669165
1683462
1679160
1668841
1669019
1669063
1668938
1684572
1676342
1676096
1853586
1860975
1861255
1854377
1854255
1859961
1854220
1870913
1867361
1854303
1854249
1868451
1860145
1854538
1863923
1874428
1854434
1861552
1860010
1854177
2124278
2088517
1861473
1859841
1854242
1854280
1865055
1854219
1859870
1867163
2400260
2404962
2399111
2394210
2394429
1854268
1854400
1864251
1854351
2140189
1854386
1854382
1863666
1859905
1854267
1869940
1860727
1854356
1859212
1669025
1863772
1854569
1853743
1669043
1669038
1668974
1689690
1674725
1668984
1668998
2391605
2400719
2391548
2401470
2395164
2394139
2383990
2803119
2257243
1668819
1864280
1878278
1854492
1862785
1861020
1854129
1866308
1854113
1854314
1872721
1669114
1674924
1678182
1669170
1669115
1669060
1688862
1674786
1686285
1669012
1853982
1854414
1860744
1854394
1854304
1860182
2003538
1854242
1941224
2310761
2394491
2401192
2389897
2391951
2404517
2391273
2403952
2405173
1773343
1989876
1854562
1864657
1854387
1854018
1871606
1854217
1854294
1867870
1854496
1863223
2136391
2093536
2141094
2126594
1860434
1854367
1854287
1854245
1854215
2249714
1904449
1854284
1854576
1909377
1854527
1860076
1854032
1864475
1868825
2092509
1669679
1807321
1746257
1669148
1731488
1815891
1705853
1668826
1779652
1778381
2403855
2390447
2390672
2396238
2804343
2389779
2384053
2383563
2383645
1668713
1855148
1869829
1854257
1854641
1860901
1854389
1877639
1860754
1854482
1877742
1863386
1854602
1854483
1871723
1854231
1854169
1868623
1854443
1860669
1860815
1872721
1865810
1854208
1883451
1865712
1854422
1865801
1867203
1854402
1867018
2140578
1863059
1854106
1869396
1859513
1854391
1854574
1865911
1854549
1854664
1872237
1854456
1854158
1871966
1854380
1854543
2211521
1854399
1854433
1867553
1855199
1854692
1860492
1854266
1854182
1868173
1854106
1861064
1864005
1854477
1854038
1854311
1863712
1854423
1724594
1669389
1679512
1680888
1816024
1668983
1863202
1854737
1854511
1863118
1854303
1854252
1999137
1854596
1854534
1864136
2389797
2391765
2399544
2391470
2391267
2397018
2411370
2390838
2276000
1854537
1744084
1761379
1669185
1680169
1679647
1699578
1669359
1795399
1669202
1669339
1677824
1669064
1669016
1681905
1683117
1682155
1669174
1669126
1668872
1675560
1864439
1865243
1854553
1817445
1683061
1675388
1678368
1677784
1669122
1668998
1669129
1674472
1842839
1669013
1669236
1669214
1675395
1693189
1677724
1669174
1854089
2142101
1854268
1854577
1861287
1854241
1854146
2217085
1854026
1854074
1862460
1868846
1854402
1870457
1854086
1854267
1866540
1854112
1860848
1864093
1854411
1860613
1854525
1854849
1869701
1854529
1854448
1861522
1854461
1854400
1668807
1669154
1676048
1849685
1668980
1668959
1669038
1674956
1674945
1669086
2383596
2383959
2384044
2383812
2383902
2383969
2410363
2398343
2017341
1802990
1869873
1854519
1854366
1861122
1854373
1878705
1866333
1854010
1860271
1854277
1668718
1678690
1668877
1669248
1668860
1685052
1682752
1694437
1889553
1668950
1854169
1860681
1877219
1854153
1892236
1860200
1854288
1860989
1868025
1854302
1937444
2005635
1854284
1860282
1854209
1854135
1862216
1854326
1863160
1865840
1870213
1854576
1854226
1862342
1854097
1854387
1869570
1854581
1868749
2229017
1854635
1854340
1868878
1854171
1744106
1668995
1668935
1684277
1676651
1669087
2150553
2088605
2137049
2141900
1860393
1854408
1864086
1866313
1854117
2390670
1855274
1882306
1854348
1854359
1875708
1854398
1854350
1860041
1854339
1860204
2395534
2401507
2392625
2393864
2816320
2394706
2392748
2398998
1859700
1668912
1862335
1854678
1871314
1886334
1854147
1878626
1869575
1854488
1861444
1854404
1871466
1864543
1854134
1854123
1874179
1854183
1854420
1861653
1854122
1869577
1864867
1854363
1854223
1867844
1854493
1854198
1861355
1854181
1854439
1860351
2140596
2149733
1861256
1859896
1854466
1854384
1854357
1854313
2074336
2334782
1683628
1722654
1677036
1668937
1669119
1668943
1674023
1692860
1669333
1669436
2392689
2399839
2389802
2383774
2383662
2383924
2383985
2383877
2366109
2401339
1855122
1854392
1868582
1854288
2043570
1859984
1854279
1854303
1859194
1854533
1865515
1854581
1821313
1696961
1668770
1681254
1768631
1669057
1695718
1674759
2391486
2147950
1861468
1668875
1674577
1761998
1668958
1725313
1822640
1669178
1777803
1669465
1744996
1814109
1695732
1668891
1797762
1766451
1669354
1741023
1922459
1979628
2114745
1860521
1866337
2034769
1926597
1854097
1854097
2383804
2392120
2399086
1854267
1861561
1854188
1854316
1862065
1854296
1854304
1927784
1872503
1860928
1854296
1854291
1866956
1854267
1854328
1877571
1854447
1872188
1864850
1854384
1854482
1867232
1854547
1854460
1861226
1854414
1854502
1860087
1864371
1854543
1854932
1866691
1854393
1854454
1860746
1854372
1854179
1872082
2082812
2130660
1866454
1875097
1859962
1770752
1669094
1705229
1820901
1720680
1873937
1669170
1709635
1674883
1678286
1669088
1669090
1669180
1692312
1819034
2384979
2384107
2383738
2383705
2383927
1866734
1854404
1861412
1854095
2300669
1864490
1864666
1854305
1881155
1864625
1854407
1881035
1866796
1854498
1860108
1854313
1854625
1863764
1868992
1854491
1861227
1854159
1854249
1868192
1854409
1668946
1669112
1668965
1780494
1676875
1669249
1669159
1669009
1680251
1684385
1687387
1681428
1781269
1668923
1728611
1821312
1712333
1668915
1676817
1773882
1668679
1668923
1675319
1678000
1669100
1669133
1668782
1693655
1678766
1683564
1862855
1870583
1854447
1870280
1860276
1854209
1868809
1854326
1854313
1875278
2029570
1992588
2139160
1866075
2139089
1878374
1854525
1867144
1854274
2181908
1854268
1854468
1860670
1854361
1854419
1861210
1854190
1860573
1866072
1854084
2384001
2079741
1867282
2144462
2096471
1854120
1854332
1860674
1869385
2122220
1981484
1933214
1854476
1854084
1930523
2105916
1860377
1860632
2113845
2132234
1862885
1854578
1854620
1861424
1854544
1877417
1867814
1854303
1861422
1854243
1854140
1854633
1861461
1854611
1854192
1861691
1853947
1854412
1861880
2357502
2139434
2127983
1866831
2491689
2139567
2065190
1860438
1898654
1854046
2243620
2077432
2012562
1954556
1854108
1854322
1934939
2038991
2141308
2143613
2146813
2401092
2084975
1959457
1854411
1854262
1854441
1987038
2083483
2138963
2161358
1855620
1872381
1919422
2028173
2150127
1841609
1709706
1668772
1681252
1787804
1669906
1783337
1732240
1669066
1687141
1785279
1668971
1705203
2071662
1700967
1856055
1854383
1776070
1668959
1668947
1669066
1828343
1668796
1668822
1789900
