1854033
1861401
1868211
1854719
1867238
1887237
1854026
2420681
1854136
1737524
2399871
2391925
2391931
2107759
1861956
1859873
1875848
1854935
1854591
2252662
2400698
2391889
2383980
2383969
2383926
2141193
1854691
1854651
2041368
2248096
2383512
2390437
2389944
2421792
2391994
2384526
2384035
2384280
1854617
1692484
2383794
2384172
2391104
2390479
2409853
2426268
2384395
2383971
2415378
2109037
2390426
2403787
2390564
1854531
1854593
1854591
1874241
1862081
1861950
1854669
2397129
2384162
2384483
2384020
2391193
2402033
2401497
2391308
2384125
1854260
2398942
2391199
2391691
2403147
2384294
2384463
2384567
2401919
2392937
2399199
2384370
2389839
2394859
2401969
1875767
1871382
1868875
1854880
1854413
1854348
2391762
2412745
2393332
2384427
2384518
2384458
2390066
2392472
2403161
2144846
2385034
2401111
2395138
2409740
2384038
2384160
2384016
2390571
1963680
2391574
2384655
2391714
2421909
2391904
2393531
2383854
2383920
2384410
2390627
2298214
2395973
2384125
2384346
2383940
2390702
2402656
2391101
2390915
2383830
1854591
1855004
1854860
1854262
1863447
1885262
1997956
1860700
1854657
1854526
1854495
1861113
1854708
1854476
1854254
1863631
1872862
1860488
1854308
1854686
1854256
1854308
1933700
1854532
1854382
1872105
1853878
1854295
1854753
1854370
1854648
1854796
1884653
1861420
1862575
1890547
1854325
1854234
1854494
1854503
1862771
2391880
1854645
1854865
1854407
1854468
1854814
1867860
1965879
1989299
2160102
2389747
2398366
2398426
2415712
2384190
2384594
2384099
2391105
1951891
2063108
2384248
2383904
2384041
2414337
2390220
2393463
2399593
2384620
2383981
1968863
2001571
2038008
2092951
2390693
2148108
1860313
1859695
2084139
1921148
2403391
2396344
2384188
2384216
2384214
2391028
2402701
2392334
1861659
1854717
2260570
2401593
2384114
2384122
1910943
1862567
1854834
1854405
1854640
1854236
1860644
2383914
2389542
2393092
2399800
2390540
2384490
2384488
2398707
2414528
1866668
2392210
2405680
2402898
2384339
2384174
2384251
2433295
2396053
1871047
1669117
2392643
2392503
2403377
2384000
2383947
2383929
2401513
2422705
2389667
2398817
2393301
2400381
2384218
2384298
2384453
2391071
2402111
2390811
2384054
2148518
2392245
2403062
2392494
2392811
2384038
2384319
2414869
2392865
2402743
2408251
2384632
2389257
2402716
2391775
2393511
2384036
2384589
2384125
2391820
1854693
2396056
2384289
2383718
2421735
2390730
1860030
1860065
1854724
1854715
2295877
2383667
2402634
2391778
2391788
2384436
2384212
2384319
2420488
2402757
2223075
2391442
2138329
2094909
1992269
1965061
1944746
1854873
1854764
1854850
2383997
2114239
2071615
2031641
1996511
1963539
1943871
1854581
1854740
1854999
1854693
2400137
2398144
2391197
2384117
2384280
2384302
2389799
2406745
2254375
2403321
2384532
2391251
2400027
2417861
2400197
2384025
2384017
2384487
2395668
2399497
2395197
2391597
2383882
2384168
2384059
2500859
2399722
2415880
2392820
2034762
2384763
2384413
1884053
1854344
1854676
1854461
1854644
1861552
1872191
2167045
2384171
2389855
1867593
1860023
2106426
2063862
1870840
1861103
1868117
1854680
2383693
2384076
2384143
2391809
2402935
1860688
1854535
1854475
1854340
2106347
2400947
2390340
2390131
2384142
2041273
2088957
1860551
1860996
2168926
2384279
1855904
1887406
1863951
1870637
1854675
1855084
1854443
1860082
1882212
1859801
2384645
2384610
2384030
2416988
2392154
2392089
2404974
2384650
2384031
2156769
2384482
2384128
2390197
2004384
2038140
2082274
1879444
1854778
2035994
2337150
2384701
1867902
1893414
1854795
1854698
1854964
1896967
1861922
1892849
1854704
2398025
2406684
2383988
2384101
1868544
1854843
1854621
1854593
1854505
1860194
2384823
1854681
1854973
1861366
1859384
2009774
2033342
2086623
1868215
1891096
2392606
2398576
2390643
2384255
2384023
2384300
2391349
2425731
2397502
2391562
2397252
2397897
2384139
2192901
1861248
2162954
2077525
1979933
1854519
2521753
2392560
2399143
2399881
2384303
2384517
2384174
2390075
2392635
2403272
2363357
1866037
1862369
1854709
1854544
1854544
1854611
1871260
1859875
1861410
1854561
2384323
2397951
2391019
2402931
2428976
2384168
2383958
2400623
2392674
2393193
2393591
2404210
2403543
2383960
2384018
2400077
2391465
2392247
2426498
2271105
2391534
2397541
2391275
2390063
2383849
2384319
1869288
1860412
2365858
2317497
2401542
2384220
2384371
2390894
2434338
2390937
2391385
2384746
1947879
2360253
2400247
2391644
2391958
2075342
1860868
1859817
2163740
1862115
2400172
2389498
2384679
2384207
2401079
2418392
2390396
2384545
2383900
2383822
2391775
2180634
2384369
2384344
1855321
1854859
1854754
1854603
1886135
1861518
1890212
2245818
2403043
2384411
2384370
2393003
2404100
2416832
2394680
2384366
2385536
2384190
2142940
2145218
1869023
1860076
2011970
1854461
1854774
1854592
1854657
1868103
2384285
2389445
2390818
2398370
2390442
2384056
2384103
1860337
2238695
1884706
2400981
2390727
1854727
1854506
2410997
2390695
2384122
2384189
2384216
2215871
2384606
2383902
1854899
1854622
1987583
1940982
1893108
1854817
1854515
2050723
2100368
2050848
2005620
1952851
1921398
1946970
2036881
2093192
1868385
1860330
2384460
2389559
2390825
2413409
2389972
2383953
2383996
2383920
2390266
2141748
2401058
2391714
2403048
2384518
2384367
2390492
1854589
1854711
1863545
2162068
2396792
2406737
2384741
2384194
2384148
2401634
2428817
2397418
1866682
2483951
2383707
2384214
2391631
2434954
2390705
2391766
2383785
2383941
2390213
2374686
2384607
2384175
2401072
2391464
2400095
1854470
1854757
1859853
1876701
2336056
2400231
2392320
2393330
2402666
2383805
2384558
2390610
2403439
2390724
1854357
2384887
2384273
1854634
1854522
1854650
1854587
1863153
1871513
1862650
2184231
1869531
1871473
1855181
1854731
1854671
1854491
1860897
1860018
1884644
1854498
2384372
2401509
2390931
2426735
2398575
2384259
1669126
1882085
1863756
2144823
2384644
2384137
2384401
2391152
2392595
2404961
2384013
2384427
2384299
2398783
2398863
2384027
2384034
2384399
2390645
2406476
2429022
2384619
2384200
2111376
2397603
2391343
2384097
2384063
2389834
2403393
2402677
2392903
1922777
1854698
2383489
2392835
2417180
2425972
2383837
2384635
2384147
2426715
2395618
2408540
2384809
2400717
2391886
2391650
2384065
2384021
2384013
2390003
1854669
2105520
2384407
2384074
2384031
2390050
2392330
2403964
2383878
2383980
2355858
2152034
2403811
2392246
2384191
2384324
2384256
2391453
2433528
2397060
2384320
2187585
1866236
1861465
1869496
1854931
1854878
1854608
1854618
1864718
1860895
1886108
2400878
2402184
2384260
2384510
2384174
2391405
2429801
1854887
2109431
2107623
2391695
1854746
1890246
1861685
1861132
1854708
1855154
1854673
1854747
1875432
1865975
1862761
1871628
1855000
1855905
1854670
1854683
1863027
1862652
1871017
2393082
2398513
2384048
2384194
2384254
2397849
2389754
2391917
2423435
2384114
2079956
1854514
1868442
1860839
1859898
1893201
1855219
1854835
1854922
1854447
2384355
2383885
2384002
2428373
2390230
2391721
2397953
2384363
2360344
2145574
2391718
2424690
2384255
2384149
2384217
2433806
2390193
2392095
2384165
1854902
2392098
2397689
2390829
2384546
1869171
1861337
2153780
2390251
2398072
2183300
2384184
2390030
2392139
2398734
2384149
2384467
2384345
2398563
2391015
1854843
2384396
2384138
2391785
2438477
2395185
2384382
2384589
2384026
2390392
1669581
2400419
2391089
2401609
2423020
2384273
2384879
2390709
2428026
2390545
2198069
1855459
1865651
1861934
2034316
1862340
1854907
1854703
1854786
1876044
1861488
2384552
2383954
2433529
2392101
2392757
2433734
2384388
2384457
2389820
2021438
1872438
1861991
1860579
1854654
1854493
1854977
1865565
2151456
1861281
1860184
1876414
1855190
1854620
1854858
1855042
1854555
1877694
1865828
2037914
2070422
2391829
2391342
2440894
2384118
2384414
2384539
1860287
1868497
1854660
2318422
2398537
2384258
2384737
2426747
1860638
1855440
1854790
1854758
1854539
1808406
1862241
1860577
1854680
1855057
1854844
1892439
1870181
1861726
1861134
1854352
2384657
2384272
2384319
2428753
2401613
2392216
2383691
2384479
2397645
1791352
2384720
2384157
2391524
2436216
2390180
2391817
2384306
2384173
2390151
2448186
