2398007
2385045
2647841
2446178
2389547
2395862
2407127
2404762
2408804
2384834
2404681
2402100
2383589
2397308
2383665
2389612
2399292
2383693
2390602
2384903
2392114
2442504
2383759
2402558
2383779
2438042
2394583
2383658
2457788
2400468
1862176
1861119
2408991
2383840
2433831
2409817
1862427
1861371
1870263
1859959
2390601
2383630
2399053
2393192
2383764
2383766
2399264
2383732
2383612
2391291
2400740
2383893
2441298
2394607
2384508
2398955
2408538
2384096
2384800
2400531
2384382
2790023
2791471
2781461
2800326
2829383
2781701
2788911
2791321
3179610
2384151
2399004
2399825
2384323
2391385
2399134
2383820
2432092
2384082
2389332
2384109
2415596
2392212
2383688
2390220
2404983
2398086
1871317
1870143
1993082
2391029
2383784
2398477
2389830
2383506
2390522
2397585
2383675
2400516
2033884
2405535
2392222
2383830
1874846
2083834
1854344
1862460
2090352
2142820
2035828
2392865
2404616
2448154
2384747
2384463
2391319
2392377
2384216
2384349
2441294
2391544
2383972
2396740
2391769
2383717
2446975
2399043
2383838
2400955
2428916
2391701
2383968
2397106
2392317
2383475
2390266
2399602
2384404
2390119
2384255
2392103
2401825
2383637
2390067
2393744
2062301
1854061
1854234
1861202
2144129
2384555
2388698
2445709
2383943
2400571
2384186
2383509
2390507
2445620
2390408
2385233
2391963
2383721
2400790
2398621
2383927
2393549
2384190
2389525
2398864
2392487
2384340
2396854
2383680
2391011
2391000
2383587
2397498
2390604
2383689
2384699
2416604
2394896
2384331
2400414
2384363
2393543
2390506
2389681
2443498
2384970
2390878
2383680
2412349
2390716
2383810
2393046
2398516
2383446
2389265
2405501
2384386
2389631
2392558
2383531
2397838
2392428
2384383
2384385
2397961
2391566
2383972
2445447
2412900
2383675
2390451
2391917
2384067
2383598
2389787
2384635
2398557
2383776
2389000
2439988
2383904
2439702
2391852
2393815
2402592
2391111
2383692
2390004
2401975
2383834
2390468
2384069
2390336
2404249
2390930
2399244
2383772
2399760
2421279
2383856
2397198
2383814
2384034
2390596
2400150
2398711
2383687
2399820
2390971
2383460
2438348
2402908
2383532
2383530
2394831
2384893
2398871
2391690
2383469
2389755
2403038
2396703
2390566
2384491
2435170
2384776
2391232
2398619
2383685
2389957
2445431
2384063
2398545
2391030
2383825
2384893
2391962
2398276
2383703
2389562
2444385
2383694
2396799
2390084
2195018
2391426
2383907
2384034
2450758
2383788
2383609
2447992
2384378
1854126
2244068
2400419
2384042
2389576
2392674
2390419
2399399
2383661
2439194
2391270
1931536
2398131
2413073
2383569
2389260
2390494
1865679
1861056
1906898
1871469
1854370
2391441
2383965
2397917
2383942
2389325
2392975
2383706
2399273
2391210
1984353
2404455
2392696
2384297
2390166
2397606
2383870
2404236
2383953
2383482
2402463
2384291
2389950
2384002
2383919
2397133
2383886
2391601
2443080
2383875
2450503
2393020
2383751
2390617
2410817
2383374
2444930
2440018
2398172
2384135
2383685
2384227
2399058
2445393
2383620
2399787
2384131
2392403
2384476
2383628
2397820
2391193
2393445
2383656
2406700
2390796
2383782
2446919
2384306
2397923
2390852
2400226
1854235
1871086
2082446
1901152
2006131
1860583
1925034
1853815
1854119
2399792
2391996
2383400
2437818
2383818
2446422
2394636
2383755
2390902
2383856
2400181
2383918
2389239
2383903
2392048
2384095
2398018
2391015
2383669
2391032
2385060
2389341
2383549
2391523
2383713
2399743
2390459
2383926
2393147
2383672
2385063
2411322
2383654
2398286
2391763
2383758
2393489
2383886
2398138
2390750
2401256
2383621
2398834
2401878
2390283
2399084
2383430
2389313
2391320
2401627
2400557
2384200
2389122
2388213
2383927
2398328
2433943
2383934
2441478
2397119
2400738
2383998
2388923
2384192
2383946
2392074
2384290
2390936
2384061
2398024
2392193
2383929
2448101
2383693
2389539
2441573
2383642
2401452
2384131
2403328
2392266
2390485
2392740
1907754
1854385
1854446
1860303
1861981
1868932
1866876
2400950
2397725
2389095
2383904
2390819
2383699
2399211
2390359
2383567
2418084
2384892
2397670
2391137
2383801
2444171
2404594
2383730
2391055
2392782
2384756
2384461
2397863
2383909
2389467
2405380
2384076
2400246
2383900
2418387
2391751
2399042
2383980
2383736
2391413
2383629
2390491
2383659
2400761
2390305
2384250
2384350
2397266
2383437
2390193
2394336
2383857
2397569
2444271
2383696
2390570
2400946
2383632
2389722
2383614
2389852
2400190
2383803
2435605
2383696
2390333
2401741
2383740
2389694
2394828
2384078
2402467
2428714
2383824
2390184
2464310
2393260
2383904
2441601
2383925
2398559
2392163
2383995
2391819
2383836
2398341
2400073
2391561
2383456
2390677
2405330
2383538
2390027
2391391
2383882
2384362
2385251
2402126
2383568
2389948
2451549
2384101
2395081
2390825
2398884
2391801
2391276
2383904
2399896
2384422
2390480
2445257
2383662
2403577
2383920
2383922
2392882
2383756
2443189
2383564
2390128
2394890
2383828
2398550
2391346
2383928
2384785
2392245
2445800
2383973
2400881
2383629
2383709
2392687
2399454
2384402
2384580
2392369
2383515
2392110
2403630
2383729
2392015
2383813
2391100
2460323
2391933
2383918
2442224
2383599
2398382
2392566
2383502
2450924
2383944
2399238
2401524
2383619
2391155
2383611
2445640
2401104
2383597
2390671
2383455
1989921
2056032
1854593
2155415
2079719
1960678
1854519
1854444
2121028
2107428
1854393
2391236
2383758
2400146
2391983
2383857
2391729
2384254
2441660
2393944
2383871
2402107
2383619
2442703
2383667
2390413
2383520
2397697
2438077
2383722
2399993
2385188
2394919
2383581
2400745
2383394
2437872
2393715
2383804
2399068
2383646
2401933
2383973
2393126
2384210
2391231
2384176
2400417
2391943
2383644
2434364
2396214
2393617
2383521
2398503
2391948
2383378
2437523
2400859
2392102
2384385
2391940
2394060
2390375
2398887
2383802
1854105
1854213
1854430
1854215
1854810
2384758
2399837
2383948
2391252
2391366
2383441
2400851
2392406
2383371
2394252
2403496
2403785
2439489
2384025
2441503
2384056
2402761
2435042
2390423
2391380
2404014
2384066
2402123
2392051
2383572
2391033
2405346
2383766
2391063
2478472
2401082
2383576
2444551
2392497
2383414
2442003
2394888
2383919
2394123
2401634
2402099
2383710
2390584
2391640
2383752
2443271
2394651
2383891
2437209
2399045
2384956
2391349
2383909
2390673
2398743
2384007
2445456
2385196
2383642
2399319
2392467
2383614
2404590
2446018
2397228
2393039
1854316
1854146
1854485
1854156
2392462
2411510
2397203
2390689
2383550
2392073
2399942
2384238
2390299
2445072
2400519
2391867
2383580
2391331
2383612
2448615
2383963
2441722
2407255
2383761
2402217
2400459
2442634
2383730
2442926
2403700
2383538
2393735
2384039
2391546
2384673
2422680
2383797
2397275
2393355
2383771
2435213
2402783
2394006
2383769
2402383
2383622
2391288
2383722
2391661
2383941
1914226
1871257
1871995
2089602
2384948
2396055
2383550
2398985
2391411
1854191
1963010
1854206
1966578
2146469
2391915
2399389
2383458
2391094
2037878
1853958
2044101
2099499
1882527
1936814
2402355
2383958
2391866
2383671
2443109
2383668
2383765
2440154
2391979
2418868
2402292
2383822
2420368
2402178
2383550
2391359
2384218
2391353
2404130
2384404
2384979
2392080
2383621
2391303
2401981
2383391
1861527
1854247
1854348
1943179
2384757
2398327
2383531
2389714
2383766
2398176
2442079
2384075
2390608
2383817
2384793
2423233
2383638
1854312
1861128
2148688
1887721
1854161
2153670
1957526
2384845
2400145
2391255
2438924
2391538
2383690
2398739
2383629
2391220
2413091
2384799
2426677
2383746
2383588
2390165
2383742
2444358
2383666
2399420
2437638
2384503
2432941
2390706
2383654
2391374
2398548
2383727
2390591
2410642
2390643
2402418
2392601
2383914
2398842
2392635
2383978
2393063
2399123
2383467
2383827
2384190
2402000
2383755
2390542
2393293
2383734
2401942
2439410
2383637
1854285
2403095
2383601
2438624
2393591
2384250
2451448
2383788
2384204
2436409
2384404
2384791
2395910
2383578
2383790
2391624
2383717
2446786
2405547
2384133
2406035
2392598
2383883
2398992
2392543
2383676
2390612
2401849
2383547
2419895
2418411
2385231
2402921
2383917
2391175
2394978
2384384
2401052
2392975
2393698
2383963
2403477
2400865
2442713
2384071
2390804
2383514
2383648
2391576
2383512
2383727
