21134840
20777501
20750338
20753162
18670602
17937883
18068302
17959344
16057355
15581746
15581268
15586420
15583382
15582977
15583694
15588228
15588057
15592192
15596511
15581488
15585322
15582162
15566846
15583730
15590786
15583432
15584488
15586239
15582699
15588497
14096564
13055558
13040539
13048690
13051138
13314323
13069226
13054793
13541738
15584198
15573060
15572345
15586119
15581613
15575575
15583248
15586936
15583132
15572499
15573878
15579178
15584649
15585752
15585664
15583955
15584327
15586893
15584565
15585228
15579802
15584109
15583687
15586828
15578202
15584935
15586979
15577395
15585538
15581513
15578974
15575093
15575798
15584001
15581091
15580587
15578552
15597195
15579833
15578241
15585538
15581968
15582982
15571237
15582988
15574813
15574288
15590075
15582454
15580811
15578904
15590729
15577505
15583318
15581253
15571788
15578523
15579241
15588918
15583963
15589090
15590612
15603770
15596640
15600276
15592404
15595639
15594300
15598790
15593881
15590938
15597121
15586269
15585450
15589576
15596340
15592000
15582958
15597980
15583032
15588887
15590231
15592083
15593404
15594169
15605891
15596705
15598446
15583599
15594455
15584993
15595799
15596409
15587259
15602587
15596116
15594123
15587984
15595266
15601415
15594605
15595158
15589469
15599572
15588677
15596288
15586758
15592349
15599510
15593904
15599245
15592546
15594241
15593474
15593586
15596602
15591969
15593185
15592629
15590015
15591616
15594553
15597239
15591337
15593429
15591524
15601370
15592973
15590009
15580027
15583058
15591107
15582512
15713551
15585401
15594511
15590798
15593396
15596412
15590525
15591541
15585247
15583714
15590765
15588684
15592167
15597279
15600162
15588884
15596275
15590637
15589420
15587160
15595953
15589490
15599468
15601998
15600256
15592141
15598049
15591796
15588497
15580526
15596444
15583525
15581662
15588908
15592783
15594621
15595075
15593861
15592940
15592928
15586638
15590216
15587385
15586251
15593714
15586606
15589668
15597808
15600048
15600571
15602134
15598082
15598454
15595183
15590902
15603996
15598494
15605665
15599126
15613462
15594669
15594895
15596969
15591131
15609262
15603788
15610803
15588365
15597200
15601618
15586822
15593622
15594083
15600013
15592817
15590004
15594306
15598458
15600853
15595947
15588743
15591536
15601273
15600521
15585714
15606609
15594279
15606121
15600614
15601087
15602026
15593310
15596234
15601196
15609955
15594824
15592891
15596236
15606848
15601266
15594006
15598693
15595872
15594317
15598143
15595985
15601150
15592600
15602704
15597161
15598961
15598060
15604330
15595483
15599805
15597554
15590729
15599853
15599975
15599635
15594632
15600180
15603770
15600632
15608263
15597146
15601734
15592676
15584335
15575713
15727327
15581176
15580126
15582398
15578724
15583844
15581750
15582470
15581077
15574910
15575777
15581636
15582487
15583314
15585855
15585803
15573773
15582008
15575315
15584398
15583323
15573755
15588890
15580747
15570007
15577846
15571756
15576388
15565027
15570661
15559980
15576116
15583180
15575481
15568898
15571259
15579800
15573281
15573718
15590211
15577247
15584910
15582167
15588706
15587623
15588711
15586523
15586498
15592588
15585515
15583933
19963127
15582498
15583681
15585797
15589756
15579741
15589580
15579644
15591069
15589467
15586623
15586668
15582238
15586329
15589139
15601401
15568476
15561256
15571675
15576581
15577999
15577179
15583260
15566682
15585721
15594251
15577183
15586436
15577271
15592562
15580206
15589173
15580236
15582322
15583040
15585101
15598733
15572022
15585534
15576893
15577860
15588621
15584322
15580656
15574780
15586725
15585532
15583412
15571322
15578417
15570995
15577286
15587522
15752052
15570199
15569528
15563280
15572534
15573066
15577928
15569537
15566850
15578865
15573495
15570533
15571167
15576424
15574494
15568777
15580789
15578115
15575520
15582755
15576592
15573035
13380451
13235826
15591646
15592747
14869467
13052423
13074498
13054699
13055272
13051698
13065604
13638647
13068859
13382036
13107088
13066323
13068473
13061554
13065073
13063176
13058496
13055355
13063293
13065214
13061009
13068087
13064045
15589803
15591109
14754234
13276479
13325447
15663898
13054507
13061260
13055701
13068876
13078963
13059678
15000273
15602096
15603223
15597430
15579169
15593437
15590558
15581160
15586799
15583385
15591220
15596613
15597051
15591744
15595452
15599647
15590564
15597396
15590710
15598905
15584967
15582710
15597334
15590285
15587440
15587910
15590095
15597890
15589054
15603024
15590976
15597849
15602438
15568319
15570173
15576024
15576662
15577018
15578202
15568780
15582834
15570671
15567136
15570633
15563401
15576958
15574857
15570612
15574637
15578644
15580589
15579083
15577766
15575894
15582895
15571347
15573932
15571582
15564193
15576879
15561210
15581289
15564890
15570510
15572469
15575051
15580823
15569224
15570269
15573850
15577360
15569039
15564745
15577224
15568871
15571916
15572172
15570031
15568328
15567566
15563644
15570554
15568949
15575900
15574759
15561760
15574313
15572208
15574700
15571927
15572981
15587024
15568304
15585200
15576928
15581108
15568376
15571683
15573628
15583068
15580797
15571347
15580344
15574722
15580483
15581431
15571753
15573399
15576276
15576027
15561367
15577686
15570432
15565650
15571082
15568709
15574735
15574674
15577716
15573447
15580326
15573898
15573959
15574238
15568992
15574081
15572552
15576205
15573911
15581581
15578703
15577548
15568442
15592319
15589747
15601676
15590162
15595128
15596730
15593682
15585552
15595944
15593459
15590883
15593879
15586790
15593039
15593080
15590161
15595383
15595634
15595745
15590142
15593302
13115208
13150335
13177457
13176237
13206329
13229137
13260657
13288767
13316861
13314383
13372446
13332230
13301648
13282366
13268192
13227730
13303900
13275897
13243930
13205164
13151372
13119631
13061340
13062037
13058349
13061700
13056870
13062251
13065909
13063758
13057187
13063056
16644751
13114520
13756963
13063182
13212274
13046856
13055115
13064748
13112950
13142105
13161409
13185059
13189739
13232713
13254741
13267910
13283273
13623972
13287691
13301214
13319336
13382536
13369058
13340417
13310543
13283170
13248131
13218724
13164952
13123146
13070793
13070857
13060345
13064812
13087470
13073584
13067901
13083487
13037144
13070346
13064192
13071841
13069395
13067402
13064839
13060464
13061830
15607311
15592672
15599505
15591266
15583141
15596218
15588727
15589695
15598623
15592370
15591497
15597762
15593836
15590734
15601708
15594942
15590792
15593640
15590208
15588457
15574559
15579746
15573185
15583607
15585863
15587149
15589318
15585189
15582082
15583264
15123334
13056284
13044197
13060857
13061082
13049172
13053506
13060869
13087651
13096235
13137860
13173914
13169683
13210488
13239426
13260252
13291519
13311889
13345166
13358958
13318692
13287385
13247362
13223967
13169369
13149252
13090908
13049468
13050950
13062076
13047508
13055943
13048224
13058444
13052223
13187965
13046201
13059380
13065157
13063529
13057747
13070585
13069062
13076096
13100631
13111085
13127488
13173171
13216788
13235011
13238817
13285645
13300684
13323090
13360923
13395603
13367857
13334443
13308173
13268479
13253014
13206834
13168525
13122596
13074387
13070392
13069130
13065646
13058971
13078543
15608008
15593981
15594299
15585833
15590783
15586946
15594754
15594077
15595652
15588261
15581326
15580096
15587881
15590045
15593916
15581803
15575376
15577541
15576707
15568797
15579766
15574810
15584603
15574779
15578798
15573904
15575337
15571313
15569941
15578451
15575583
15572907
15573890
15578283
15576307
15577417
15572202
15573838
15584826
15571754
15582844
19806665
15581433
15572683
15576983
15591772
15570029
15577531
15586098
15575101
15583534
15574758
15584898
15576499
15573055
15571039
15573132
15571988
15567895
15580652
15564761
15578762
15578563
15573733
15581393
15589136
15590517
15590924
15598349
15590306
15584920
15588809
15589093
15595531
15580157
15595278
15587050
15588427
15589655
15594021
15586286
15596726
15602293
13069810
13091452
13105723
13135943
13170213
13185645
13369604
13210173
13216344
13244136
13281872
13302073
13327859
13386768
13364731
13358007
13302570
15579650
15572742
15575670
15579927
15588669
15595761
15582236
15578414
15574259
15575031
15570882
15571994
15582974
15578991
15583786
15579530
15581013
15575580
15589138
15589443
15580497
15577877
15593056
15579096
15581171
15572320
15578487
15567856
15574118
15572278
15577714
15576176
15588056
15571378
15575963
15567037
15568905
15566845
15576679
15584634
15577403
15583614
15577372
15565422
15581462
15571932
15581961
15570521
15583165
15580753
15583475
15573299
15577651
15590509
15578946
15581050
15580533
15590370
15576536
15584470
15575839
15575812
15565799
15573516
15582421
15578840
15581285
15579238
15573063
15574402
15577604
15573635
15573392
15580602
15568878
15582846
15583085
15580798
15579644
15576497
15581260
15581290
15579929
15582927
15586598
15576875
15582240
15569205
15572329
15589527
15571882
15586369
15577840
15578802
15582457
15571283
15580606
15587432
15588778
15578268
15602195
15587676
15585559
15600629
15599904
15589451
15593112
15591695
15591444
15598604
15587489
15608960
15603418
15594344
15599855
15594981
15607204
15608870
15609734
15598507
15602436
15613600
15606623
15608302
15611879
15600976
15602995
15602461
15596918
15598831
15614225
15604085
15598681
15598505
15611350
15598596
15604427
15603839
15605076
15617147
19858460
15597406
15603828
15603423
15619839
15601685
15599969
15612532
15596108
15593380
15597051
15613753
15604901
15601770
15598773
15597739
15608177
15606693
15616294
15595948
15601616
15599528
15598907
15597884
15606351
15615326
15604296
15580509
15591395
15594703
15588447
15591344
15604540
15582351
15598719
15604481
15589216
15588364
15588690
15593983
15588950
15591804
15589696
15594091
15590084
15585399
15586454
15595558
15591555
15581817
15583711
15576376
15583381
15588144
15582444
15585866
15584522
15585899
15576481
15578342
15608424
15610628
15615762
15610082
15609395
15600362
15597380
15605914
15585388
15576395
15562155
15572592
15565189
15571893
15572455
15575405
15569387
15572804
15563557
15567505
15571712
15573070
15576381
15575366
15574176
15579128
15568345
15569816
15575862
15572760
15567620
15561483
15576017
15567759
15565225
15614391
15580842
15568394
15575129
15582784
15570922
15577878
15581719
15573784
15569047
15578065
15572881
15572754
15576604
15575907
15570695
15567487
15570301
15570976
15574134
15582905
15562370
15576390
15565676
15573679
15571348
15573508
15579201
15582467
15581399
15581082
15578806
15572494
15573876
15569038
15582524
15586319
15579169
15574580
15576620
15583583
15578216
15581048
15570834
15574977
15574932
15567181
15580217
15581010
15581257
15571270
15574005
15575700
15586189
15587408
15572971
15583590
15575019
15572808
15574371
15579907
15575757
15569375
15582585
15579252
15569291
15585665
15571782
15580880
15578229
15561225
15583208
15575860
15585077
15580782
15592844
15585952
15593151
15585706
15585572
15585628
15590938
15592348
15581164
15590945
15586085
15587723
15584206
15584563
15591141
15577864
15593765
15586949
15585890
15581924
15590892
15583582
15581970
15591375
15581548
15591048
15588189
15590613
19820434
15588179
15592018
15590097
15583596
15584595
15577890
15597333
15588670
15591379
15581978
15588300
15583750
15590281
15596096
15581550
15592223
15585287
15589003
15601675
15595596
15612249
15603107
15618614
15603341
15599716
15606056
15615803
15595818
15601232
15606939
15599577
15600921
15595527
15594853
15603116
15609754
15607255
15600802
15599930
15597187
15590325
15602019
15605304
15602455
15600147
15605676
15603615
15604677
15601062
15599827
15596070
15601090
15607326
15605636
15605241
15595369
15599920
15604059
15599442
15600484
15592517
15603492
15600483
15601992
15600532
15601882
15593983
15601416
15588438
15596476
15599702
15605235
15599784
15594284
15598684
15593705
15594766
15596664
15596944
15601979
15597873
15587798
15593675
15607510
15588372
15602771
15598882
15600581
15600987
15602148
15594060
15589934
15588807
15604746
15595627
15603470
15666158
15663104
15598867
15604024
15602801
15603207
15605243
15598441
15603760
15593550
15608664
15590055
15603018
15601306
15594606
15604376
15605754
15607549
15590644
15596081
15600474
15589871
15596917
15595147
13356882
13312890
13273318
13266815
13239895
13183959
13158938
13127744
13072528
13070185
13068885
13059621
13064271
13060981
13067383
13061627
13068664
13086123
13078980
13064194
13061557
13076435
13067506
14817028
13188978
13079267
13251334
13066248
13066364
13066393
13068957
13066976
13331360
13060827
13059805
13063024
13054231
13078311
13070802
13055279
13058542
15595196
15603619
15613856
15616035
15612266
15596977
15601170
15600658
15609788
15607590
15618700
15611043
15613697
15606206
15605076
15611957
15613859
15620418
15609727
15610413
15607798
15615780
15604959
15616294
15621414
15615830
15617822
15604488
15616659
15608069
15612872
15606129
15606775
15610209
15617228
15616853
15609824
19914015
15614328
15604290
15618116
15614350
15615733
15620987
15621839
15629764
15619242
15620391
15616332
15601141
15591345
15604564
15605313
15588487
15584701
15600444
15601283
13325841
13308788
13253257
13218526
13179113
13143185
13093543
13084710
13079979
13085233
13082156
13073913
13075221
13081388
13066399
13087391
13078150
13093374
13069261
13081694
13082910
13086261
13075901
13121036
13130488
13416277
13113700
13146584
13171901
13188617
13565754
13139211
13148890
13179059
13188026
13232820
13267106
13466169
13153411
13181149
13196787
13229865
13248582
15582149
15589270
15589154
15587559
15586468
15591926
15582215
15583213
15589090
15584241
15584235
15591976
15587008
15584569
15591393
15593681
15583538
15587334
15601120
15593048
15582414
15601267
15585526
15589295
15581372
15581232
15591946
15589489
15595194
15598409
15591545
15588896
15597823
15584659
15587502
15590084
15581237
15597720
15596284
15594835
15599883
15604538
15605381
15598039
15607469
15603628
15615879
15591124
15608511
15594833
15600406
15604929
15601590
15612089
15599967
15594615
15597878
15591507
15596772
15603395
15606521
15591324
15612918
15601047
15613751
15605939
15604537
15607232
15606111
15601265
15604196
15604618
15592156
15610378
15611673
15609499
15607928
15605098
15592090
15603795
15589786
15593167
15599337
15608166
15597162
15600631
15596591
15593746
15596701
15591449
15609263
15590835
15769296
15594408
15593737
15595534
15597443
15604901
15600572
15589468
15609471
15614248
15616794
15624587
15601499
15611434
15604369
15600594
15607626
15612021
15613170
15609341
15612351
15607003
15602152
15608959
15605489
15604846
15702763
15617106
15605743
15601301
15600141
15603559
15610542
15599873
15613871
15603708
15596217
15606526
15602999
15611224
15605493
15611698
19975500
15603744
15603986
15598097
15614854
15601068
15712534
15600077
15591492
15591237
15593744
15583572
15587486
15581214
15575241
15573240
15582418
15568440
15581704
15583308
15571829
15574212
15570523
15574884
15573146
15579526
15579033
15584124
15577916
15577898
15576709
15575055
15575966
15580415
15579167
15581586
15588929
15583778
15582041
15575430
15575746
15572475
15580211
15573224
15579700
15573082
15585592
15574152
15580100
15576847
15583183
15579143
15581070
15587480
15583640
15566577
15576752
15593870
15577570
15582828
15582160
15581413
15590166
15581712
15585218
15588168
15594008
15590985
15591342
15592697
15592628
15581217
15596686
15590754
15587917
15590998
15587058
15595305
15593681
15590810
15590259
15591685
15590840
15593834
15590723
15592626
15593294
15578698
15591704
15585689
15594438
15585017
15595704
15595515
15587538
15586742
15586055
15593345
15591441
15598700
15589506
15587664
15590917
15585914
15601237
15593414
15588564
15583931
15589574
15590415
15599414
15601839
15587790
15597305
15584670
15595320
15582524
15587459
15588489
15582945
15590128
15590836
15580438
15580058
15592678
15593480
15586997
15595905
15588217
15596723
15588036
15586980
15585431
15585222
15583057
15584062
15588914
15593545
15587213
15590060
15586958
15586681
15590048
15595460
15590713
15599055
15589197
15589032
15587587
15591097
15595618
15584337
15596519
15588218
15586603
15589771
15585247
15596738
15585173
15589499
15582781
15593953
15588409
15592445
15581805
15582771
15593508
15589529
15592902
15590667
15595765
15570033
15576678
15584973
15586575
15585509
15587072
15585551
15575304
15580148
15586403
15589101
15589171
15585459
15595280
15583830
15581443
15580879
15591551
15582930
15591663
15581991
15579787
15589834
15582484
15583870
15586536
15595880
15579417
15577090
15576415
15593784
15699699
15609637
15601991
15591794
15595051
15579408
15591436
15593314
15616931
15595202
21876399
18201773
18190801
18200241
18212878
18211207
18211661
18206528
18193191
16913520
15630834
15634942
15634874
15633174
15639129
15634091
15627386
16025282
15632726
15632598
15626002
15627209
15641113
15625499
15623155
15629622
15633115
15624034
15631032
15627223
15630101
15636836
15629624
15632882
15629712
15638670
15620434
15630234
15633177
15629549
13183845
13177721
13106110
13116112
13119155
13118573
13108900
13123087
13106969
13123190
13109365
13498275
13101387
13110068
15609561
13436937
13368265
13345757
13345867
13321285
13317415
13288654
13275825
13670456
13325693
13312429
13286194
13260888
13251631
13244467
13190517
13164279
13116237
13108071
13119989
13116348
13126423
13106341
13119859
13119076
13118567
13124727
13117812
13112439
13123698
13108964
13120485
13114570
13124345
13116983
13120141
13116422
13124694
13111377
13129844
13107746
13126465
13106129
13121205
13110525
13138076
13149597
13159175
13162147
13180240
13187256
13219635
13210650
13234639
13240157
13244629
13263746
13288689
13290537
13314185
13325177
13335314
13336116
13359504
13365951
13385809
13414253
13420653
13420336
13404836
13732482
13380493
13394616
13412989
13423603
13433652
13418082
13393388
13403994
13372604
13350676
13348150
13325326
13328786
13288751
13555699
13312201
13307949
13275392
13249245
13229016
13196746
13167791
13129089
13108385
13112986
13107055
13119545
13124908
15623395
15629823
15618113
16043652
15623409
15624519
15620381
15628357
15619887
15637941
15608200
15618920
15626546
15622913
15620001
15619047
15624763
15619157
15619474
15624455
15619080
15637985
15614878
15615775
15620320
15620776
15646863
15617610
15633882
15624766
15619713
13429318
13121744
13112640
13118461
13120041
13126353
13108042
13121673
13112265
13117390
13120955
13117330
16710542
13107352
13115480
13115821
13118192
13120425
13106246
13122317
13135567
13160746
13161215
13183053
13192526
13209070
13208139
13220648
13219481
13570101
13172678
13170128
13176077
13216621
13207515
13224210
13251786
13225574
13228450
13258914
13253895
13275630
13294510
13303883
13307189
13339268
13336236
13350801
13352157
13388784
13356360
13401717
13386387
13399110
13428918
13424540
13409424
13419709
13437422
13408532
13379071
13378338
13350773
13341613
13305431
13292561
13265242
13249559
13210438
15623002
15617507
15618669
15629952
15616558
15617214
15614869
15622846
15625432
15620315
15621035
15618526
15627782
15614605
15621991
15622909
15617745
15623329
15620687
15621861
15620480
15622358
15623580
15618480
15625379
15617649
15623326
15626545
15614850
15624348
15625108
15627298
15611105
15627608
15622939
15630573
15617862
15624950
15630186
15629837
15633487
15620673
15616601
15622940
15624501
15624742
15617528
15624627
15631017
15621077
15618553
16043071
15623935
15627918
15627100
15620623
15619533
15620355
15637690
15625423
15626843
15620583
15619770
15627627
15626846
15619822
15618825
15624343
15624094
15613057
15616641
15622557
15622918
15615964
15631481
15624159
15620444
15631008
15626325
15621519
15616960
15621047
15621915
15620244
15618121
15626339
15621928
15619491
15624279
15619956
15617070
15621973
15611829
15618817
15616690
15619447
15624023
15624790
15623362
15618902
15615635
15610908
15623175
15636533
15623087
15618539
15620030
15617239
15624346
15621594
15634027
15626053
15629419
15622775
15621733
15613660
15612490
15615282
15624069
15622529
15628901
15634348
15628082
15637404
15640427
15632405
15635198
15631461
15642389
15625640
15642490
15626130
15628839
15631650
15646663
15637422
15637100
15630043
14114916
13399851
13408625
13412760
13383814
13367928
13340428
13347398
13321528
13288536
13382621
16858317
13220244
13182726
13150291
13105769
13118658
13113834
13100426
13101706
13104707
13100943
13108815
13113431
13142342
13109635
13107998
13117038
13109313
13111703
13098693
13122103
13096628
13110965
13107337
13102763
13097083
13102587
13122415
13135453
13169976
13173499
13172879
13199926
13203923
13236291
13237580
13262024
13271825
13290528
13311804
13323874
13333112
13352276
13667325
13311215
13313163
13327695
13341570
13378323
13388417
13410848
13120919
13110669
13117125
13115985
13117279
13113421
13114601
13115111
13117889
13114076
13122894
13113699
13116050
13117250
13121790
13109577
13127640
13111813
13120154
13118195
13114823
13116751
13123089
13110454
13121084
13123038
13118267
13108691
13121185
13114054
13112608
13135776
13163198
13157359
13174900
13190576
13209845
13199916
13236272
13234641
13251842
13254255
13292618
13279049
13298591
13304357
13315908
13919354
13135225
13111893
15638104
15640443
15634574
15626212
15652575
13210783
13161449
13104474
13111099
13113575
13114414
13110575
13127016
13115057
13182464
13113868
13110240
13110430
13108755
13115523
13119008
13116944
13124143
13120259
13113717
13113058
13116527
13117524
13131334
13116662
13117334
13114401
13102073
13119405
13119987
13115299
13109101
13115090
13106218
13115745
13104034
13123694
13105754
13109904
13111449
13143806
13147500
13143616
13167565
13163821
15663900
15618943
15628493
15627414
15618189
15616630
15619858
15634131
14844377
13377901
13396247
13391488
13424922
13425588
13774298
13190492
13232489
13250394
13254586
13266932
13270419
13268982
13294566
13296253
13303833
13310879
13332928
13878956
13197038
13195935
13215781
13224081
13254199
13235907
13264526
13269338
13284369
13286517
13632210
13232623
13245786
13250318
13262018
13262185
13312625
13280195
13300732
13309372
13326343
13328250
13354035
13342457
13365882
13388582
13410244
13389115
13429530
13427280
17001593
13304126
13275773
13256279
13246199
13206051
13173221
13148562
13120203
13104109
13115086
13111145
13127085
13111189
13111790
13112143
13116689
13114355
13103580
13115195
13119439
13113906
13110146
13121598
13115219
13115233
13122658
13111635
13113778
13114131
13107893
13113969
13117915
13105317
13110625
13116582
13137352
13142215
13160689
13325447
13152187
13134178
23465185
21100013
21152562
21099430
21119030
21133594
21119827
21084170
20129797
18141696
18117227
18072767
18121501
18001168
17952575
15618319
15615477
15606552
15616143
15608588
15610481
15612300
15615145
15613469
15606192
15606594
15606586
15608011
15628333
13921126
13158522
13185530
13186497
13211924
13217497
13249433
13259351
13256385
13253202
13275426
13294263
13290144
13314329
13327861
13355301
13330740
13340898
13643601
13289399
13303381
13298745
13298561
13331079
13348873
13353458
13364238
13375938
13409359
13429880
13399980
13407481
13421116
13376632
13365483
13358588
13344208
13332536
13319109
13301535
13264252
13259472
13252029
13206598
13194944
13165369
13140956
13098902
13119904
13109499
13112655
13109482
13103073
13101204
13107784
13099646
13106981
13119370
13105531
13108102
13231522
13097235
13106895
13400885
13107075
13103773
13106789
13247148
15679931
15619458
15613044
15598810
15612332
15613581
15610027
15616352
15616266
15607811
15612846
15604127
15617986
15612677
15608851
15608737
15613735
15608178
15605041
15609873
15615498
15612649
15616749
15602294
15616280
15611163
15616077
15612511
15611192
15612358
15718162
15635776
15637082
15624811
15632886
15624177
15638227
15636550
15639349
15640420
15637359
15631186
15630026
15630108
15621650
15615714
15725874
15779231
15621329
15614775
15612981
15614751
15625062
15614948
15621070
15615768
15857432
15599710
15595671
15608197
15603461
15606210
15602597
15603123
15601451
15604862
15617114
15600153
15602993
15598694
15604409
15605835
15601810
15607590
15603518
15608293
15600456
15606462
15596855
15597279
15605751
15601282
15598472
15603836
15601364
15602042
15593449
15607916
13733717
13092937
13106976
13087372
13109106
13095393
13094400
13098677
13088104
13085178
13095755
13094810
13396634
13083564
13360523
15601227
15597620
15598456
15600099
15601882
15600324
13958382
13246236
13265040
13273975
13299850
13305805
13339380
13334702
13361848
13377662
13386312
13378175
13364800
13334053
13320128
13294033
13281610
13241049
13213085
13187652
13163356
13120777
13111065
13102004
13101413
13097622
13089582
13108716
13096530
13088788
13097162
13102042
13117965
13098721
13105414
13107141
13101753
13100174
13133166
13516518
13103175
13098773
13106530
13102794
13113175
13100316
13106198
13106059
13110147
13099671
13109662
13112460
16686701
13235503
13257435
13261034
13302455
13311216
13311847
13322330
13325574
13359375
13381295
13401163
13412627
13383440
13370404
13345373
13340575
13321118
13326990
13301318
13270577
13240078
13208249
13179400
13151113
13094166
13105431
13104318
13105254
13100807
13093372
13121727
13093546
13099651
13097598
13104496
13101229
13099459
13103681
13625091
13097063
13304825
15613829
15624887
15616511
15617457
15614744
15612032
15622780
15615578
15613689
15616519
15619258
15606175
15622499
15613680
15608175
15620884
15624329
15610545
15619327
15628322
15620967
15601724
15609949
15598231
15602862
15605035
15616027
15594578
15610258
15605296
15607723
15598883
15599719
15608884
15603688
15600559
15598876
15594575
15602920
15593668
15592074
15602558
15599888
15598477
15594917
15597451
15608461
15590193
15596621
15596682
15585963
15599403
15600264
15599819
15598973
15602785
15597193
15612249
15594607
15593693
15612784
15602595
15601470
15595001
15600054
15590633
15599524
15605479
15598204
15610928
15599526
15605223
15600215
15601715
15600722
15602554
15593436
15593422
15602068
15595570
15601120
15601665
15596932
15597253
15594497
15598896
15597095
15613335
15592779
15591143
15639909
15592925
15582524
15596474
15605240
15600415
15598164
15593661
15605167
15590094
15603231
15607724
15606290
15610296
15591579
15592076
15604337
15608356
15608930
15604123
15616760
15599917
15620906
15606184
15597184
15605536
15613133
15624193
15619512
15621154
15625668
15614877
15615172
15613622
15615889
15627313
15614277
15608995
15608369
15607982
15619839
15609968
15614461
15611248
15605979
15620166
15610372
15617585
15606827
15606652
15618066
15611140
15612441
15614382
15618555
15606910
15603217
15605451
18747391
13484511
13092543
13098900
13092418
13086755
13094067
13097221
13088622
13087364
13114883
13103135
13101745
13093465
13090009
13095589
13098218
13099388
13094150
13076935
13089616
13094004
13116210
13137224
13150247
13147664
13192316
13197529
13221078
13242450
13253511
13267847
13291945
13306464
13317639
13329408
13332105
13336695
13383584
13387454
13785047
13305653
13313460
13318911
13340946
13342056
13475041
13347974
13343248
13355957
13374493
13686898
15600436
15602784
15596933
15600600
15593448
15603271
15603804
15591508
15598338
15593202
15588625
15617472
15604242
15614463
15622398
15620207
15612711
15611516
15609601
15600722
15609749
15620681
15609190
15612832
15616496
15601018
15600857
15595192
15600649
15579646
15598199
15601914
15592939
15606296
15596839
15601731
15598636
15604642
15600121
15594161
15604801
15598626
15602557
15594783
15596002
15596900
15598640
15592691
15593681
15599824
15589556
15594088
15588897
15599022
15603549
15594544
15587412
15590165
15599609
15586026
15592549
15596832
15599078
15592742
15596953
15582905
15591861
15605952
15590998
15597712
15591600
15594888
15594541
15599113
15607470
15583977
15594968
15587422
15593957
15599754
15597214
15617184
15600414
15600501
15599060
15590095
15587356
15593382
15604766
15587021
15597513
15593803
15600543
15604235
15603457
15598518
15597472
15630546
15589556
15602700
15603744
15595805
15599326
15605854
15601039
15613318
15610124
15606543
15596943
15589166
15600638
15594954
15610965
15599178
15596247
15592723
15594875
15604415
15595427
15610380
15601506
15590906
15602643
15603031
15596944
15590986
15604077
15592553
15595896
15601244
15586060
15587389
15599005
15597677
15592910
15602792
15596114
15593334
15590486
15604419
15627908
15619136
15625860
15624331
15636953
15622885
15633143
15630956
15623116
15630659
15623173
15626788
15628025
15627905
15623815
15633703
15619748
15617022
15639494
15623959
15629164
15634648
15644874
15625831
15626748
15646560
15626946
15617773
15611243
15610435
15609722
15613360
15620503
15625996
15616504
15619069
15615055
15624534
15616151
15615320
15621581
15616941
15614844
15609990
15616126
15613732
15618923
15622394
15616647
15609385
15619647
15619706
15621145
15617049
15621324
15651541
15618002
15627621
15604664
15615695
15583735
15593211
15604365
15603729
15609239
15725313
15592062
15597193
15598372
15593207
15589406
15605151
15601424
15588787
15608726
15601240
15602289
15596794
15621854
15609364
15608491
15608346
15607481
15612516
15608461
15611801
15613452
15607424
15606054
15608313
15618360
15613468
15615204
15612401
15611430
15612682
15599365
15611622
15608080
15607733
15608103
15615915
15606954
15614688
15616416
15607739
15606167
15609715
15623612
15609702
15608676
15613765
15609055
15604041
15605960
15614346
15604273
15621007
15624433
15617640
15618545
15624018
15622780
15639192
15640395
15627184
15626923
15629086
15627217
15629168
15641260
15644059
15637512
15641415
15617133
15625583
15622852
15635234
15641617
15636066
15619267
15623666
15622266
15621607
15615451
15630977
15613993
15610093
15605650
15618647
15612492
15632666
15603845
15600375
15608681
15601342
15625966
15594418
15608601
15510510
15604480
15593156
15592364
15594671
15600501
15600127
15587371
15604931
15595108
15599610
15604679
15600528
15607285
15607327
15624777
15598287
15608358
15597440
15595279
15605959
15607158
15610652
15601990
15608385
15596749
15596535
15605962
15602460
15607618
19801339
15618293
15619663
15621487
15622283
15618106
15626438
15625721
15630587
15628393
15620651
15625143
15620468
15621211
15623737
15629552
15625861
15624289
15629527
15626691
15623426
15620613
15618178
15618839
15637418
15627160
15627348
15622161
15624709
15617257
15791700
15623099
15625876
15632537
15624006
15615158
15611192
15630358
15621821
15620344
15617914
15631308
15620301
15613930
15625994
15616660
15628599
15628370
15628535
15617794
15627256
15623151
15622676
15624934
15628706
15622982
14983877
13094801
13095514
13100079
13088138
13096986
13100423
13090847
13106581
13093980
13095351
13097611
13102314
13095339
13319741
15622887
15624734
15619258
15617104
15613993
15627025
15625197
15619957
15621056
15621248
15599868
15600720
15604042
15602735
15604009
15600084
15590248
15600721
15600382
15611312
15613120
15599803
15600814
15613344
15612187
15599652
15602319
15604206
15604275
15614006
15608580
15601304
15604842
15604926
15602043
15604438
15604495
15608672
15604029
15604500
15603047
15606687
15604146
15601195
15601240
15607455
15613811
15599507
15605485
15610797
15603524
15590668
15599939
15598322
15601491
15595432
15603201
15608593
15594174
15603303
15609047
15600959
15605002
15600409
15594927
15592926
15599525
15590432
15610398
15598991
15600199
15596519
15599555
15613250
15602624
15614420
15608631
15591371
15604304
15601373
15608584
15602089
15608264
15606105
15610926
15604744
15604854
15615606
15611712
15598645
15593808
15599199
15596575
15593798
15616122
15611292
15606540
15606413
15613554
15605324
15618697
15619315
15618709
15644641
15628693
15650554
15655143
15646694
15647973
15639423
15668432
15657099
15639274
15651488
15643402
15647995
15647354
15667943
15641802
15629969
15632933
15629977
15631929
15608533
15645111
15630846
15634827
19316509
13128000
13109212
13120981
13108148
13174238
13095563
13087115
13096428
13096331
13092655
13095510
13106257
13098774
13108632
13086595
13108116
13128323
13170040
13188455
13182105
13178497
13200653
13224883
13247194
13270859
13279038
13293186
13327297
13314085
13399950
13311279
13342305
13330043
13354371
13362219
13406643
13399231
13374135
13356081
13335674
13324091
13290288
13263626
13237592
13231727
13174913
13140754
13127032
13101967
13093568
13086863
13102742
13097430
13089069
13081569
13093963
13107283
13092005
13102761
13095511
13098114
13089956
13093732
13095416
13093112
13081364
13098965
13120880
13116219
13145611
13167556
13442419
15603653
15602824
15609466
15612708
15669570
15604195
15608512
15613807
15615988
15618211
15609450
15611967
15608915
15605891
15611488
15618195
15609700
15607100
15603476
15603150
15605296
15616113
15616311
15612478
15613336
15609959
15612995
15611118
15620001
15609339
15610742
15604393
15610195
15618285
15603614
15617341
15613450
15606353
15608031
15610599
15608512
15605382
15628270
15615484
15616240
15613962
15612617
15614248
15611978
15618981
13103375
13094882
13103711
13112587
13123746
13134062
13171535
13167222
13164653
13177661
13178077
13197564
13218682
13227181
13251805
13301294
13260913
13295365
13296277
13304891
13335441
13346219
13357395
13388864
13409705
13392639
13372316
13432873
13383914
13355118
13346149
13321365
13297522
13279153
13239750
13235660
13188574
13158903
13117108
13118200
13101249
13104348
13110861
13101026
13102882
13088266
13106717
13103209
13095679
13258390
15623833
15623644
15617618
15617480
15621980
15615271
15622096
15620618
15618998
15614547
15617262
15612851
15617610
15622682
15620498
15616224
15618489
15620140
15619633
15620647
15617038
15619870
15623603
15613761
15612187
19815249
15612753
15610112
15609539
15611093
15614775
15608623
15624975
15615381
15625127
15621998
15624864
15623281
15622196
15616654
15609324
15611475
15611496
15619085
15613406
15628647
15621977
15616366
15775136
15602954
15610838
15619329
15605301
15614781
15617548
15630069
15611440
15615156
15422768
13219502
13239415
13274504
13281568
13300973
13306033
13322776
13352422
13380530
13394684
13372530
13362454
13335338
13317949
13297182
13291045
13254899
13212182
13190762
13164478
13121738
13089536
13098086
13086440
13094317
13074848
13104970
13092289
13111186
13085397
13088135
13090358
13093748
13087450
13089782
13101686
13108446
13088734
13083098
13087502
13274558
13611027
13092486
13658233
13086878
13096016
13644440
13099717
13102954
13086939
13089053
13075974
13094560
13098774
13081771
13090381
13101376
13101073
13085368
13105383
13086256
13092760
13088635
13094060
13092932
13086113
13090675
13092903
13083680
13113692
13139206
13155903
13173065
13195629
13200104
13221810
13252226
13276653
13269914
13299430
13318544
13345077
13342238
13349844
13391923
13405275
13403537
13371839
13728658
13377392
13388002
13389609
13385661
13365171
13351653
13330322
13290709
13303584
13249343
13212724
13181764
13156376
13137798
13095102
13102158
13094681
13088669
13104877
13081576
13110501
13128949
13099414
13088746
13093543
13092468
13092240
13090801
13089730
13100430
13087705
13098971
13084699
13094529
13117428
13097401
13135216
13125964
13152316
13181268
13187943
13218707
13231065
13244565
13288641
13314856
13319132
13340225
13344873
13359772
13386741
13679902
17896371
15611308
15623048
15632621
15623603
15620936
15621499
15626653
15614426
15619163
15640403
15620459
15612599
15637275
15622493
15614302
15612593
15623629
15622252
15622847
15620077
15614026
15609896
19833075
15620671
15630110
15603129
15621580
15617673
15617259
15636078
15634882
15623236
15638838
15626700
15624336
15619889
15623651
15626384
15622780
15638852
15621602
15617393
15625961
15627829
15629779
15623728
15631040
15614676
15610916
15634856
15622284
15617850
15613791
15629999
15613479
15623325
15624397
15620236
15621942
15633647
15629241
15610829
15627944
15625990
15626691
15624777
15621095
15623620
15623878
15630523
15623925
15619635
15620564
15632842
15626616
15631736
15619955
15623237
15622219
15613220
15638025
15614658
15613333
15625744
15609918
15610427
15608603
15613974
15613580
15614791
15614686
15611100
15614936
15611233
15606492
15608904
15603365
15618311
15625075
15464173
13823649
13376685
13088133
13104654
13093535
13095881
13099930
13124859
13135799
13124904
13145741
13178898
13215504
13216080
13226478
13230885
13253266
13271729
13304200
13311271
13335251
13346103
13353865
13485969
13388296
13402882
13391725
13378148
13378846
13356478
13329339
13318325
13314176
13274597
13261830
13242938
13636520
13305332
13280388
13263302
13237043
13232979
13197795
13166591
13186466
13134590
13102520
13102756
13102150
13090296
13112010
13093791
13099103
13083286
13090943
13074862
13092235
13090253
13084394
13084211
13091308
13088894
13080306
13089321
13086985
13083170
13087169
13087227
13117983
13116897
13156328
13188128
13189596
13185372
13223755
13226332
13271229
13265329
13289242
13290189
13317199
13316793
13356310
13335377
13367201
13363115
13413462
13386199
13397345
13372172
13346113
13352172
13331488
13289711
13271629
13246821
13258491
13188310
13162347
15596812
15616372
15610684
15607592
15607649
15607016
15609031
15602183
15610544
15608692
15597299
15612632
15609064
15767356
15598324
15611640
15613343
15594333
15629018
15626040
15635077
15627704
19809703
15626444
15636983
15646807
15639081
15632848
15646892
15649199
15650201
15611781
15613941
15609863
15613219
15616621
15619347
15606337
15609419
15609749
15605622
15621570
15616883
15618862
15612739
15608176
15608151
15604806
15618978
15620887
15614949
15609478
15607698
15607743
15612459
15616775
15609922
15608463
15608130
15596368
15597012
15599827
15610564
15609696
15609166
15601362
15596668
15606353
15595067
15605934
15602804
15610693
15599149
15601659
15608394
15600226
15603548
15616302
15635618
15613446
15607501
15623346
15614817
15615656
15619855
15623168
15615456
15613182
15617028
15622780
15613311
15619411
15604256
15599449
15600321
13574487
13091032
13128354
13584889
13208743
15591293
15594536
15613194
15601985
15595206
15594318
15605419
15597551
15604467
15601555
15607254
15606218
15597780
15599588
15611347
15608320
15596829
15608269
15595604
15593721
15604622
15597954
15604989
15591881
15597465
15590138
15606340
15591162
15600108
15606757
15598758
15597190
15609203
15591101
15595471
15594831
15603113
15595457
15605851
15597451
15608402
15596052
15599036
15616179
15588590
15597891
15595830
15611390
15608270
15599575
15611767
15594581
15605285
15596414
15596377
15596569
15612595
15598471
15599705
15593972
15606218
15602932
15598593
15603606
15603135
15596084
15594997
15608346
15597366
13294179
13262208
13296937
13242009
13206939
13161914
13140974
13138924
13499316
13167244
13135469
13103768
13096332
13094797
13102067
13088998
13106679
13097873
13105372
13093058
13106550
13093520
13101957
13114250
13116017
13105494
13101410
13087129
13107717
13093619
13149318
15593052
15592759
15603918
15602812
15605900
15608395
15607987
15606972
15594678
15611269
15611683
15600654
15606794
15604993
15606647
15599798
15606066
15610916
15596671
15613626
19752194
15599353
15597027
15602632
15623380
15607749
15608630
15597178
15595912
15613864
15616457
15596741
15612412
15600842
15604967
15614349
15609559
15600181
15630132
15614109
15623363
15616712
15602566
15616179
15608435
15604138
15598223
15615419
15604119
15605400
15612150
15598236
15590682
15597276
15595705
15623331
15603112
15609156
15614925
15617639
15620693
15619138
15632327
15604945
15602555
15605914
15614875
15610445
15617620
15599743
15607308
15641208
15632790
15624102
15638832
15615809
15628465
15627092
15623027
15622199
15622294
15637439
15626668
15620853
15628895
15626079
15623249
15618976
15631104
15632937
15616576
15608806
15599053
15596652
15619609
15603442
15609555
15605766
15604925
15619143
15597116
15606157
15597233
15618952
15594593
15594768
15589907
15597307
15601045
15599311
15611621
15595819
15605000
15590460
15606745
15600029
15597603
15601991
15593085
15606324
15595176
15598390
15588394
15600107
15595675
15600290
15601241
15589957
15594840
15601750
15597783
15599133
15603591
15604661
15595644
15608533
15603302
15602886
15601303
15607843
15613960
15603728
15610456
15605791
15616002
15616117
15605014
15607753
15605769
15617413
15606228
15611957
15608415
15606011
15610830
15606452
15624057
15607349
15607128
15608102
15606257
15602924
15608854
15606997
15620162
15616360
15611313
15612935
15618967
15617396
15615494
15619329
15626176
15616850
15613147
15620957
15614146
15617743
15616932
15627444
15613932
15657201
15612889
15609441
15615033
15617026
15608020
15594719
15597640
15588537
15597901
15589006
15600319
15587967
13376827
13566925
13307813
13334383
13349516
13394404
15612575
15607998
15602147
15595838
15609467
15597931
15591623
15602959
15601041
15595925
15597621
15601959
15596460
15588642
15615863
15600520
15654257
15602318
15586002
15586540
15608220
15594442
15598899
15608085
15599180
15593670
15591605
15601181
15601278
15585590
15592753
15598378
15591045
15601622
15598217
15593556
15611447
15593081
15600240
15586554
15597702
15605890
15588422
15604127
15596225
15596191
15595510
15597962
15599557
15600920
15596564
15595501
15603206
15599676
15597074
15589905
15597916
15594128
15596430
15599813
15597401
15608427
14066684
13316918
13321056
13350293
13396941
13390050
13411161
13380431
13376455
13340001
13323751
13304988
13279540
13273218
13241317
13211748
13209630
13141765
13104009
13096785
13092504
13089794
13095265
13100359
13100862
13082795
13106994
13089968
13092639
13104421
13099269
13083746
13099875
13098717
13101294
13631805
13083520
13154689
15603556
15603900
15616462
15613194
15612176
15617061
15629424
15613493
13979911
13282421
13323198
13324494
13356773
13372115
13395451
13389846
13368345
13341974
13350283
13290146
13284719
13249950
13222160
13192634
13207250
13171870
13149605
13083913
13094517
13084716
13101117
13095409
13105672
13086266
13093713
13092028
13094412
13081745
13095386
13087356
13101630
13087451
13110505
13169659
13116389
13093706
13102121
13099909
13112688
13114229
13140885
13132566
13175207
13190240
13192841
13200758
13247763
13249881
13273829
13286503
13301520
13306791
13349325
13342432
13373074
13730507
13310526
13321099
13366477
13369652
13408153
13404548
13383322
13357107
13336723
13326152
13296156
13285175
13251281
13226015
13191925
13166102
13154360
13089080
13126908
13104501
13085615
13100701
13118547
13098013
13107664
13094704
13090332
13092349
13107478
13098021
13096358
13103471
13108822
13370194
15589177
15596323
15598600
15600271
15595579
15592327
15594140
15609386
15603347
15605025
15603822
15603426
15596655
15615576
15606475
15613360
19951498
15614714
15611584
15634157
15622817
15618264
15612857
15611790
15632994
15617555
15613679
15623215
15629824
15621872
15612035
15616376
15610795
15608902
15626633
15627167
15605493
15614571
15633156
15610317
15623657
15609925
15615862
15616058
15620475
15612356
15607586
15611234
15603483
15613203
15607926
15634969
15610024
15598961
15594802
15618134
15620818
15623284
15629846
15609929
15610311
15631612
15625731
15619698
15630351
15626732
15629379
15637347
15619506
15609336
15595836
15619961
15617063
15600664
15606500
15611759
15603528
15614538
15605862
15614850
15611812
15617282
15612106
15604058
15598963
15609044
15594440
15605520
15622982
15604227
15613701
15613016
15613173
15608315
15609171
15611739
15601554
15625291
15619971
15647450
15602332
15596719
15612173
15611867
15596097
15602145
15612166
15607489
15604332
15612229
15599972
15599798
15613061
15612598
15612547
15611650
15608565
15612417
15607496
15608594
15611040
15612738
15612783
15616610
15614439
15613207
15612351
15614463
15611932
15627339
15613976
15605290
15606194
15620799
15601684
15608454
15618551
15611870
15616645
15613749
15610558
15607020
15610724
15611253
15607306
15612862
15608562
15610317
15609380
15599859
15612877
14612448
13161787
13147910
13188489
13173382
13219178
13209955
13251924
13242040
13260419
13292223
13303901
13317992
13355836
13360210
13398821
13423444
13359814
13341301
13351701
13388518
13392046
13363327
13344013
13314608
13285049
13255756
13250453
13229353
13196926
13181519
13143758
13091193
13096841
13091407
13095108
13091441
13094403
13092508
13089431
13087038
13093247
13087508
13161381
13095154
13103678
13092098
13095523
13364726
13534781
13096333
13115640
13091099
13095546
13096306
13105625
13092864
13100290
13093372
13098938
13098624
13091433
13086878
15304012
13281402
13255512
13218885
13194755
13159549
13132246
13108723
13094762
13096670
13101249
13085662
13098402
13093377
13102485
13095018
13095695
13091282
13089040
13100156
13116590
13102010
13104836
13114188
13101157
13101467
13096578
13100619
13132977
13141943
13161179
13200122
13200854
13587484
13145333
13150448
13178265
13191816
13200579
13257371
13240347
13243853
13259023
13273620
13301293
13324643
13333773
13346003
13372406
13405205
13402491
13379568
13368673
13342757
13335999
14068273
15604790
15596723
15609275
15594804
15593264
15591534
15602306
15595238
15600495
15597744
15593789
14677402
13230781
13254228
13254571
13279239
13289333
13295312
13329932
13342101
13354388
13386016
13408272
13390920
13363157
13357188
13344625
13303782
13290435
13490629
15620654
15635795
15618898
15614630
15620361
15610648
15621357
15620676
15615145
15601774
15614514
15614905
15616321
15615147
15617064
15621495
15624322
15624960
15618126
15626316
15624368
15613555
15620244
15619308
15632724
15613114
15612997
15612626
15615682
15613328
15610603
15619378
15607568
15611934
15616769
15616220
15608980
15618050
15615608
15611364
15598489
15635939
15605595
15599074
15593170
15594407
15596204
15602167
15595393
15599390
15589424
15591171
15596151
13411571
13105669
13092436
13105879
13100186
13089488
13107280
13098388
13101579
13095627
13115338
13095870
13091853
13103511
13098960
13092512
13103684
13108106
13106604
13102485
13100867
13099576
13098681
13101429
13097026
13100346
13104652
13136128
13134982
13150675
13165256
13181884
13190891
13204084
13221531
13230655
13250410
13278816
13276800
13572997
13242060
13263369
13271478
13289842
13293634
13861420
13439247
15585271
15601082
15591786
15607216
15591188
15600016
15587917
15608994
15594369
15594754
15601420
15592496
15599362
15600224
15603706
15593297
15597258
15605102
15590143
15594247
15596576
15598586
15595099
15594628
15604579
15598248
15598037
15604225
15601727
15598933
15604502
15596449
15597554
15598772
14160892
13274862
13253778
13224619
13207462
13164241
13121922
13101350
13098777
13108294
13093552
13096301
13100493
13107317
13092225
13099224
13119785
13101440
13095779
13105147
13101858
13108674
13102522
13109834
13094566
13106865
13100571
13098017
13086555
13100010
13109233
13100338
13122519
13139690
13145290
13187056
13194379
13197612
13195315
13233388
13234073
13256338
13254747
13297062
13314298
13338538
13341073
13373822
13420815
13403591
13378150
13365454
13344645
13316773
13298383
13797610
13372547
13349164
13323298
13310104
13294588
13263766
13223288
13203478
13172691
13161457
15611733
15607178
15622524
15625879
15629529
15622058
15620048
15615164
15632044
15623562
19736733
15631936
15612672
15637791
15637302
15612839
15615116
15614670
15635289
15618285
15622449
15616089
15624356
15628155
15621361
15629791
15622676
15623460
15619916
15684265
15604940
15605286
15611317
15599182
15608912
15604773
15603506
15606556
15596968
15595530
15595841
15610505
15618157
15613528
15608121
15617768
15626463
15629353
15619357
15620447
15617085
15616704
15609199
15608154
14003175
13257106
13292083
13300798
13322021
13334628
13384457
13373570
13393133
13344947
13340126
13315453
13300072
13278666
13266799
13220495
13186918
13155238
13121292
13116212
13093903
13095604
13096070
13078431
13281972
13093439
13094810
13080673
13102115
13086108
13099799
13081215
13105553
13075222
13089328
13085165
13093592
13089891
13105363
13093845
13099253
13114506
13156442
13138303
13183152
13253930
15596312
15595856
15608196
15604279
15597614
15600265
15591067
15590393
15591917
15604881
15614955
15605517
15611922
15603260
15599159
15608202
15613330
15602033
15599167
15604912
15597580
15608130
15617142
15637558
15625745
15637665
15620638
15623148
15635723
15615729
15629510
15633338
15619624
15637248
15623580
15628963
15613425
15624113
15627520
15612633
15624827
15611347
15614422
15625678
15616095
15609139
15609262
15617037
15611434
15615405
15621771
15606761
15625357
15623112
15624650
15621667
15611885
15622716
15612140
15610179
15602913
15618817
15619002
15626751
15620314
15614866
15617454
15620394
15612477
15614454
14715335
13222654
16850915
13370731
13400184
13402287
13387308
13382654
13343536
13293080
13298425
13270308
13248767
13210843
13186056
13137495
13137438
13100120
13091463
13089373
13118791
13089236
13264503
13249468
13105414
13098775
13095839
13096014
13098229
13365793
15599068
15596656
15601234
15597154
15606876
15593259
15605391
15599012
15596742
15596883
15591919
15601661
15600942
15608069
15597135
15587074
15596170
15595097
15637677
15622703
15642355
15623129
15608407
15619745
15619544
15776802
15608997
15629253
15606862
15609212
15616200
15614117
15596567
15593306
15608514
15598535
15595021
15603595
15594527
15604724
15607692
15602472
15602208
15599132
15600750
15596626
15588134
15605441
15613220
15602188
15615539
15604772
15609939
15598099
15610350
15607621
15602900
15612725
15606005
15603404
15606498
15618244
15606841
15601788
15604190
15602412
15600921
15610358
13196938
13212573
13242338
13259584
13277813
13299282
13339631
13326883
13357569
13382111
13379437
13341055
13335413
13311286
13294421
13284548
13264318
13205904
13214981
13215318
13182328
13138271
13118684
13079892
13081457
13081741
13094398
13210410
13355622
13079411
13090474
13077596
15631246
15609234
15614098
15615448
15625227
15622252
15625845
15624412
15629358
15615202
15615280
15626548
15627874
15614105
15622840
19753575
15625298
15627556
15624888
15609298
15617880
15614621
15618973
15618847
15619311
15611432
13229915
13200847
13160486
13116940
13097406
13093923
13093315
13085666
13100067
13098701
13089936
13091559
13111527
13104220
13120383
13107706
13109521
13101667
13103024
13102086
13106473
13100972
13098653
13088131
13101560
13111238
13124458
13144187
13172842
13168496
13199961
13201268
13244546
13265864
13634694
13187841
13205049
13253590
13247621
13270648
13284633
13306109
13326873
13322930
13368256
13374237
13392647
13383099
13377883
13349592
13323506
13291730
13278022
13250424
13218194
13180986
13169406
13117479
13077966
13093528
13095302
13100664
13110646
13110541
13114825
13116105
17190801
13187010
13203499
13216511
13233657
13244888
13256945
13478059
15593865
15599938
15597506
15596113
15601503
15593250
15607213
15605302
15615014
15614846
15596511
15600706
15597366
15602444
15608895
15613496
15601380
15608238
15606411
15600007
15618841
15615622
15611128
14570511
13098946
13107245
13114956
13145311
13165249
13171280
13204715
13223775
13225042
13259196
13258151
13267245
13277009
13305157
13323447
13341290
13356183
13392398
13391168
13409327
13375747
13359819
13350595
13320913
13297008
13242292
13234656
13212709
13179358
13566309
13208180
13186807
13155381
13117363
13104574
13076981
13075216
13071527
13081885
13090922
13078728
13088853
13092880
13074329
13079482
13067002
13081277
13112808
13088188
13075229
13085058
13085963
13109178
13112511
13149545
13157644
13175589
13163817
13212643
13210712
13238419
13230690
13266146
16860400
13398524
13363299
13355466
13325554
13299711
13249091
13237529
13214064
13170097
13149107
13105588
13097322
14114494
13221492
13173509
13154075
13842152
13248352
13175908
13140471
13075362
13097474
13072219
13101090
13077280
13688060
13084642
13079740
13161076
13101370
13073416
13089900
13090216
13087446
13088045
13091331
13074832
13081198
13073726
13085953
13074303
13088818
13074677
13078145
13068925
13113158
13129149
13160560
13183742
13205068
13203963
13253940
13254477
13264457
13289228
13314969
13327773
13353094
13385201
13673122
13305430
13344111
13342816
13384533
13392161
13367856
13350886
13354787
13314092
13291196
13273501
13248274
13208775
13189841
13157803
13110438
13075652
13082836
13086073
13076332
13083510
13103711
13087284
13092105
13087308
13086707
13086789
13084608
13085126
13093573
13090019
13094330
13080055
13096223
13089598
13108153
13118291
13142025
13166692
13157549
13202190
13191627
13219518
13219285
13243727
13242532
13272562
13281486
13291013
13297328
13319604
13326341
15608838
15615125
15604101
15622322
15614927
15605842
15607536
15621287
14920200
13086386
13083321
13083451
13080792
13083549
13070896
13076552
13089304
13089577
13062099
13077403
13081518
13149332
13143705
13193984
13170896
13206074
13225845
13266452
13251147
13312753
13325250
13348952
13352869
13370226
13361142
13403734
13338006
13298190
13844730
13389295
13359252
13349986
13309137
13300024
13275658
13241632
13204255
13177257
13143815
13124702
13084889
13080339
13083853
13086467
13077723
13077480
13088084
13091219
13084113
13078572
13083088
13084005
13069350
13074049
13084668
13078396
13075353
13094763
13137431
13148211
13172174
13196386
13230751
13236966
13263137
13298607
13310196
13321132
13347127
13386461
13387592
13361298
13340915
13296933
13282074
13243176
13226006
13219522
13159392
13112780
13096079
13096975
13083788
13084102
13087991
13095074
13092606
13085543
13083281
13367712
14117845
13282523
13280413
13272686
13208616
13193537
13171188
13882918
13283934
13232714
13215051
13195645
13162353
13118281
13100863
13103110
13107809
13089684
13080994
13082909
13096886
13094723
13091928
13088054
13083815
13100129
13088282
13092219
13075516
13081735
13092896
13093085
13109992
13683799
13090752
13096151
13090821
13086796
13093646
13091897
13101724
13135711
13135737
13146994
13184098
13190168
13228318
13218928
13212576
13230160
13250981
13275820
13286815
13313724
13380539
13311974
13320281
13340209
13379005
13410717
13368547
13341156
13328840
13318951
13277588
13240036
13206984
13190911
13130840
13077204
13086800
13082232
13078740
13082851
13089603
13092477
13076994
13091013
13081380
13073860
13071790
13094132
13081492
13089380
13091766
13091856
13083382
13084698
16642927
13240528
13252365
13277098
13292512
13322942
13346548
13393408
13281881
13335957
13333487
13621698
15621033
15632550
15624198
15632404
15626947
15620705
15624876
15622409
15638901
15614700
15626004
15619826
15623612
15610372
15614302
15607463
15610385
15623128
15615811
15619701
15614323
15617686
15611795
15615262
15613519
15604480
15617803
15610559
15624624
15613449
15617655
15617150
15622011
15618227
15613845
15621628
15606173
15611141
15602988
15610323
15614844
15606616
15632191
15611038
15618209
15613495
15624942
15620052
15601254
15619567
15609889
15610976
15619513
15608882
15614991
15606019
15606994
15608465
15605408
15615778
15614505
15613793
15619821
15616646
15600851
15623016
15620897
15603453
15606487
15618512
15618055
15606071
15615743
15611226
15611250
15604597
15614167
15618713
15600450
15619859
15611842
15609213
15609522
15619946
15614678
15603587
15610011
15609667
15602533
15619764
15600539
15602940
15593795
15601995
15591325
15595548
15606709
15638625
15601491
14940635
15593621
15586636
15596798
15604466
15601762
15598178
15600011
15591322
15599358
15598609
15592573
15596866
15587315
15596165
15605983
15602475
15610965
15589081
19734986
15599313
15601587
15613323
15614725
15612071
15599539
15613925
15624518
15628787
15624619
15621363
15621553
15617981
15627669
15629280
15628174
15631775
15626084
15636838
15621945
15617520
15615610
15627438
15633228
15624611
15624695
15621486
15633004
15628324
15611029
15620101
15616112
15622263
15622089
15617881
15620394
15614410
15630346
15624684
15633644
15631115
15618799
15622623
15615556
15620202
15607134
15626249
15623532
15628353
15613158
15613926
15609285
15610238
15620401
15604781
15619896
15614129
15612937
15621637
15631779
15623926
15608991
15628253
15623873
15615884
15616289
15633582
15641609
15612277
15616905
15620018
15628961
15646711
15611153
15625647
15614350
15625290
15616582
15636852
15615241
15606554
15590334
15600881
15593789
15594549
15603433
15587087
15583576
15597401
15591176
15584120
15599730
15603819
15600524
15596627
15596594
15601594
15589612
15590686
15587467
15587872
15594087
15598253
15605588
15593556
15598652
15599099
15590282
15592445
15604657
15586771
15589587
15599622
15589872
15589862
15585683
15588440
15588151
15589211
15590939
15588096
15604099
15602518
15592075
15597086
15599954
15604100
15594193
15588475
15606161
15596140
15593736
15604501
15591206
15589014
15605885
15600824
15592049
15584436
15588844
15606847
15601785
15601200
15604382
15600389
15603654
15586904
15595138
15596196
15598873
15599708
15616092
15594351
15605265
15599757
15597302
15596266
15594008
15600367
15587792
15603514
19795985
15591952
15610787
15598335
15601858
15598330
15599700
15599170
15603164
15609445
15594652
15597391
15601672
15621523
15619643
15613983
15616426
15623658
15615642
15623735
15612139
15605710
15598071
15607801
15604206
15596874
15600535
15598696
15611410
15608871
15600591
15597046
15599829
15609966
15615528
15607165
15596553
15613796
15616730
15599935
15603345
15613408
15602476
15596559
15605561
15603128
15595048
15603288
15603824
15606888
15596556
15611893
15602091
15606435
15603760
15609634
15603823
15601316
15603155
15598766
15608261
15622144
15618434
15608609
15616776
15609098
15595398
15613497
15618203
15615998
15606280
15613470
15608972
15608171
15624620
15612925
15607738
15611407
15614424
15621898
15609849
15619312
15605041
15596438
15601094
15597290
15607072
15602732
15608300
15605292
15602655
13409438
13090179
13093159
13106313
13090609
13094924
13095800
13094471
13086392
13091776
13098706
13099997
13096633
13092207
13095258
13091229
13120000
13100239
13103341
13097504
13105002
13094687
13087493
13665651
13093523
13096767
13096924
13098880
13364203
15611405
15608056
15602607
15611510
15608216
15613606
15638121
15617640
15611151
15615238
15633623
15619802
15617284
15637566
15616221
15620423
15620896
15621577
15626989
15613494
15628651
15625410
15620878
15626216
19744013
15619060
15618615
15621169
15638312
15628671
15635911
15620534
15619530
15630170
13086506
13092685
13095410
13102495
13097643
13100310
13100572
13102513
13101079
13098063
13096125
13496022
13112035
13104270
13092943
13103076
13106018
13119271
13108112
13130317
13097336
13108515
13148686
13234477
13254735
13340679
13399264
13356358
13262665
13182537
13099071
13106819
13106791
13136549
13113413
13097370
13096170
13157269
13207804
13260460
13352941
13415540
13342398
13265688
13184196
13103681
13118271
13107994
13107873
13107745
13126054
13087769
13173163
13204029
13258873
13304391
13389047
13353025
13276127
13195080
13109303
13112580
13109148
13108492
13124704
13157182
15832721
15588036
15582708
15607054
15591966
16095612
16693191
16787323
16933482
16645049
16613489
13798583
17017573
46999556
27682018
17569001
21118459
715551672
146705553
18186119
22637665
18165336
18170613
338691965
19014365
411626177
15582380
15574176
15573188
15571181
15580372
15575147
15582952
15580661
15594889
15574626
15577241
15582078
15595453
16301732
15577714
15582919
15571803
15597151
15581997
15586629
22333277
22973518
22313530
54837637
41700117
16731488
23143112
18438952
20555860
17415447
17745135
28809880
32290883
17366862
15602660
56598816
19482193
19009656
19833709
18179793
18199465
18216550
49699426
45060923
19143437
19086350
18242324
18981345
152292495
46311914
22073042
19760019
21348282
24161777
76095770
23006828
56751444
20326276
21125717
18333798
21395388
19059313
26387832
22977229
24831467
18778805
235003445
20368465
19302264
18198726
18234419
18337207
18190359
18192280
15626495
15614299
15620897
15617948
15628545
15634757
15613306
15621860
15677829
15620690
15609908
15625362
15626957
15626499
15710984
17184167
19377580
17114000
17057574
15647253
15638884
20660529
20292760
20132710
20508438
37910228
19091373
131162014
19606111
18724451
202474084
17993863
19916686
21166371
13590070
144267755
15595448
15593516
15582485
15616047
212810442
12441398
12858791
12169087
15351695
15587612
15594184
323657890
15602798
15592093
219458183
13998410
11995926
12344124
12152739
12009740
12022447
11964288
11856668
12153373
12163574
12156299
12341371
12716408
13288403
12455052
12194112
12190970
12170583
12819854
12678019
12162755
12173344
146339216
17220238
18146825
18430365
15931931
15713425
15636890
15629093
15629986
431448361
23792460
15668496
15673868
15593039
15637292
16071751
15777904
15602643
16813548
15733021
16568209
15593020
15598815
15809258
16432790
15765833
15752066
15572850
15589141
15591219
15575445
15589195
15589627
15604806
16937074
16785528
16796843
26162628
18186793
18193931
18793302
19122337
18186011
18191485
19101559
21091746
18190565
18781738
20843783
19554869
19632893
291646475
20309161
18276577
18259787
19270494
230624708
21376755
19880452
19120461
22424518
23892507
57588969
20863457
19634906
146627726
262558038
19939642
18426498
20123149
278533003
18263379
18273572
18683546
18531674
299441689
18205009
18206283
18208830
18201033
17697150
17643698
200621319
17745602
17738303
18835848
19836857
20687511
21789593
21959512
28620197
19320667
18829892
34739898
31497413
54203727
37791039
18945474
18604250
18564856
21472219
18775098
20512982
20992137
19967147
18570978
16655218
16239319
15674695
16354892
16398329
16130288
16351326
16323611
15654750
15661847
16636191
15663339
15658114
15653195
15961711
15656343
15692353
16847420
16518351
15858141
16458480
13060735
13396848
13422093
13351509
13254976
13178089
13107829
15479148
16003329
14217950
13297705
13307794
13333194
13839732
12379282
14159585
15241837
14927216
15669262
15584704
13725259
14606178
14142742
13786088
13725071
13885434
15318099
13929786
13851947
57179781
18083265
133474225
16778836
21012308
22239367
20539960
20737247
124280390
24446590
21260618
67893234
24459927
41238061
34928333
32660095
18112279
15634363
16381647
322063061
20365919
18524374
18214118
18276864
18193021
41450914
33574828
23332486
22163031
22755261
19931750
19858855
19499085
18826555
497698425
23819295
24714419
18258534
19526804
18723316
18232135
18243349
18243072
18229478
18240914
18232773
62159540
20045809
22129262
23023983
18403253
106382820
19563404
20329344
18548013
243202545
23880680
24871823
36134838
22269083
24777492
137075095
18185017
18197721
18181841
23683008
81165706
15635220
15600724
15703609
15620229
15591170
15585154
15590438
15589314
15588278
15584417
15598021
15589264
15589550
16391960
17021670
17236994
16653184
17694399
17076297
17388258
15602490
15756182
15639149
15592807
15592494
21502555
116983476
18204822
70390130
19886093
19973293
18227042
18218472
18204529
18206400
18435676
19448723
85371972
24788839
19562052
96451506
20047089
19828861
68731540
109693696
16134472
13731846
55831432
166319222
18293919
18260232
19048550
32589447
231076835
18936527
19229032
163888682
20938749
19087533
18265861
237134886
20127619
19816085
19595294
18521847
160935025
18729466
20026623
19999261
106069105
315970914
21039908
18329000
18355305
18331822
226433499
18191045
18217577
18173685
18996990
13044214
13656874
13110414
13102316
13927397
12727803
324419229
12366553
218462731
16507746
16737878
16337092
14283520
13065660
15892648
16390018
16370785
15323770
13335267
13335596
13305940
12489289
19077660
12754562
24903354
60172330
18185026
18160316
18168293
18168450
