20072353
18200585
18214842
18202787
18207291
18212204
18210903
18205292
18215176
18202858
18252404
24083245
11084129
11050155
11030955
10995779
11009482
11001206
11320063
11009235
11016158
11001034
11009029
11004226
10999262
11011791
11009256
11009167
11007886
11010062
11006507
11006256
11141892
11013101
11007278
11012113
11008500
11134116
11002732
11011296
11004278
10998979
11008146
11012039
10999906
11020026
11005756
11006143
11010091
11156471
11192598
11007418
10997966
10995339
11007359
11003181
10993391
11006972
11003335
10997416
11002115
11006952
10995206
11006859
11001742
10997954
11004759
11014226
10992752
11006943
11008188
10999439
11004126
11140764
11005264
11009537
11005671
11008374
11011633
11008159
11017225
11011151
11006380
11007780
11005978
11011649
11011854
11005563
11005097
11011789
11005963
11006131
11008460
11007365
11008019
11008646
11013443
11005261
11008269
11005045
12211057
12208807
12214281
12209611
12207477
12211953
12210048
12210800
12204597
12470535
12206185
12200326
12192296
12200451
12195325
12195934
12201511
12193741
12198819
12205333
12200007
12189454
12201767
12192768
12195532
12194348
11586060
10991912
11003854
11000251
11004317
11002435
10998313
11210112
11001907
10998286
10990807
11009166
10998566
10995159
10997133
11003410
11000560
11000468
11008298
10993911
11000215
11008915
10997581
11006848
11002699
11001303
10996738
11001364
10997147
11006615
11005814
10995837
11000935
11144179
11004257
11006090
11006464
11002931
11005209
11004685
11004924
11008207
11011950
11002841
11007731
11010453
11001223
11004178
11005724
11005820
11007004
11012734
11005310
11004701
11006523
11004379
11007675
11004647
11005672
11012327
11007366
11005811
11005654
11003360
11002819
11009694
11006882
11005305
11010261
11011727
11002311
11006107
11143883
11686134
11008160
11009158
11003630
11010917
11005872
11009523
11140360
11003636
11375159
11005682
10999683
11002204
11009678
11004741
11008356
11108662
11011837
11019344
11011120
11007231
11012647
11012773
11012464
11013054
11010689
11010033
11018906
11391052
11009691
11004599
11001851
11018558
11007454
11200941
11020756
11015662
11007059
11013412
11012164
11010395
11018369
11018393
11006700
11015558
11409968
11008596
11018109
11017128
11016674
11018332
11018235
11009979
11019934
11013912
11009744
11019216
11018278
11010778
11020585
11014540
11020303
11017582
11021859
11018603
11018297
11016675
11017155
11012214
11017324
11019580
11023223
11011182
11020106
11155208
11296833
11018800
11020805
11020115
11023197
11026496
11018959
11030720
11022308
11018119
11020227
11021744
11002833
11022507
11018252
11041098
11022823
11025995
11020685
11027513
11020231
11020310
11018032
11019409
11013934
11027093
15619259
15618387
15625614
15623322
15622576
15620144
15616750
15615154
15615850
15619010
15620158
15062402
12213105
12213203
12214456
12212037
12210918
12217799
12211192
12213553
12219924
12213740
12211846
12207787
12209828
12211215
15608279
12221908
12541275
12200964
12202402
12203223
12200479
12572309
12214963
12207720
12207553
12208431
12209492
12209749
12211680
12205950
12208772
12210141
11006287
11008541
11003646
11005045
11014668
11002636
11009715
11004896
11009550
11004779
11007948
11004440
11009502
11009658
11008027
11009011
11015312
11015661
11025040
11014519
11008277
11014952
11012200
11000782
11011326
11007299
11007634
11003491
11010590
11002895
11004086
11009048
11003211
11007434
11011490
11011554
11018456
11014464
11007570
11002607
11009567
11002253
11007219
11006204
11008412
11003356
11013863
11005769
11008463
11012349
11004331
11008553
11014964
11004214
11009682
11011528
12216015
12218311
11513942
10996494
11007409
11010921
11004982
11008920
11012127
10997093
11006587
11011843
11001326
11008659
11003755
11003408
11004928
11009753
11001314
11007276
11012996
11395012
11008553
11013252
11001358
11004942
11008056
11000547
11006372
11011085
11005234
11006870
11004988
11012229
11006661
11003819
10998802
14409520
11007836
11009833
11384932
11017276
11009130
11018902
11019126
11010208
11017361
11017018
11015725
11023197
11016227
11010568
11018849
11018205
11008664
11019185
11019865
11167559
11008622
11008778
10999963
11006516
11006027
11001831
11008609
11008491
11000116
11007611
11008733
11002191
11009037
11142132
10999618
11006103
11008029
11003851
11013405
11007852
11000754
11019263
11007288
11001141
11010576
11016697
11293393
11006144
11007878
11013678
11008355
11003589
11003041
11005855
11003246
11004538
11004146
11007135
11005408
11011930
11005504
11004471
12218017
12215240
12223090
12472240
12201248
12201974
12200253
12200273
12201700
12486167
12200687
12206461
12199955
12201458
12204463
12197896
12203108
12199279
12209069
12201876
12202110
12200283
12203871
12201751
12201402
12205183
12204095
12366704
12210656
12199898
12199034
12198259
12201611
12200329
12205498
12200731
12208322
12327219
12206936
12205117
12205616
16544838
12205905
12204617
11459064
11021409
11229877
11009964
11014366
11019558
11013023
11013700
11009891
11018229
11016551
11023708
11006351
11017291
11021245
11014514
11406485
11007498
11006081
11005566
11004931
11006057
11004466
11004171
11005245
11005776
11006991
11008675
11141362
11005205
11011490
11002479
11000920
11006624
11005679
11012625
11001938
11005323
11006174
11002517
11011465
11007996
11003883
11009086
11004254
11005892
11004054
11009170
10998999
11011871
11006695
11002484
11005058
11006300
10997271
11006377
12215526
12208153
12210173
12212514
12210142
12208726
12211345
12487375
12202063
12196532
12204876
12209798
12197952
12201986
12203758
12199157
12204746
12198078
12195430
12204888
12208159
12198889
12485812
12211380
12488234
12202457
12210375
12201597
12208415
12197040
12199909
12194581
12199449
12198379
12202613
12202966
12200463
12206651
12202952
12202261
12202430
12201186
11444128
11218500
11029316
11007520
11023783
12689917
11017307
11015721
11009238
11011390
11014957
11140352
11009184
11017843
11013395
11010840
11407056
11007526
11004242
11003248
11007063
11002554
11007240
11013735
11006187
11005482
11007471
11007139
11005788
11008968
11007831
11004930
11011596
11006566
11002567
11003377
11014106
11146965
11146817
11285173
11076789
11425141
11012236
10999837
11004308
11005147
10994942
11008486
11004754
11003556
11003153
11015576
10997696
11007369
11007638
10999280
11002749
11005413
12197639
12200783
12199387
12200448
12202875
12488987
12210748
12213028
12207711
12211547
12208584
12214513
12213529
12212431
12212179
12210015
12215696
12211686
12208667
12211909
12214958
12210579
12505174
12211077
12212614
12211151
12211142
12215301
12219075
12212257
12211397
12208950
12209521
12206630
12214679
12212479
12209717
12212571
12215971
12216510
12419275
12204112
12208325
13273276
12209636
12214249
12207823
12206304
12202827
12202866
12203271
12203549
12204485
12214174
12210320
11461781
11003872
11004449
11006543
11215376
11769822
11294384
11012307
11009354
11012176
11009264
11010242
11017284
11012963
11011716
11012648
11007100
11005637
11015281
11012121
11011535
11016396
11015523
11015999
11010897
11009966
11014490
11013581
11015713
11009391
11013833
11012466
11016705
11016152
11012886
11012363
11010952
11017033
11011512
11017343
11011217
11010936
11010067
11010168
11005926
12198492
12195123
12199116
12208251
12202146
12199946
12196760
12195778
12199311
12203832
12196819
12201220
12482886
12207127
12210446
12216730
12207499
12207584
12211786
12209561
12215206
12210540
12207302
12207867
12207656
12208477
12210980
12211257
12212514
12486442
12200001
12198722
12201109
12201594
12198120
12204423
12196089
12201615
12201858
12199463
12200665
12201174
12201938
12197127
12208512
12201584
12296229
11006522
10991471
11001516
11005854
11000102
11006720
11005825
10992948
11007784
11002192
10996346
11004727
11008594
10998824
11001952
11009929
11388806
11010628
11009431
10995963
11001719
11008680
10999298
11004724
11004793
10996943
11139945
11012279
11008016
11016693
11015544
11013222
11010572
11013190
11010528
11010115
11010716
11006255
11144752
11273951
11000039
11007124
11007909
10997706
11003409
11011893
10996906
11006171
11001917
11004116
11004969
11003646
10999530
15613742
15620033
15619549
15616100
15614505
15616965
15612276
15615216
15625700
15613239
15628002
15618187
15612695
15617946
15615539
15608579
15614518
15617331
15611769
15616086
15615068
15617081
15613581
15614602
15615940
15617215
15612158
12605260
12199688
12200101
12209983
12202412
12199295
12200401
12197782
12651379
12200545
12199876
12201484
12206322
12197818
12196182
12199091
12199283
12195944
12199320
12196533
12198220
12201107
12198751
12198869
12202074
12199724
11464433
11003962
11005354
11009418
11012921
11004786
11005806
11145249
11009991
11008767
11009231
11010440
11006822
11016837
11011796
11005359
11012906
11009966
11013571
11011883
11014386
11008357
11013040
11019286
11005142
11009761
11016010
11012172
11015176
11011735
11009390
11014970
11012940
11010183
11017221
11016558
11011225
11012571
11008955
11007780
11154012
11009034
11007032
11009125
11008447
11149791
11002012
15610094
12271165
12208215
12203638
12216220
12477914
12197571
12199467
12198834
12195047
12198702
12195670
12195421
12199939
12205451
12197815
12200265
12201303
11796710
11005369
11003562
10996853
11015031
11011721
11010356
11004661
11007824
11000183
11005736
11007061
11000591
11003244
11009591
11003934
11005998
11008786
11003438
11380762
11011025
11005109
11014641
11013187
11011662
11007351
11008546
11010638
11013291
11011785
11005233
11012772
11016852
11014616
11012026
11014159
11013571
11008642
11370633
11012301
13908261
11006543
11009656
11003188
11002721
10999199
11001792
11006611
11003785
11004070
11001777
11006663
11008432
11009678
11010184
11379467
11012042
11008130
11012735
11016720
11005927
11017698
11010402
11008566
11013226
11014234
11006457
11009489
11014653
11004077
11014062
11019592
11003643
11007366
11008111
11370522
11012981
11016836
11005673
11013660
11016160
11007111
12213789
12215525
12212774
12208278
12210868
12209844
12206684
12210118
12206266
12216457
12208846
12209068
12209679
12212408
12215990
12207646
12208429
12215221
12207831
12209351
12475261
12200911
12205953
12202572
12203958
12206080
12213275
12197859
12204164
12203706
12202191
12199189
12206308
12199407
12200827
12204993
12203694
12448363
12201113
12196407
12202176
12203701
12203331
12198639
12203062
12199323
12477289
12202615
12195026
12199815
12619376
12196829
12205822
12197908
12199918
11543750
11000052
11006399
11004000
10997056
11009119
11007653
11005215
11004728
11003325
10998133
11009234
11002929
10998723
11007600
11005584
11010604
11010027
11011743
11006601
11009354
11007275
11012055
11006242
11009362
11002379
11009420
11004251
11005700
11007720
11004090
11000453
11002964
11008516
11004961
11012109
11010824
10998659
11007081
11003004
11001228
11005120
11006377
11000075
11005717
15631709
15628543
15624733
15623246
15625398
15626365
15618221
15625122
15624016
15628172
15628459
15644142
15616667
15622916
15636530
12200434
12198565
12206064
12198025
12200918
12200579
12200000
12200507
12202216
12199976
12198932
12201757
12201116
12202948
12200062
12201384
12200239
12472350
12199369
12478024
12198735
12197398
12198284
12198622
12195975
12206041
12202190
12201641
12199160
12655788
12215979
12206129
12205727
12211317
15106969
11023825
11006041
10998031
11005002
11007107
10997972
11006488
11005282
11007706
11000862
11005908
10994784
11004892
11006478
11139318
11839914
11307220
11006900
11011064
11001079
11114772
11009644
11003299
11011936
11011750
11006012
11011199
11012121
11005346
11013273
11011900
11006019
11028626
11283588
11009330
10998019
11008569
11009340
11005942
11002815
11003345
11006182
11004533
11002764
11003815
11003838
11007450
11005436
11009070
11002347
12198642
12203004
12198791
12199489
12199015
12201125
12200024
12198718
12206625
12471957
12208994
12207495
12214826
12204870
12204071
12206273
12207091
12208440
12213722
12209242
12211453
12212824
12210511
12210017
12219857
12204812
12210276
12204903
12199068
12205504
12203331
12198910
12197731
12200627
12195591
12204112
12196075
12194680
12199415
12203303
12204728
12200407
12480655
12206099
12207397
12203413
12203004
12208254
12204710
12206202
12205290
12207948
12206111
12212268
12207464
12202098
12209276
12209615
12210581
12170618
11018541
11019186
11011040
11017482
11016096
11017618
11017246
11013658
11014954
11016998
11016679
11016624
11015443
11018195
11016587
11017216
11408583
11011339
11158708
11012996
11015906
11015633
11009779
11011221
11014240
11004525
11011031
11015436
11015349
11011879
11021322
11008109
11013406
11020138
11010068
11014868
11020677
11008333
11012386
11020240
12208598
12209103
12218625
12212357
12211007
12213047
12219143
12206130
12218195
12211538
12209266
12211860
12204915
12208352
12211041
12211417
12214463
12212871
12208167
12217025
12213750
12339234
11007355
11004928
11006072
11015993
11002299
11009272
11007253
11002745
11009295
11005628
11004669
11006760
11006162
11003374
11005732
11147941
10998396
11006465
11005965
11244039
11003786
11011394
10996139
11013608
11011769
11000839
11004563
11003488
11001085
11138990
11015284
11007773
11013127
11027520
11008512
11011197
13959582
11008900
11012847
11016846
11006922
11022762
11018286
11013535
11017392
11015020
11008230
11016598
11016181
11005520
11011844
11017619
11008908
11019128
11392010
11000461
11001506
11003290
10995138
11006630
11006442
11003338
11002982
11005591
10995822
11007215
11003070
10997298
11003793
11153129
11203484
11016755
11013985
11008647
11015585
11017130
11009452
11014228
15620164
15609433
15614960
15610812
15618279
15614928
15619286
15618573
15621170
15603214
15615622
15605857
15613661
15613002
15616756
15614114
15614057
15612096
15616575
15607043
15618260
15613683
15620301
15612727
13817975
12192935
12196829
12199207
12201683
12198933
12214585
12201103
12196707
12197248
12200558
12193968
12198483
12195279
12200994
12203301
12200627
12472187
12211438
12206688
12210389
12203618
12215164
12213086
12206816
12212214
12217341
12205512
12210337
12211095
12205674
12208656
12214575
12207772
12210056
11433444
11007069
11014091
11001945
11006895
11015360
11007415
11009213
11015265
11007256
11008334
11009733
11015079
11005871
11010406
11012560
11114503
11006653
11002275
11003615
11005163
10997982
11003832
11004236
11003675
11000748
11007486
10996796
11004774
11000863
10995968
11000849
11023310
11000784
11003316
11006024
11124678
11008385
11013039
10999683
11010299
12199818
12205282
12195216
12199398
12200747
12203589
12195920
12195013
12196409
12196343
12195844
12195874
12199755
12199073
12197987
12197786
12200716
12197821
12201696
12196796
12198241
12204392
12202523
12199687
12199813
12198908
12196602
12197513
12199382
12201890
12486388
12206974
12211741
12205584
12209196
12210884
12225511
12203090
12218057
12203866
12213767
12208471
12205268
12203396
12208128
12212128
12211386
12484243
12209394
12205431
12209204
12206081
12213810
12215790
12208911
12212592
12214526
12206471
12211336
12208599
12208292
15452150
12207073
12206177
12073300
11007405
11002340
11014533
11010781
11009977
11011143
11008533
11013363
11010992
11018556
11009863
11012580
11010227
11009942
11008070
11017242
11427999
11015042
11011595
11007725
11012049
11006029
11010939
11013667
11149988
11002934
11003798
11011965
11094668
11282784
11011359
11012886
11014797
11014868
11016238
15648935
15649326
15650462
15641406
15640382
15654953
15642522
15645730
15642879
15656390
15655966
15650368
15639729
15636036
15644164
15641359
15652101
15648699
15634056
15652493
15636063
15648089
15610279
15632367
15614458
15622295
15622153
15610452
15611697
15617723
15613779
15620132
15622040
15620312
15606691
14329475
12200024
12208711
12200291
12198331
12201501
12208570
12203159
12203731
12197708
12199997
12205899
12206226
12194703
12200452
12202630
12197134
12285873
11016065
11006010
11014042
11018462
11153257
11014796
11014114
11008419
11013508
11904443
11384337
11406276
11014424
11014504
11139373
11004994
11389210
10998495
11006746
11007685
11002873
11008555
11005059
10998777
11008276
11007432
11000266
11008994
11010968
10999916
11007972
11011344
10996615
11006001
11007774
10998068
11004884
11006551
11001741
11007140
11010747
10998892
11001080
11011156
10998560
11005460
11007575
15609837
15615713
15614100
15610531
15616670
15613819
15613352
15607575
15622634
15606510
15613448
15609146
15611343
15606079
15613276
15614821
15611416
15617082
15608865
15604323
15613209
15615543
15615422
15611285
15610065
13952871
12205858
12205597
12205501
12211226
12201421
12206931
12207068
12202265
12203214
12209440
12200968
12209346
12207051
12204202
12202143
12206870
12541772
12206588
12204986
12206693
12206609
12211337
12211540
12208887
12209205
12204644
12202413
12207890
12206285
12211989
12202880
12201674
12202975
12210437
11002086
11005990
11004326
11007399
11010805
11011961
11003908
11150739
11002652
11006788
10998115
11005081
11008246
11005483
11008759
11009211
11401804
11007842
11001234
10993692
11004322
11005116
11161332
11023763
11019594
11015408
11145085
11283930
11011129
11012887
11010132
11014167
11018608
11026646
11008548
11011040
11020488
11149101
11017635
11024368
12209170
12202768
12209769
12218370
12200682
12220275
12203540
12202195
12211303
12206021
12205750
12204251
12209014
12203042
12210421
12212190
12205526
12204709
12206955
12207827
12209145
12199176
12197822
12199561
12198325
12204173
12201031
12210236
12204155
12208768
12198082
12434038
11018840
11012874
11019392
11017751
11016745
11015966
11025683
11011791
11017626
11018747
11016114
11015594
11020076
11016754
11017977
11017230
11010333
11016267
11017792
11066714
11012765
11013273
11011836
11023621
11015517
11021143
11015049
11018187
11016271
11014619
11014388
11016334
11010804
11013439
11009416
11017920
11008625
11015371
11402023
11011508
11018859
11017283
11010867
11019069
11020838
11009820
11016748
11021983
11011517
11019158
11020556
11010321
11015071
11019039
11015977
11012145
11010366
11010240
11011865
11014525
11004693
11019124
11019664
11008560
11011079
11018567
11004445
11011264
15614676
15616555
15610377
15617582
15622629
15613776
15612622
15629214
15631569
15633895
15626911
15629533
15633223
15626888
15620208
15629226
15624681
15635451
15633729
15628758
15622018
15621406
15626092
15623267
15634588
15643634
15628581
15631381
15629079
15620647
15627497
15625063
15630582
15629454
15612298
15615740
15607645
15615876
15615315
15617330
15614904
15609665
15622314
15612877
15603760
15615724
15614936
19756438
15617897
15603685
15617960
15612283
14168529
11004173
11001653
11000721
11003905
10995000
11004825
11001452
11001509
11008546
11003790
11000294
11156822
11010375
11005929
11008770
11006169
11393617
11015672
11017959
11017820
11013183
11010457
11010038
11021589
11414620
11014336
11014359
11012338
11014179
11011373
11008566
11013654
11018186
11011470
11012161
11021618
11012242
11019788
11013852
11010492
11012338
11014215
11009021
11014465
11018922
11011431
11010862
12215731
12210727
12213426
12208959
12210405
12206755
12211167
11231330
11007490
11019945
11014550
11007209
11015417
11015371
11012184
11017415
11021250
11007128
11014492
11017971
11001414
11016225
11014746
11013201
11011969
11014877
11005621
11013945
11011995
11009544
11016804
11012862
11013580
11397837
11016593
11011055
11015808
11015936
11005950
11032351
11011334
11011215
11013852
11011577
11004740
11155610
11000502
11001247
11005669
11004831
11000510
11005879
11404509
11000768
11008181
11119433
11001928
11005887
11002259
10996243
11001905
10998234
11004067
11002454
11005520
11003998
11006559
11002119
11006074
11003947
11000604
11133303
11011457
11003230
11015250
11016052
11016192
11018066
11012142
11008499
11015434
11147015
11009605
11016423
11022457
11014835
11016898
11014654
11398807
11014362
11014937
11004145
11014329
11019870
11010488
11016702
11014991
11008028
11015517
11012699
12229643
12218705
12227198
12226631
12223208
12219721
12218665
12218377
12220107
12214605
12221193
12210632
12213585
12210187
12216997
12221625
12224961
12216205
12221517
12213177
12222735
12216541
12213998
12222180
12232262
12213759
12225033
12212718
12494294
12199249
12204071
12199714
12204226
12207670
12207001
12200417
12199416
12232270
12200464
12203764
12205207
12208439
12207743
12206132
12199227
12200682
12475202
12194175
12208418
12201725
12204226
12206683
12203948
12201895
12202480
12206594
12197751
12199808
12214839
12197786
12200931
12205204
12201536
12016271
11009658
11000164
11301104
11715964
11390202
11013766
11010689
11016118
11010629
11012005
11010548
11010385
11007302
11024157
11012413
11006872
11019235
11142408
11146015
11285430
11069243
11413690
11024085
11007593
11016297
11013139
11009522
11015527
11016450
11009853
11014505
11019876
11017175
11015123
11019554
11013770
12208907
12200281
12195020
12197846
12202362
12199475
12200027
12203206
12200644
12195414
12208203
12198802
12201310
12196200
12200339
12200295
12206563
12199016
12203770
12199307
12199217
12193748
12206518
12197680
12195158
12198480
12195851
12199266
12203799
12202311
12196080
12194468
12197621
12197854
12201399
12201506
12199375
12196333
12187800
11012076
11014622
11011779
11012819
11015597
11011483
11017954
11012943
11012120
11010255
11014338
11013889
11013968
11013646
11014215
11014899
11016903
11011407
11477159
11013279
11016392
11015844
11011007
11018102
11023173
11021795
11017097
11014737
11008628
11012631
11014697
11008245
11012694
11012617
11013631
11021340
11014625
11008860
11002623
11006777
10994668
11012993
11009955
11004802
11018964
11006682
10998268
11007910
11005561
11000198
11012557
11010453
11008269
11011988
11401447
11005573
11012888
11021214
10998619
11008034
11005082
12214885
12216480
12222061
12210560
12215836
12219395
12211717
12212188
12214348
12211466
12213102
12218222
12213281
12218665
12210936
12212266
12205081
12210469
12216377
12216264
12210025
12208997
12216784
12214899
12211279
12213225
12213846
12210914
12212941
12208802
12209137
12210287
12214817
12206627
12207982
12210532
12209362
12212129
12208451
12205513
12208875
12210611
12206183
12208740
12488935
12209082
12208337
12211903
12207583
12208665
12211954
12210212
12208437
12204810
12206517
12207817
12212364
12212889
12207251
12210520
12211987
12217242
12198529
12201049
12196136
12195871
12201152
12200268
12202442
12200771
12202886
12195264
12197156
12195868
12195813
12197795
12193246
12199749
15561146
12401991
12203200
12209906
12206076
12209477
12207224
12201344
12207482
12211146
12201111
12201497
12210116
12208912
12210919
12007599
11533652
11010083
11011840
11408084
11004019
10997629
12212697
12213884
12206883
12208080
12212685
12214064
12210320
12211484
12210934
12213183
12220623
12211189
12212217
12213838
12216233
12213110
12212606
12213172
12210307
12212815
12216473
12212453
12211926
12211379
12213490
12203647
12215534
12206918
12209845
12212457
12213815
12212769
12212916
12211012
12211870
12211013
12211432
12212419
12209117
12214086
12211413
12211794
12218891
12214381
12211985
12211581
12217391
12209483
12208276
12209506
12210697
12212226
12206044
11987608
11009110
11015431
11012190
11005837
11016792
11023389
11144513
11006267
11003108
10995454
11001046
11011261
10999259
11000920
11004934
11000516
11221377
11022326
11417323
11010758
11011741
11011380
11014762
11016634
11015364
11012126
11011192
11007814
11008897
11009041
11152140
11002258
11003841
11020602
11006112
11004406
11001078
11403264
10994835
11025342
11005707
10999880
11149138
11004385
10997470
11006168
12210536
12209035
12635473
12194100
12208987
12200203
12196685
12201326
12205054
12201059
12192717
12197554
12197584
12197375
12202106
12201968
12198624
12201564
12194024
12196214
12199433
12198851
12192648
12202353
12192157
12480020
12210861
12211199
12214637
12210109
12223640
12216447
12214431
12216644
12214822
12212920
12212145
12217911
12213604
12217676
12207800
12216819
12210435
12214016
12210006
12210624
12213347
12211972
12212079
12213582
12211511
12214532
12209538
12211289
12479272
12201242
12478165
12205174
12202494
12205208
12201318
12208209
12205917
12205435
12205999
12215314
12207765
12202015
12200768
12202918
12644774
12211165
12212096
12483662
12211669
12212361
12206931
12208295
12207429
12216350
12207839
12209193
12207397
12206769
12208197
12213322
12213003
12208998
15729995
12205755
12479348
12197143
12197746
12198792
12200625
12201407
12200852
12196115
12197654
12197959
12219975
12205983
12211993
12208461
12206687
12212793
12210407
12209371
12209735
12218944
12211936
12210771
12216184
12216238
12210130
12211496
12211293
12210263
12217060
12214361
12211233
12215122
12207717
12215824
12209893
12209229
12214514
12208944
12216033
12207853
12212945
12211967
12212584
12211998
12210686
12217759
12212596
12213412
12206676
12207240
12210763
12207572
12213911
12215988
12208023
12212960
12210681
12208612
12217881
12211109
12205982
12210061
12209015
12210721
12210027
12216006
12210180
12205802
12214598
12214150
12213911
12216712
12211345
12487918
12205364
12198782
12203319
12199467
12206991
12203844
12213919
12198845
12200886
12204056
12199378
12196001
12205335
12210655
12206775
12201885
12213585
11521800
11003540
11004544
11007734
11009348
11019481
11008408
11012450
11007470
11007460
11002034
11007511
11007028
10999312
11008675
11006034
11008279
11007954
11012754
15617576
15612420
15611174
15623095
15617126
15623946
15627065
15623996
15612459
15618862
15616913
15617355
15614188
15621360
15626925
15615107
15617464
15611463
15618488
15614054
15608960
15626429
15614823
15631386
15628390
15626182
15635905
15641124
15645860
15644933
15634876
15634673
15628515
15631416
15631281
15643040
15632945
15629792
15636256
15635187
15623245
15634562
15624750
15634599
15633104
15638875
15633073
15627344
15646986
15618374
15626297
15625375
15611983
15618814
15612400
15629914
15609783
15616961
15627206
15622144
15617465
15617069
13407699
12219058
12217568
12210198
12215156
12218910
12215714
12211147
12214931
12213461
12212011
12216958
12211540
16203676
12213020
12215873
12209378
11880994
11022481
11146256
11000358
11006712
11151550
10999825
11007603
11009654
11005260
11164105
11147078
11008938
11014751
11034920
11366233
11021517
11330104
11028046
11022583
11015935
15622222
15624280
15620188
15619768
15628101
15619356
15631569
15623631
15625780
15641803
15646315
15640732
15645102
15645773
15648079
15632772
15642346
15642591
15643502
15638418
15647421
15648111
15649743
15636240
15666440
15649555
15641868
15643647
15644429
15647916
15652835
15647305
15646436
15636737
15647414
15643422
15643658
15630691
15649993
15654991
15645406
15643518
15646191
15643680
15638939
15648257
15644500
15641461
15648113
15645801
13214742
12217314
12487143
12218633
12212197
12220041
12225384
12216393
12215782
12220250
12217520
12216339
12214602
12215093
12217647
12223373
12222649
12495289
12229568
12224198
12220650
12223765
12223408
12226910
12228618
12212782
12223922
12224979
12228829
12228287
12222236
12226675
12220090
12219117
12287557
11027993
11013080
11019028
11016864
11010162
11020802
11026923
11171901
11023307
11027789
11022744
11029005
11173736
11032314
11031381
12214849
12214292
12190551
12197431
12464912
12197181
12203340
12202105
12193855
12196528
12202771
12199198
12196748
12201396
12197564
12196704
12210770
12201440
12198800
12200817
12198168
12200072
12199233
12201618
12197456
12199122
12202661
12197188
12197407
12200400
12195799
12198184
12204725
12199934
12198992
12199764
12201335
12195192
12200988
12196221
12201168
12197222
12201831
12199814
12198588
12193847
12201078
12200509
12196343
12203522
12199102
12196576
12207064
12198702
12200002
12193491
12198728
12199813
12203418
12199507
12199509
12198396
12205565
12197048
12196872
12199883
12198280
12198874
12196710
12200675
12197763
12473270
12192255
12198679
12198898
12199130
12199261
12203063
12199706
12194679
12195847
12198066
12204520
12200353
12203998
12195246
12199213
12197159
12441967
12195270
12196767
12196550
12196710
12203149
12201425
12202043
12198693
12197443
12197424
12194451
12232569
12209344
12218306
12217506
12228034
12218802
12222313
12214952
12211970
12220759
12227047
12217110
12235109
12240284
12237829
12236864
12243087
12227867
12219399
12228955
12230682
12244251
12211801
12209348
12205134
12211471
12208616
12209579
12207262
12218724
12205022
12207354
12206412
12209895
12207273
12210328
12205083
12211405
12215494
12206855
12208249
12214490
12203888
12207305
12213037
12203725
12206742
12212606
12205255
12207059
12210306
12208325
12205128
12210433
12205442
12207762
12211628
12206890
12206503
12216337
12211549
12203613
12218108
12211378
12208075
12209672
12210035
12209805
12207409
12209701
12210781
12206954
12217408
12209840
12212630
11995328
11006376
11012881
11013040
11006513
11013760
11018426
11010202
11011489
11012430
11144370
11019798
11014999
11006396
11013858
11013082
11011348
11027648
11027031
11392312
11012104
11014516
11019216
11022245
11022323
12212300
12215606
12211263
12207641
12218235
12210509
12214833
12214717
12216740
12219594
12211458
12209058
12214296
12209504
12215248
12221250
12214458
12228121
12211842
12212580
12213360
12215122
12210865
12212350
12214159
12211738
12209333
12227145
12232464
12236050
12241311
12235924
12216650
12239306
12235022
12236755
12235389
12228623
12217094
12238103
12233246
12231984
12228872
12230255
12230267
12228021
12232331
12229233
12227723
12219845
12225262
12236695
12225168
12228950
12224290
12225930
12232239
12244511
12231787
12234492
12229527
12236174
12216715
12231620
12230617
12243424
12225139
12230169
12224573
12228173
12224730
12234159
12223767
12224681
11029004
11035724
11021888
11029642
11023970
11027096
11025561
11028865
11021505
11034758
11049407
11027041
11029463
11030285
11032270
11032669
11025441
11025504
11033937
11387632
11010321
11015048
11026769
11019552
11029824
11034434
12470290
12194708
12197700
12200392
12204032
12196832
12199654
12199992
12199306
12200492
12640695
12202816
12199251
12198914
12198753
12199686
12197313
12195059
12201034
12193456
12201470
12195322
12479794
12203789
12208180
12203878
12207117
12207952
12212070
12204724
12207655
12200454
12207231
12209563
12208538
12196673
12203203
12194396
12197561
12205187
12201260
12201231
12201673
12194597
12200574
12200434
12197665
12195153
12196973
12203917
12197744
12204733
12195605
12195078
12206682
12198336
12198216
12203705
12200294
12193399
12199072
12196654
12198793
12202273
12201106
12204435
12200955
12198762
12197542
12476673
12200598
12275694
12209084
12209428
12207895
12211579
12208739
12211891
12648695
12197596
12196793
12200575
12202091
12195762
12192929
12199468
12194928
12196034
12202808
12470885
12196555
12203111
12200007
12201835
12203973
12198556
12196280
12200043
12192568
12199735
12201634
12195714
12197631
12202436
12198923
12199032
12197059
12196867
12194207
12199608
12199921
12199518
12208718
12201757
12198297
12202059
12202965
12199622
12198906
12203940
12202946
12196416
12195672
12197259
12201468
12208122
12199394
12201008
12196862
12197488
12200588
12198771
12197436
12200940
12209464
12196629
12199875
12203659
12196427
12193577
12201772
12194904
12205622
12198080
12197221
12196901
12199716
12196475
12199623
12196901
12197350
12202997
12206260
12197931
12201074
12197063
12203874
12199535
12199993
12196748
12206022
12197748
12194082
12199628
12196666
12194081
12201397
12197337
12200357
12200490
12200083
12191789
12204788
11568885
10998497
11001197
11004900
11002150
11011886
11221926
11003957
11011596
11014996
11006358
11011122
11008883
11009629
11014779
11008405
11007268
11009601
11011078
11398074
11005406
11002793
11004999
11002539
11018337
11000212
11002542
15614368
15616762
15613578
15613001
15609873
15619147
15618317
15613256
15611008
15616411
15612298
15608009
15620185
15620445
15612665
15620121
15616721
15612916
15612108
15619452
15611078
15613623
15619407
15606037
15613173
15616902
15614311
15622802
15617525
15620901
15610690
15626845
15612301
15624389
15619152
15624664
15609806
15620731
15612404
15622619
15622915
15619156
15612767
15609701
15608793
15627208
15613107
15622722
15623304
15629910
15617488
15611369
15626196
15617328
15622911
15621585
15610555
15620708
15619113
15617981
15627418
15564746
12214426
12211080
12213206
12211990
12219502
12220599
12216603
12207538
12217024
12212719
12208832
12206669
12218060
12211690
12214397
12212178
12209431
12481599
12208653
12205179
12209162
12206685
12209892
12209648
12203694
12204197
12206817
12206509
12206576
12209162
12204989
12200994
12209812
12205870
12014255
11002215
11005206
11005242
15611846
15612763
15604219
15612872
15608051
15635389
15615294
15613325
15613986
15612853
15624902
15606543
15625114
15613745
15610697
15615152
15608459
15602157
15612085
15625163
15611343
15616667
15617978
15609038
15610707
15618507
15619793
15615094
15634464
15631309
15626652
15634647
15628243
15631708
15627720
15631034
15627484
15633193
15628580
15636520
15625751
15633410
15631139
15629994
15632898
15627716
15637749
15630985
15624621
15634554
15625152
15630784
15627451
15633966
15626463
15636442
15629263
15626251
15627282
15627829
12535633
12213732
12206201
12209854
12214992
12211116
12223396
12213666
12204004
12210667
12215256
12208865
12208535
12215819
12211381
12214692
12205979
11951127
11010790
11014536
11018720
11014048
11015465
11018377
11017857
11015802
11014191
11025214
11011866
11152335
11015936
11151408
11007629
11008808
13939323
11011751
11413913
11017268
11019122
11005280
15611917
15617358
15620417
15613921
15630618
15625209
15617299
15618772
15621399
15611650
15624595
15618887
15625356
15628532
15620990
15624298
15618672
15621843
15623687
15609013
15620117
15613455
15628627
15620324
15622153
14916805
12221366
12211228
12217765
12217658
12213472
12228154
12216870
12209728
12219240
12215898
12212199
12218634
12219738
12216047
12216955
12228766
12212351
12223618
12236427
12209438
12219686
12212158
12210759
12216947
12215197
12215340
12214873
12213844
12213037
12214344
12214035
12217025
12224983
12210625
12493973
12203628
12207956
12202112
12200404
12209954
12378464
11019700
11014087
11215985
11009111
11010880
11330979
11414636
11281959
11013188
11004699
11013528
11012237
11003808
11123098
11010397
10997141
11019420
11007753
11002365
11002461
11019126
11005444
11016290
11008123
11005241
11001126
11001262
11002129
11138085
11009343
11134572
11013748
11012973
11024344
11026148
11035880
11013009
11023500
11015435
11020047
11026697
11015602
11149222
11010772
11014653
11006449
11017643
11014977
11004999
11014371
11016523
11011767
11215781
11008159
11008334
11004507
11002894
10997498
11006884
11007264
11001622
11010569
11003058
10998528
11007163
11141458
10999391
11004799
11001774
11004199
11002677
11011449
10999063
11005534
11005211
10997926
11004367
11006579
11138488
11006509
11001751
10998000
11004672
11016247
10997482
11006986
11016692
11006070
11000946
11010210
10998865
11008565
11005995
10999706
11009118
11010328
11008424
11008502
11000686
11002260
11007109
11006658
11009933
11003235
11004874
10999802
11007071
11008611
11000226
11005617
11005091
10998053
11007846
11002635
11003307
11002851
11005975
10996269
11000420
11003699
11000288
11007118
11009366
11003767
11003423
11001100
11395268
11003293
11010965
10995263
11003916
11011632
11010769
12206135
11006155
11004208
11001166
11001453
11004455
10995798
11003113
11011881
10998672
11002386
11007813
10997699
11005380
11005380
10996522
11002754
11009973
11001261
11002706
11005005
11019593
11011168
11004693
10996226
11004925
11002958
11008000
11001154
11008006
10999587
11003702
11004629
10996250
11003754
11003354
10999134
11003712
11005796
11002653
11005633
11003989
10999266
11003326
11006560
11005075
11009893
11003970
10996956
11000161
11002398
10996843
11003474
11001118
11001446
11003061
11006714
10996354
11000975
10999656
10999077
11002102
11003015
10997857
11006616
11000371
11001740
11003037
11003117
11017892
11008809
11005079
11002773
11009282
11010723
11011091
11009102
11006958
11013833
11009243
11006667
11012105
11009310
11007828
11011792
11007790
11010044
11004733
11014687
11006848
11014525
11014085
11008776
11008144
11015080
11006282
11005023
11028828
11016510
11013056
15658712
15627751
15630619
15624560
15624247
15634793
15635723
15626938
15629410
15621028
15631096
15628708
15633767
15633223
15633605
15630970
15634905
15624989
15624471
15617213
15629931
15630075
15626642
15632276
15628294
15628258
15625180
15628760
15630169
15629964
15628000
15624596
15633268
15624772
15621486
15632636
15632189
15630368
15625033
15634564
15629497
15639699
15630727
15626578
15630243
15625255
15639231
15629555
15623858
15620280
15631947
15632571
15621351
15638756
15621899
15625365
15623251
15629913
15638632
15626137
15629783
15624730
15623945
15627044
15630991
15623999
14371032
12210214
12205132
12210631
12212131
12206439
12210768
12211911
12209128
12212626
12209844
12212365
12209320
12208366
12208745
12210566
12210715
12315010
11007580
11001909
11002864
11122910
10995104
10997334
10999497
11084659
11008950
11009503
11011317
11004485
11007058
13925724
11005204
11009958
12211321
12205324
12209463
12207582
12208816
12203984
12219050
12205107
12206498
12205711
12207280
12206244
12214475
12205688
12207914
12210481
12208744
12209348
12211685
12212605
12211369
12207057
12202519
12208284
12207401
12213781
12207863
12203029
12210349
12207188
12206927
12207290
12213490
12207029
12213779
12209729
12472903
12197485
12193608
12195444
12196577
12199662
12199169
12199229
12199590
12196949
12201642
12199184
12202337
12203211
12200491
12197703
12201253
12196414
12199448
12201042
12198359
12197566
12203537
12197329
12202320
12196497
12199377
12195033
12199390
12201362
12192729
12201310
12196665
12198430
12204908
12196683
12197060
12198955
12200000
12201754
12202892
12206156
12196409
12200076
12199975
12195040
11786328
11004669
11003248
10998355
11007318
11003927
11005889
11003737
11003809
11000140
11007093
11001874
11002393
11009063
11004920
11006664
11013913
11001535
12209976
12207775
12209688
12205928
12211447
12206093
12219875
12203281
12204033
12211795
12210324
12203829
12214063
12207047
12211658
12210719
12206171
12213025
12215529
12208852
12202640
12205607
12206211
12204269
12203700
12214519
12204940
12214439
12207794
12203963
12201871
12210159
12204333
12206537
12211560
12204702
12206720
12204220
12204762
12204694
12209184
12212908
12208485
12205346
12211018
12203709
12207854
12206693
12203877
12206011
12204522
12204767
12205299
12215744
12201841
12201554
12204881
12205140
12205215
12206934
12209239
12205668
12208842
12204025
12206588
12205572
12206586
12206027
12206953
12203249
12206990
12205320
12203240
12203168
12204004
12204760
12207763
12208682
12209204
12209895
12208960
12210021
12207147
12299203
11012345
11009691
11005688
11011819
11019142
11004801
11011816
11011281
11005048
11012393
11012090
11006188
11009475
11144580
11009426
11017535
12204255
12208699
12204042
12209577
12201302
12215852
12208485
11645661
11002916
11003933
11000445
11009570
11002542
11006616
11009846
10999446
11004858
11006619
11000013
11004593
11005979
10998573
11002446
11212971
11013355
11010852
11013109
11008886
11010227
11012886
11002501
11011138
11011506
11001330
11012196
11008577
11142754
11002969
11001528
10996586
11003812
11005814
10996988
11011890
11004563
10999777
11002862
11005166
10994602
11006124
11002271
10998453
11005633
11007219
10997546
11144816
11005423
10998517
11005539
11009284
10996755
11012281
11015802
11001859
11004946
11004322
10997971
11004765
11003719
10998006
11005593
11005592
11003478
11003121
11009124
10996294
11006410
11011781
10999114
11004976
11003455
11002021
11006738
11006076
11000252
11003979
11006584
10997193
11001472
11005223
11000694
11008292
11002628
10999564
11000197
11003370
10998339
11005459
11212880
11007455
12205900
12205106
12202497
12199885
12205544
12204615
12205335
12499923
12197366
12206599
12202889
12203900
12201497
12206097
12204663
12204437
12213677
12204648
12203559
12209783
12203269
12203468
12208283
12203592
12209636
12207804
12212391
12204676
12203368
12204173
12204183
12206151
12201897
12204260
12207687
12210631
12205010
12209411
12212692
12207302
12205344
12204671
12210060
12206305
12211470
12212582
12211701
12211779
12209804
12210404
12209497
12213689
12209808
12211570
12207665
12204586
12206717
12208154
12208307
12206327
12203849
12210096
12210783
12209263
12207590
12212742
12210863
12207819
12208255
12211650
12206011
12214467
12206694
12212670
12207734
12210690
12211644
12209526
12207003
12197740
12198636
12199533
12198095
12201828
12204487
12200310
12205302
12196495
12202788
12202099
12199046
12196643
12204966
12199684
12491241
12208555
12207045
12207886
12205439
12209284
12209960
12209734
12211027
12212100
12211665
12498779
12197938
12198801
12198146
12196817
12197646
12201304
12194396
12199702
12195963
12199388
12200928
12200660
12202029
12211505
12201882
12197895
12195091
12201004
12206928
12196695
12200808
12196063
12195642
12194584
12203603
12197601
12198091
12202235
12202308
12200011
12202450
12198621
12199563
12201034
12199244
12198484
11417381
11007219
10997938
11006203
11002104
10997859
11004935
11007396
11003158
11006419
11011676
11000809
11004387
11002475
10997966
11005653
11009577
11001500
11004359
11004621
10998916
11002737
11004903
11002382
11003497
10999437
11006761
11005541
11001222
11010175
11005157
11000289
11006398
11007869
11004920
11004055
11004051
11004999
11148798
11006861
11003323
11002626
11004362
11006049
11011315
11008190
11006291
11004252
11221770
11006452
10998055
11008423
11004068
11003167
11004830
11393644
11007582
11021613
15626884
15615311
15625029
15609009
15611757
15611414
15614573
15610360
15611859
15618259
15612503
15611666
15615534
15621011
15607909
15612883
15617556
15612720
15612355
15612753
15607218
15622011
15612988
15615202
15604342
15612367
15607146
15617944
15618125
15615882
15616584
15616200
15614162
15614205
15607343
15619591
15612269
15620223
15610719
15618294
15617129
15615259
15620081
15615296
15616093
15619478
15610556
15615819
15627000
15619735
15612598
15613124
15611040
15620054
15623086
15615806
15610319
15612074
15612731
15612487
15613250
15613327
15612739
15612873
15606901
15614559
15612148
15608417
15613652
15617133
15605318
12714525
12205570
12206068
12209985
12216937
12205390
12213055
12213620
12213422
12210969
12208450
12212679
12210890
12215625
12211438
12206950
12213643
12490104
12207730
12210392
12210591
12210570
12470720
12203568
12211956
15485949
12485213
12488162
12422223
12195142
11333680
11004128
11004419
11002075
11004342
11004717
10997281
11010011
11001346
11001960
11002441
11227997
11006448
11016017
11016239
11008613
11015067
11029444
11013695
11015248
11015867
11009734
11010070
11014772
11008978
11018371
11017934
11012867
11015255
11019862
11008949
11017591
11019212
11010638
11012303
11018979
11017250
11016744
11014998
11012352
11016005
11017301
11010467
11017059
11018511
11016699
11020112
11015219
11009467
11015515
11016144
11005966
11010954
11016417
11015351
11017853
11016646
11008410
11013185
11016826
11007207
11012493
11016455
11009726
11012393
11020172
11008308
11012458
11015340
11008788
11017622
11014186
11014596
11012102
11017539
11013254
11018395
11015594
11011927
11012288
11022794
11012566
11020823
11015056
11017563
11016052
11222122
11010631
11015472
11011563
17094706
11274002
11278548
11276616
11356179
11672015
11283210
11272488
11236750
12504457
12200627
12196374
12199845
12199099
12199162
12198572
12199808
12193411
12197193
12196553
12196433
12202694
12202004
12203524
12201710
12208532
12195502
12197265
12203275
12197210
12196021
12200440
12197252
12201313
12210010
12209351
12198794
12202203
12195584
12200762
12200516
12201078
12203995
12202161
12200484
12205448
12203382
12200672
12197358
12206926
12196139
12200410
12205586
12199204
12205120
12203248
12201520
12201591
12200027
12195594
12196149
12205621
12200329
12207851
12196269
12198790
12193898
12206154
12196236
12197959
12200710
12197330
12200746
12197982
12196781
12204906
12204280
12195411
12198634
12204957
12198022
12202865
12210288
12200872
12198715
12197530
12200919
12208017
12206007
12200505
12201851
12202236
12202201
12202816
12207124
12198948
12201258
12203022
12199974
12200770
12203192
12211098
12208054
12200759
12204693
12200505
12199409
12196377
12200578
12203112
12198507
12194472
12205286
12201256
12197299
12195913
12205290
12203486
12196912
12201712
12201977
12196998
12207324
12205063
12207328
12205247
12203607
12197030
12198020
12203361
12204483
12206932
12204393
12206162
12200440
12201345
12197643
12204890
12201107
12198274
12199048
12476214
12211274
12213233
12207125
12208669
12212438
12213893
12210340
12208334
12216601
12209545
12212004
12207270
12210377
12208889
12207969
12209526
12212846
12215501
12208398
12210132
12209203
12212622
12211004
12209211
12204895
12216113
12211397
12212807
12209990
12209554
12208404
12210737
12202675
12204710
12210845
12210543
12204426
12210447
12208245
12208857
12216024
12206346
12209095
12217625
12209445
12205694
12208150
12206084
12207123
12211033
12206245
12208799
12212570
12485161
12201060
12207113
12202621
12205906
12203406
12204053
12204183
12205453
12203248
12206668
12205614
12203864
11592923
12206667
12210314
12476430
12195373
12505691
12210960
12203622
12207551
12207845
12208552
12214889
12210241
12206035
12217653
12226020
12207547
12208625
12209262
12207300
12208151
12210748
12205252
12206272
12214531
12210520
12209670
12210592
12206422
12209204
12214554
12206284
12208360
12209743
12216319
12214448
12213215
12208215
12208346
12208764
12207582
12225294
12209162
12208021
12213860
12206685
12210114
12202671
12212599
12206797
12229177
12206160
12206592
12212450
12209260
12205190
12206508
12208542
12207511
12204563
12208773
12204815
12214532
12213018
12208970
12207021
12207093
12214350
12210411
12210953
12203852
12208297
12206343
12207853
12207604
12208212
12219093
12208813
12207255
12204697
12210485
12214289
12205826
12209758
12205702
12213003
12212272
12209163
12210909
12207961
12203863
12204427
11901539
11006877
11001645
11002257
10993258
11013828
11008995
11005029
11005389
11778597
11013919
11016311
11006513
11016020
11012320
11008333
11020706
11019512
11012914
11015161
11014056
11012775
11020826
11017166
11011892
11012835
11025655
11010505
11012362
11015495
11011935
11015006
11019458
11014832
11011364
11022549
11007338
11016071
11012444
11022819
11014011
11014895
11020448
11014631
11016406
11010335
11012426
11019145
11010080
11011265
11013153
11010935
11009136
11015909
11008071
11014934
11015413
11010695
11011373
11011402
11006962
11011491
11017911
11005056
11013385
11012485
11012556
11144956
11002743
11004936
11006245
10999669
11000341
11005016
11003479
11000573
11003006
11000984
10998931
11002716
11009134
10993980
11003777
11007789
10998339
11004220
11004527
10997910
11004326
11002006
10999407
11006665
11010876
11008114
11009650
11009314
11007460
11011974
11015566
11009471
11010499
11008302
11008485
11008601
11009163
11406470
11011768
11009568
11012787
10991976
11003444
11395320
11002312
11001102
11010602
11000332
11219055
11018570
11018950
11012086
11011775
11015307
11009028
11017423
11016768
11016031
11014959
11008671
11010282
11013240
11009604
11006913
11008383
11010550
11009185
11012822
11018892
11012292
11009079
11010402
11008628
11016507
11007219
11006040
11004250
11006294
11006292
11008970
11002795
11004132
11000510
11004740
11005724
11003993
10994544
11008157
11003818
11004932
11003313
11006413
10999787
11003347
11006203
11002575
11007779
11010330
10997111
11003488
11002095
10997972
11002319
11005980
10997051
11005309
11003675
11000767
11002897
11006753
10993696
11003912
11148104
10998071
11004488
10998110
11003353
11001929
11008760
10996995
11001426
10999303
10997856
11214402
11012417
11009067
11017315
11011423
11007963
11018088
11013969
11005071
11023762
11016339
11010269
11020531
11014827
11010854
11013616
11377889
11004410
14449732
12958261
12866944
12744760
12756476
12740447
12747874
12757198
12731031
12867060
12737307
12739015
12739557
12741655
12773408
12740079
12848546
12736649
12743100
12735077
12738711
12803547
12744021
12812973
12749683
12747981
12738763
12741992
12208293
12208164
12204531
12208082
12207909
12210603
12209337
12209434
12207348
12208342
12211951
12209540
12211193
12204348
12206811
12209318
12207004
12206008
12207744
12210983
12206884
12211879
12207691
12206814
12207978
12204841
12207745
12208628
12206318
12206827
12209127
12210254
12203190
12205381
11736351
11277364
11225377
11275159
11268821
11275096
11273610
11226680
11275624
11239791
11277350
11279720
11269578
11276454
11195746
11277039
11237941
11272287
11278859
11271739
11270327
11224737
11268472
11273360
11200305
11276930
11212875
11002547
11003139
10998804
11003905
11001268
11001923
11004334
11008825
11133633
11002951
10998482
12457452
12193139
12194925
12198744
12199132
12199440
12494611
12209663
12211429
12474147
12199746
12201050
12199303
12201135
12196758
12199404
12202248
12204006
12198173
12203145
12198118
12198405
12198715
12204966
12196637
12198993
12199904
12202035
12198255
12198356
12198425
12197855
12470733
12199630
12198434
12201643
12198593
12197834
12196174
12198162
12199037
12194827
12191941
12205732
12195175
12193567
12198497
12197377
12196929
12193439
12195958
12195146
12201458
12196934
12194183
12194567
12192530
12194503
12196995
12198761
12197824
12197221
12201302
12200846
12198825
12199768
12199583
12200415
12202632
12204711
12203607
12199447
12200853
12198008
12205319
12197089
12198836
12205815
12209887
12200637
12197152
12196401
12198463
12198624
12204883
12194989
12205373
12206458
12198226
12200487
12199305
12200973
12204714
12146228
11002953
11004684
11005978
11004384
11007698
11006448
15623357
15626886
15632848
15651479
15629841
15627727
15637515
15625204
15633758
15622583
15624965
15625432
15624193
15636115
15629773
15631210
15624846
15617348
15630289
15624414
15631458
15628543
15628602
15626552
15625743
15626057
15626147
15630593
15621788
15634325
15619932
15627904
15623852
15633540
15623453
15633673
15630179
15627074
15629131
15629749
15622718
15620802
15618867
15624722
15622030
15629448
15623944
15630380
15626457
15620346
15618159
15620788
15627100
15626590
15629159
15620527
15628012
15621750
15619546
15626801
15618238
15627051
15622663
15625146
15627345
15622439
15624290
15618965
15631361
15620919
15615720
12918481
11006727
11001491
10997942
11003993
11012691
11002493
11006049
11004599
10997805
11003209
11001892
10999226
11009872
11006792
11003453
11009538
11003412
11000494
11379189
11002554
11006783
11003155
11003223
11008579
11014866
10999068
10998746
11004642
12201030
12206352
12196631
12491730
12206351
12199700
12197493
12197272
12201943
12199262
12202859
12203460
12196619
12193803
12199234
12198531
12198222
12193989
12205911
12202146
12193522
12196351
12205554
12200919
12197890
12199259
12197611
12201230
12193217
12197689
12199607
12200108
12201383
12200560
12195437
12206441
12201255
12197584
12195609
12198945
12192145
12201627
12199945
12194982
12198651
12196697
12195588
12199429
12198926
12192747
12195193
12200559
12191802
12200144
12200534
12197762
12194662
12201881
12195337
12199626
12198718
12200050
12207013
12203299
12192913
12199268
12199439
12197062
12198109
12200415
12190680
12202507
12197247
12200345
12194796
12201886
12195794
12201373
12195166
12200748
12201140
12204801
12199687
12195264
12200605
12200314
12194599
12197244
12210854
12199671
12478337
12205497
12204784
12211254
12208417
12206003
12205364
12204919
12202371
12209970
15662290
15613122
15614300
15618527
15620557
15617380
15607941
15619777
15613262
15616453
15607836
15614914
15613406
15612142
15625465
15614364
15616728
15609603
15615736
15612179
15616991
15618542
15611712
15614124
15611798
15610197
15624919
15619560
15619026
15608479
15622327
15609028
15610038
15614326
15615392
15613529
15612288
15608462
15612231
15616174
15612943
15615528
15618486
15604600
15618370
15611954
15624634
15618640
15630624
15608786
15611089
15622035
15611689
15617872
15614438
15619898
15607438
15610525
15605999
15613592
15618418
15618449
15616273
15613010
15612333
15607519
15613748
15622382
15624382
13015494
12747547
12744310
12748854
12740031
12899247
12744294
12746091
12746323
12745702
12827943
12939092
13015371
12738324
12745513
12726944
11252578
11123117
11006469
11005643
11008794
11000472
11016079
11003398
11009299
11019270
11008690
11005640
11012224
11010966
11005331
12198610
12199249
12191532
12476195
12197187
12506637
12202939
12207543
12203991
12201970
12202205
12204853
12205429
12201887
12434470
12199780
12199527
12199627
12198046
12191823
12196224
12194912
12194951
12198855
12200354
12192833
12193055
12197164
12201400
12194797
12192866
12195278
12195948
12204527
12196774
12202499
12195647
12201441
12194230
12199120
12195342
12193809
12200579
12197309
12195644
12194118
12201073
12194721
12200491
12200680
12197904
12202901
12193187
12192399
12198191
12197652
12191920
12198839
12199734
12197935
12200172
12196694
12197004
12196159
12195119
12194957
12197224
12195928
12201199
12194999
12196839
12460095
12207978
12195912
12197217
12196587
12201613
12199861
12200048
12198270
12201178
12464877
12202761
12203792
12206413
12204808
12203486
12201865
12211212
12201584
12207220
12205016
11656518
11277921
11276925
11207063
11280025
11274800
11410730
11278721
11022035
11009500
11013540
11011975
11006367
11393192
11007149
11004042
11006193
11006449
11002001
11001926
11005933
11002629
11009467
11009624
11009000
11012244
11005002
11001924
11002991
11003900
10999741
11005317
11001203
11003845
11003146
11004787
10999124
11010006
10999746
11002103
11004954
11002530
10998640
10999548
11001501
10997833
10999142
11008971
11000779
11002188
11001073
11002858
10999794
11007588
10997049
11005711
11005372
11000344
11001601
11005840
11002722
11018822
11002254
10999756
11001615
11003344
11003199
11008259
11002558
11002442
11005465
11003008
10996531
11020968
11007248
10997964
11007936
11002958
11001493
11003635
11145441
11007930
11013586
11011405
11006870
11017417
11011948
11007077
11012272
11011052
11005593
11008623
11010805
11003323
11012267
11016062
11009907
11015056
11009781
11001173
11012606
11011966
11004252
11011721
11014398
11007590
11011135
11009345
11008044
10998928
11007355
11002661
11000511
11011733
11009719
10997935
11009305
11007361
11219771
11006373
11017234
10997154
11399737
11008537
10999122
11009648
11005194
11006592
11004444
11002983
11007075
11004254
11008689
10994295
11008766
11008446
11002740
11006002
11006228
11000989
11006239
11004330
11002466
11002377
11018282
10999496
11006875
11009287
10999823
11010804
11001034
11004330
11005266
11004764
11001271
11005106
11005086
10998554
11004546
11009164
11001775
11005671
11001794
11006858
11003372
11003680
11001798
11005917
11002231
11000853
11001732
11009555
11003414
11002607
11002098
11004816
11004419
11009339
10996906
11005370
11004752
11002894
11139842
11003578
10997684
11000817
11004637
11002499
11003064
11008126
11002846
11003611
11001579
11229119
11008692
11005352
10999900
11010929
11007527
11007171
11003331
11012301
10999647
11007628
11004274
10999355
11003691
11010905
11859646
11276106
11260114
11276217
11272796
11280854
11238444
11271325
11273234
11213803
11277624
11217730
11286287
11269317
11376444
11007816
10997174
11001192
11003037
10996229
11003901
11004510
10998211
11005674
11006957
10995266
11002307
11001867
10996836
11001133
11004199
10997436
11000864
11002271
11001318
10999567
11148637
11005520
11010097
11010409
11012040
11009346
11016194
11011375
11010340
11011875
11008628
11009123
11014351
11009778
11011886
11009420
11009653
11013892
11012199
11008363
11012927
11007161
11012615
11008651
11010851
11010581
11013026
11014808
11005314
11010115
11015130
11012275
11015358
11015109
11011175
11010574
11017371
11004520
11075287
11000314
11004065
11004562
11005381
11000410
11002459
11002732
11005351
11003422
11135248
11002558
11001399
11004762
10995292
11002425
10999672
10998281
11000969
11003571
10998979
11003968
11001569
10998915
11000864
11002794
15609841
15610498
15610566
15619377
15612315
15618524
15616940
15606185
13543943
12204798
12195091
12198457
12197108
12196705
12197973
12204617
12198878
12199118
12191808
12205594
12199342
12196020
12195404
12198240
12363539
12466784
12191618
12196921
12196114
12194795
12189351
12193867
12195163
12194347
12196813
12199068
12193923
12197480
12197241
12191950
12194647
12192515
12193056
12197044
12198172
12191842
12191499
12197999
12194665
12193126
12194657
12195752
12186632
12203619
12196202
12192189
12194030
12196776
12195250
12193997
12193181
12193853
12194361
12192751
12197193
12195911
12193814
12191814
12196105
12192228
12470838
12198422
12198313
12196776
12202117
12198624
12196560
12196143
12197256
12198197
12199201
12211687
12201948
12200903
12203823
12195485
12198440
12198781
12199021
12203588
12200645
12201836
12199513
12198282
12197719
12480528
12210682
12207845
12215268
12209068
15615508
15622899
15612046
15618052
15615477
15611235
14453740
12195024
12196963
12195244
12204368
12203962
12197564
12200949
12198762
12195176
12198371
12199303
12196738
12198427
12205379
12199495
12194963
12204341
12196888
12196804
12198446
12196365
12197540
12199717
12202172
12195189
12196425
12195367
12202679
12203541
12198452
12202573
12198778
12193643
12195825
12200735
12200057
12192530
12199203
12194688
12202615
12202885
12197895
12196422
12196473
12200820
12196285
12202242
12195536
12193690
12199719
12192657
12190555
12197527
12196535
12197156
12194477
12203961
12201508
12198644
12197610
12201828
12193580
12199217
12197595
12198750
12201314
12200392
12196840
12197609
12196618
12196549
12194684
12198280
12195895
12209562
12195850
12196971
12197990
12192462
12203883
12195530
12196241
12199680
12196899
12193689
12195082
11866967
11006291
10999005
11129587
11022940
11019903
11011103
12207654
12201599
12209667
12220037
12208280
12205220
12210557
12207706
12213991
12498668
12212367
12207409
12208809
12209618
12217342
12210629
12213230
12212194
12210509
12210127
12209281
12207087
12212079
12210623
12214893
12214295
12216866
12209846
12212537
12212316
12211151
12212083
12213553
12214680
12216897
12214191
12211941
12212151
12216206
12208028
12215274
12208715
12212149
12210105
12214768
12211479
12215270
12213580
12213663
12210629
12214135
12216760
12210860
12214371
12209209
12214073
12214362
12214896
12212704
12222122
12213150
12209788
12212114
12213127
12213886
12217165
12211481
12206882
12213124
12220099
12216351
12211846
12209776
12205783
12208059
12217415
12208392
12214066
12211591
12211724
12204160
12207815
12212132
12207717
12205863
12213247
12213374
12210577
12211588
12214055
12215828
12220726
12215803
12212391
12228524
12211297
12013827
11007174
11013964
11008231
11217844
10993918
11005400
11003050
10999795
11001344
11002051
10996369
11000398
11004530
11387952
11011044
11006521
11001130
11004218
11005970
10998359
11008699
11011257
10997162
11012158
11005354
10998746
11001152
11006785
10997054
11005256
11139750
10993928
11000589
11004519
10996419
11003889
11001762
10995840
10997798
11004973
10995936
11005478
11001269
10999098
11000307
11005016
11002233
11002943
11002088
10996542
11003879
11006706
11006197
11001978
11001283
11000527
11001260
11004110
10996868
11002847
10999245
10998052
11008630
11002499
10997368
11001646
11004655
10994236
11141112
11003062
11137824
11004368
11001124
10999134
11007780
11003430
10996983
11003806
11205463
11002043
11003095
11007754
11001874
11002421
11004027
10994233
11000267
11002044
10998308
10999893
10999195
10994661
10999753
11001443
10996116
11002369
11002847
11003917
11006998
11001318
11002537
11000274
10997689
12211596
12210630
12627767
12199678
12199108
12206580
12203550
12201265
12200138
12202122
12202576
12198790
12498268
12209573
12212948
12215632
12207803
12207243
12205404
12208393
12207886
12209888
12212393
12211074
12211622
12201751
12207918
12209734
12204749
12207443
12211760
12208600
12205473
12206610
12207525
12202868
12207025
12211585
12205420
12200648
12205745
12218987
12205168
12204058
12206032
12206789
12203718
12208233
12201104
12208878
12210718
12203748
12207902
12202740
12202378
12200952
12205330
12203136
12213638
12207810
12216280
12199424
12202976
12202977
12200074
12202497
12205418
12205596
12205847
12207543
12199511
12214768
12205350
12199740
12201718
12213773
12210748
12206191
12206136
12211500
12207070
12206355
12204731
12204162
12200886
12204754
12211822
12207691
12199225
12210113
12208225
12200830
12204379
12211790
12210231
12204989
12198795
12201490
12205958
11915002
12195849
12197409
12199610
12637977
12192605
12194691
12196451
12194811
12197458
12195934
12192589
12202285
12194609
12196405
12203845
12203953
12206121
12214713
12206608
12203613
12203814
12205858
12201965
12202895
12206568
12206757
12212665
12206290
12205062
12205300
12208104
12205015
12204713
12200608
12205493
12202201
12218905
12205687
12203925
12205426
12201093
12204633
12205999
12204741
12204853
12206183
12204932
12203732
12207875
12206621
12205443
12206905
12203020
12204189
12209340
12204929
12201159
12202386
12207956
12211168
12202307
12202571
12207470
12206626
12206984
12202387
12203910
12203222
12202963
12205470
12210207
12657025
12215112
12205825
13072207
12748289
12207423
12206201
12209998
12205533
12208340
12212086
12210044
12209641
12204071
12206589
12205572
12209745
12214194
12214140
13105082
13487881
12483686
12209405
12211325
12203984
12205918
12210963
12210677
12208922
12199567
12474975
12199655
12204007
12207230
12200403
12212005
12204332
12203411
12199512
12198788
12201204
12197314
12203810
12196744
12208025
12502658
12221916
12210474
12216364
12207753
12212046
12208838
12202864
12212046
12212679
12215858
12209847
12204480
12216132
12221843
12222152
12211715
12223375
12219336
12214355
12221700
12221304
12209633
12216906
12210632
12215241
12217419
12201350
12213181
12220168
12215250
12215282
12219123
12213301
12222267
12213506
12221862
12213145
12219202
12214942
12209506
12219559
12213604
12213437
12219448
12218217
12223602
12214806
12219820
12209404
12216293
12206409
12195754
12200428
12206475
12194025
12201125
12206747
12204574
12197051
12202395
12200960
12201564
12198844
12200043
12197982
12199128
12196799
12207031
12197056
12200438
12199837
12198664
12195835
12197530
12197222
12200824
12203179
12206458
12464342
12206036
12210836
12209205
12206202
12219646
12207376
12211442
12208101
12207351
12207736
12212293
12205609
12210565
12481077
12201053
12207102
12199355
12201788
12195910
12200080
12196675
12192321
12198990
12198044
12195992
12201645
12200516
12201685
12244466
11011803
11009394
11004270
11010296
11002758
11001948
11006936
11006766
10994605
11007578
11011523
11135394
11030922
11010577
11013860
11013401
11025390
11001322
11011809
11014773
11007514
11013370
11012521
11006619
11013014
11009858
11010952
11017045
11022534
11009746
11009397
11012638
11009626
11011627
11009594
11006861
11013061
11009750
11005301
11011278
11013729
11009734
11019582
11009584
11002938
11010375
11010422
11002537
11015056
11009728
11067486
11010445
11007045
11008503
11013157
11012684
11008051
11012852
11016367
11010333
11011188
11004929
11004545
11013622
11013845
11005292
11013374
11011074
11002017
11010458
11012909
11003378
11008813
11010441
11004140
12209124
12214450
12200450
12206104
12207910
12207899
12207280
12476666
12201637
12200501
12202187
12193631
12202527
12203015
12203708
12201148
12215144
12199862
12208007
12203715
12203655
12203419
12207464
12207195
12480277
12203841
12200687
12220440
12213568
12214858
12214335
12219371
12216625
12215438
12213527
12213115
12211228
12206371
12202995
12492740
11013394
11007225
11010650
11016665
10999164
11005348
11008063
11003522
11009557
11006966
11002709
11006139
11009454
11001100
11009799
11012942
11001997
11004340
11007373
10999295
11004734
11007210
11004855
11009392
11008336
11008724
11003484
11008387
11001207
11007277
11005598
11001618
11006363
11007911
11005791
11005312
10999835
11000657
11003620
11005690
10996036
11012897
11002946
11003049
11003348
11006237
10997651
11011713
11008802
10999297
11004910
11009212
11002831
11004201
11009800
11001415
11008785
11018596
10998847
11014604
12213479
12210570
12205451
12211644
12213580
12210259
12207103
12207807
12204447
12207757
12475635
12196840
12199891
12206225
12194278
12199880
12199422
12198963
12196257
12202874
12199310
12205536
12202270
12197039
12203024
12198827
12195356
12513335
12202609
12202578
12199027
12198256
12199294
12197585
12200316
12195768
12196457
12198541
12201103
12197137
12200599
12197727
12377790
11005572
11008399
11006257
11005146
11008335
11009206
11002282
11007192
11004831
11000576
11007891
10999403
10997865
11007620
11004282
11003778
11003218
11000245
10999193
11010600
11003865
10998562
11007762
11000560
11006702
11004320
11003489
10995627
11003233
11001511
10992814
11002416
11000964
11007348
11009586
11004148
10995813
11004483
11003228
11001354
11002345
11005536
11001533
11004339
11008813
10997403
11003329
11000566
10996847
11005660
11007662
11003164
11006225
11006037
10994733
10999981
11003859
15610801
15615558
15612212
15617734
15607374
15619555
15618988
15614602
15612226
15611808
15619090
15609138
15613965
15614484
15611514
15619128
15614647
15627158
15609522
15612381
15651382
15621413
15627141
15637579
15639863
15629861
15626663
15623007
15632658
15630695
15624133
15626295
12772107
12205377
12203897
12207566
12208998
12215099
12209080
12206744
12205435
12207184
12202702
12223988
12207712
12204574
12203194
12204093
12211023
12203872
12209939
12200244
12204452
12204115
12204801
12206378
12208895
12205077
12200849
12210029
12208653
12203719
12210177
12208539
12206953
12203556
12205008
12204133
12206961
12206821
12211742
12203867
12212543
12209175
12209853
12221075
12206142
12203174
12206137
12203245
12207585
12202314
12211768
12204853
12215276
12202907
12207408
12208009
12205184
12208068
12209670
12204469
12211179
12206901
12207352
12208049
12207328
12205812
12209916
12211804
12202589
12195899
15424343
12209667
12208827
12205980
12447589
12211454
12477808
12196356
12208550
12204359
12199366
12210738
12205637
12201608
12200112
12204956
12203270
12204295
12641636
12218876
12209340
12553508
12207421
12207195
12217554
12213578
12211108
12211708
12214792
12211571
12209791
12210344
12203002
12212002
12211266
12226654
12504204
12221309
12214406
12218826
12211417
12211831
12220733
12217206
12226715
12215015
12212514
12218475
12212942
12215885
12207517
12210699
12215244
12213385
12215290
12219480
12214046
12216258
12223581
12217951
12211263
12212450
12209605
12230540
12211620
12211802
12211119
12214607
12213496
12211465
12214530
12210907
12213313
12210955
12225841
12209988
12205653
12481746
12196174
12203925
12200004
12199952
12196423
12199725
12197707
12205891
12206073
12199111
12207121
12204881
12197447
12199233
12203634
12206179
12200579
12203562
12199103
12198095
12196976
12194495
12198043
12196126
12202110
12470669
12202015
12197170
12211319
12478856
12197070
12199045
12196764
12190889
12204560
12195455
12195791
12194830
12199389
12195348
12206584
12201571
12240399
11012484
11012892
11004472
11016586
11008621
11074865
10999584
11002485
10995174
11006649
11007271
10996345
11004026
11005007
10996202
11004555
11407517
11016062
11017643
11021830
11019712
11013471
11012681
11017811
11016541
11017354
11012585
11022462
11010930
11014421
11012762
11019698
11013581
11011562
11016716
11014984
11019549
11019840
11014164
11020269
11024185
11018646
11017660
11014101
11017627
11016950
11016342
11018163
11019849
11015876
11018421
11013142
11015928
11018156
11016445
11016445
11017094
11015270
11019601
11013834
11014828
11013333
11013458
11013146
11014881
11017618
11013397
11010575
11016693
11007636
11017294
11016122
11013305
11009202
11015223
11013548
11016496
12199074
12197131
15429664
12202290
12195354
12195611
12196798
12471579
12194380
12201635
12195125
12201428
12200914
12199872
12197015
12199788
12194914
12204754
12197318
12197205
12204743
12202050
12196824
12197164
12200181
12194768
12198184
12197523
12200652
12200240
12200655
12200118
12201772
12202003
12199678
12196836
12201879
12201207
12194337
12199229
11497171
10999869
11006000
11000136
11002194
11000670
11007203
10999096
11006002
11004949
11005703
11003653
11007226
11003718
11011080
11004936
11143175
11011754
11013838
11012136
11016132
11012955
11011001
11011380
11016250
11006920
11017754
11014800
11011292
11012672
11014934
11003810
11014038
11012382
11008843
11014205
11015887
11009025
11015339
11015299
11011048
11011394
11010325
11006297
11016471
11021479
11015020
11011363
11017215
11005236
11015453
11016107
11037665
11020418
11022405
11009658
11011937
11017253
11011371
11149834
13825948
11000969
11004161
11008550
11000510
11000645
11005229
10999205
10999832
11006451
10998457
11001570
11004379
11005502
11002267
11010160
11012527
11008672
11005422
11408222
11001411
11002226
10994734
11004419
11007145
11005974
11011323
11008149
10998641
11154048
11000171
10997389
11217394
11016931
11010146
11016105
11008406
11005455
11334492
11008909
11007054
11014056
11012426
11008178
11012986
11018532
11001656
11011544
11006542
11011989
11009758
11015128
11011880
11010275
11014159
11388897
11015230
11011459
11006107
11004768
11002312
11002882
11006445
11002948
11006322
11001385
11000509
11002741
11008252
10999699
11006306
11008994
10997813
10996463
11005636
10999555
10999334
11006056
11003801
11001386
11004422
11000737
11004203
11013321
10999952
10993671
11003849
11001429
11002262
11001004
11002568
10993687
11003558
11004104
10998096
11002092
11007325
10999626
11004510
11001630
15617771
15616461
15609825
15622156
15616058
15618979
15618889
15616389
15628972
12703739
12206159
12204751
12451413
12196724
12190937
12201506
12204563
12196207
12203765
12195866
12197057
12198006
12201168
15425921
12197671
12196744
12190093
12197326
12205307
12205651
11013432
11017349
11005187
11012357
11010737
11006821
11009665
11012230
11001622
11011238
11007854
11208327
11001976
11005113
10999349
11004615
11012690
11003555
11009383
11411430
11002943
11010822
11009372
11003891
11011647
11020115
11006929
11009384
11014747
11006687
11009827
11017227
11005268
11011162
11007800
11012796
11012206
11018998
11140482
11006304
11006531
11004033
11002644
11003853
11014183
11002985
11004584
11009033
11001480
11009990
11002876
11005120
11005871
11004104
11008065
11003554
10996339
11002541
11000336
11002999
11006410
11005882
11003172
10999631
10999235
11003739
11005767
11000796
11002727
11003599
12887918
12630506
12739587
12739061
12746611
12738370
12766484
12741930
12870372
12749898
12752046
12747224
12742911
12773215
12745408
12862198
12744632
12744998
12743625
12749671
12742329
12741321
12932936
12749349
12749652
12746605
12744417
12750419
12918140
12924797
12743314
12745288
12748674
12737899
12521455
12209030
12206095
12202362
12201949
12199328
12205821
12204220
12203857
12460435
12205362
12202309
12195955
12199316
12197219
12198578
12200838
12354374
11276797
11293425
11272315
11276450
11241523
11274121
11200301
11270810
11267216
11272788
11275530
11190792
11271480
11235451
11270923
11272784
11483117
11283228
11190483
11280375
11280228
11271284
11279844
11181114
11268438
11281317
11241220
11276435
11195966
11273149
11270162
11278387
11280470
11201276
11281452
11228481
11278068
11276373
11273989
11278833
11223673
11280092
11274637
11216569
11275478
11272074
11279315
11277307
15611813
15614270
15618783
15617908
15613114
15622908
15610888
15618945
15627995
12753640
12742243
13008535
12744162
12955425
13014093
12749312
12744101
12738297
12748639
12802057
12920818
12749976
12741123
16242915
12741110
12835305
12952526
12747701
12742426
12742222
12789757
12201075
12225847
12202584
12204473
12205143
12199347
12199889
12361365
12214985
12204500
12216337
12207018
12209360
12206164
12207926
12220081
12200754
11377444
11013485
11015859
11015172
11017086
11019467
11017988
11010685
11015834
11014310
11014884
11015077
11012506
11023501
11030038
11019204
11429348
11023876
11016359
11017096
11023630
11017407
11023027
11020297
11019592
11018145
11019202
11020796
11011925
11019962
11018594
11021800
11018678
11025966
11024747
11023271
11012523
11022694
11023295
11030073
11015576
11025975
11017212
11019625
11019111
11016677
11018738
11023083
11016222
11024812
11021770
11021402
12204159
12202059
12195847
12196432
12199344
12199674
12201753
12205656
12200438
12201768
12199835
12207107
12195702
12304382
12202094
12198489
12194723
12199448
12195258
12196046
12197167
12199335
12200345
12203216
12202922
12195242
12197530
12201349
12203555
12204599
12201690
12484592
12207410
12208063
12211122
12216512
12210176
12211253
12212952
12225720
12209296
12213268
12219949
12210697
12210796
12209267
12211357
12213736
12182654
11008416
11002266
11002552
11004824
11001753
11008405
11008339
11001766
11008792
11005429
11007589
11005274
11001806
11003249
11004816
11005074
11407298
11021626
11012003
11013106
11016150
11011541
11012951
11020336
11012777
11011979
11019110
11016293
11010232
11016015
11014005
11016446
11015703
11014296
11009520
11024876
11014298
11015898
11015651
11014862
11009811
11013905
11013914
11015012
11020006
11016292
11019478
11016303
11015280
11009927
11017145
15615973
15613481
15638584
12465198
12195501
12194828
12198225
12199233
12195152
12204891
12197892
12221884
12197888
12195157
12196704
12200607
12194827
12193468
15417617
12198988
12197127
12199822
12199242
12194156
12200730
12192121
12199328
12196725
11643094
11195965
11274357
11272400
11274965
11406739
11349032
11278206
11229292
11281624
11280210
11217480
11277214
11269312
11272637
11274857
11205843
11278266
11188741
11282294
11270093
11277674
11279651
11199798
11280092
11239536
11273485
11275055
11276283
11278246
11226951
11270595
11284778
11238957
11277150
11438641
11273080
11239040
11274233
11323417
11205853
11274636
11267711
11278468
11276968
11197453
11273338
11209271
11274468
11272781
11281968
11278391
11196675
11279414
11276767
11245759
11275355
11273765
11276702
11274870
11250095
11272085
11198180
11276609
11270707
11274351
11281282
11200516
11279820
11235426
11388109
11280699
15608722
15621400
15623339
15610933
15613150
15616860
15613340
12769070
12750118
12924780
12776428
12738168
12736563
12736581
12743576
12895985
12741422
12738939
12756979
13013679
12738137
12737252
12900899
12455173
11276850
11225590
11270108
11279225
11222769
11268950
11280910
11404215
11275749
11282526
11277544
11188924
11282058
11273983
11244803
11269479
11277352
11270658
11544809
11003133
10995947
10998069
11005312
11000340
10994536
11004387
10999088
10997174
11001675
10999142
11000464
11009493
11003049
10994534
11002130
11395592
10998689
10999154
10999938
10994702
11006055
11001721
10997035
11002156
11004806
10999143
11001780
11000114
11003140
11005343
11000471
10997183
11008834
11000607
10998945
10998399
11004312
10997975
11000460
11005235
10999307
11006955
11004912
11006171
11003944
11009438
10998529
11004292
11005070
11001652
11004448
11003909
11002055
11010889
11005485
10997673
12963989
12745051
12748404
12735766
12746503
12742834
12833742
12908661
12757153
12746933
12748350
16242606
12808689
12914263
12734438
12742052
12738365
12746162
12742280
12736463
12956785
12753419
12747287
12193662
12194416
12194918
12201466
12202426
12203096
12193438
12196807
12207393
12194148
12193321
12203954
12197030
12202342
12197947
12195730
12427093
11272682
11277847
11278807
11238202
11279282
11200448
11278084
11267504
11275788
11280016
11193574
11281440
11242618
11273094
11279414
11277625
11555799
11203681
11279846
11270526
11233708
11280717
11273409
11274214
11280046
11253418
11273868
11195944
11275072
11266623
11276251
11276930
11198297
11276032
11230298
11276038
11270640
11276479
11277480
11219068
11287660
11276923
11211947
11277706
11263060
11279478
11275604
11215279
11277084
11186334
11268927
11275277
11278874
11275249
11183764
11282405
11274588
11250801
11342652
11283323
12212555
12207716
12207436
12198955
12207203
12205565
12212352
11922102
11276403
11274242
11282846
11278715
11253984
11271881
11200050
11283026
11272973
11273528
11278925
11200939
11272994
11220316
11276802
11275989
11275639
11275468
12405297
12201280
12478280
12205096
12213276
12210323
12203253
12209123
12208993
12206328
12206741
12213479
12211976
12206437
12207938
12209351
12211800
11888139
11259886
11279121
11189716
11279609
11265352
11276331
11280481
11203519
11291381
11278481
11277693
11410808
11272736
11273958
11194919
11539064
11273400
11399651
11278818
11275750
11270659
11233472
11276668
11272507
11199162
11275581
11280512
11274105
11280039
11206327
11277958
11205484
11278904
11273762
11273949
11283262
11200614
11273958
11279234
11235829
11270576
11277313
11272187
11273127
11239572
11282463
11199942
11273117
11268418
11277075
11276863
11190777
11279668
11230655
11280585
11269922
12203981
12217103
12210823
12213303
12218094
12219859
12223081
12220095
12204833
12210165
12207133
12469196
12199496
12197534
12202222
15438249
12192153
12204438
12194470
12193295
12200476
12195017
12196099
12201279
12193013
12193878
12201808
12193904
12478275
12366241
12197821
12193951
12196668
12196335
12196425
12194327
12196806
12196240
12196890
12193700
12200387
12196155
12201190
12196809
12196129
12214414
11281633
11233201
11271772
11278996
11210935
11274573
11271176
11275844
11273076
11239107
11280066
11270154
11274045
11269092
11272310
11273881
11227257
11267211
11211828
11278735
11271808
11272740
11277091
11198772
11271550
11277893
11228230
11278376
11267324
11273397
11278763
11237255
11272571
11204013
11273554
11277937
11276418
11273665
11200246
11273003
11242011
11271514
11275112
11277200
11278609
11232893
11421510
11272155
11215890
11277313
11269233
11274789
11273355
11213650
12755882
12755707
12751708
12744572
12896127
12745761
12738429
12742964
12751439
12740073
12738895
12952250
12737762
12742615
11277485
11278088
11232812
11283237
11197851
11280128
11273615
11282203
11273838
11472589
11273780
11213256
11284364
11274658
11271818
11281162
11205633
11282010
11542196
11349286
11278099
11304419
11276804
11239017
11277567
11277153
11195076
11270131
11270719
11273186
11276752
11212258
11270413
11203704
11276683
11271269
11277333
11543305
11214640
11281832
11245778
11271225
11275510
11276661
11282126
11241099
11276686
11278452
11200370
11279013
11271410
11274834
11275279
11345302
11282791
11299262
11278457
11270836
11278185
11279192
11197564
11279420
11243514
11257379
11280117
11276815
11281058
11237193
11276273
11283432
11197610
11279410
11272360
11274971
11278140
11206864
11277782
11204357
11286373
11282682
11277343
11277152
11194870
11275633
11281187
11281616
15618867
15619556
15649932
12483888
12214974
12211394
12217222
12215908
12211114
12207114
12208206
12206777
12215858
12217836
12219959
12221195
12209317
12507952
12222183
12227568
15479133
12217044
12232031
12226666
12224779
12223224
12221225
12225660
12228447
12230100
12229269
12234706
12226093
12230109
11969166
11019309
11021527
11017261
11015500
11011746
11024344
11013475
11020729
11020288
11015017
11019217
11006872
11016747
11014094
11023304
11013568
11025478
11023653
11426021
11019583
11024577
11028364
11021774
11019687
11034016
11026208
11022477
11017329
11029742
11026231
11166613
11027647
11028058
11028326
11030101
11400920
11008635
11009852
11003187
11007853
11009425
10999597
11010231
11005795
10995312
11005485
11007329
11002758
11002456
11007091
10998938
11005035
11009435
11003825
11003447
11006990
11003195
11004338
11009801
10999046
11005158
11010959
11001286
11009271
11005730
15628932
15617827
15626171
15627555
15628951
15635138
15626645
15628876
15626307
15621868
15617213
15619929
15636778
12198040
12199984
12197140
12198093
12192758
12202519
12191532
12202310
12200695
12190910
12196148
12200538
12194271
12201714
12194944
12463346
12200585
12486029
12195287
12199478
12200005
12195346
12197408
12200996
12196931
12194973
12194264
12192390
12193125
12199223
12193926
12193383
12203565
12202568
12110885
11010372
11007249
11011012
11015247
11007561
11012464
11010113
11002346
11012325
11009289
11006921
11009031
11011297
11007156
11011949
11012048
11413630
11013641
11016139
11015082
11009762
11017098
11011567
11008263
11013958
11011034
11013573
11017362
11013265
11015202
11013684
11015062
11013859
11017021
11016412
11015233
11011290
11012640
11011882
11014196
11012734
11013471
11008917
11012672
11012436
11017912
11017074
11011328
11011797
11007835
11011136
11012452
15616385
14747361
12457640
12203169
12191381
12198561
12196180
12196493
12194193
12201637
12194849
12194551
12199439
12203810
12191730
12205298
12195484
12196757
11910893
14240831
11280985
11209243
11513461
11280916
11383158
11278786
11272797
11274646
11251458
11251804
11276585
11199600
11274400
11268307
11283466
11275157
11343048
11005018
11004476
11000216
11005244
11000144
11004631
10998263
11003226
11005540
11000209
10995870
11003060
10999621
10999528
11002340
11002621
10995581
11002055
11004531
11328185
11008449
11001034
10993332
11115942
10997856
11002769
11000384
11004568
10997650
11000430
11003478
10996609
10999074
11004033
10998539
11351337
11010614
11003620
11007232
11007871
11132143
11000501
10998654
11000147
11001956
11004061
11000518
10998653
10995481
11002230
11005042
11006968
11003427
10999004
11001479
10998191
11001821
11000220
11000848
11007020
11004497
10997970
11136582
12763203
12743867
12747933
12900800
12930912
12748257
12747287
12744596
12746807
12743150
12919805
12752947
12748170
12750959
12740207
12738688
12844398
12909351
12750132
12747440
12755507
12738033
12738322
12731982
12948549
12740212
12746037
12741101
12741824
12766479
12746245
12955998
12779583
12741991
12730941
12734521
12745107
12740934
12932502
12745962
12740633
12739531
13011093
13001950
12743065
12740849
12203365
12202618
12205744
12536459
12195704
12194630
12204407
12200644
12194861
12201891
12196135
12193168
12200909
12195712
12197088
12200515
12201838
12201507
12130418
11007758
10999117
11002431
11008234
10999661
11006719
11148928
10994286
11001784
11000151
10993915
11009070
11013473
11002679
10999575
11005926
10995327
11002598
11000595
10997158
11000091
11011411
10991423
11005048
11006732
11001964
11001007
11009805
10995815
11006993
11004515
11002110
11003003
11006207
11207099
15633912
15638501
15630848
15617264
15627254
15630576
15636280
15627747
15630308
15628340
15638424
15625075
15628536
15627612
17766640
12209789
12208666
12209600
12209456
12212526
12210960
12210331
12207698
12206974
12206218
12213251
12577270
12200005
12198616
12203044
12197964
12479078
12195236
12197408
12198410
12197147
12195201
12213718
12197025
12198772
12201092
12195019
12193287
12200617
12197583
12197954
12203552
12199635
12196795
11174375
11014256
11008291
11013543
11018218
11022133
11025436
11012052
11013183
11013200
11018131
11014370
11013869
11014125
11013888
11013423
11399907
11001770
11008332
11001806
11000803
11003618
11005737
11003931
11006678
11002864
11007308
11000393
11002927
11007286
11003635
11006522
11004296
11002357
11003492
11005992
10999735
11005731
11005807
11005938
11004976
11004875
11002922
11003192
11004221
11006360
11007753
11004328
10997012
11003033
11227394
12207973
12207855
12195389
12206718
12208648
12211205
12209644
12226052
12212669
12205413
12217042
12209789
12203295
12208392
12216846
12207817
12209912
12212288
12210041
12489273
12206500
12203035
12204143
12198635
12204177
12206932
12201303
12199671
12202585
12199107
12205805
12196897
12202700
12196193
12203401
12197501
12331783
11006784
11004089
11004119
11007886
10997901
11016242
11006515
11006188
11003845
11009788
10997684
11004697
11003652
10998337
11006924
11005393
11001908
11003499
11006556
11322653
11009188
11004639
11002924
11013481
11014710
11011865
11013036
11008457
11008474
11011823
11012200
11004711
11010703
11008215
11009215
11383716
11001950
10997988
11006193
11001301
10998846
11009695
11003168
10997803
11003622
11000417
10997815
11006975
11004584
10991958
11004013
11002748
11004302
11003360
11003924
10995620
11009616
11138850
10997577
11007470
11003402
11005744
11005076
12207391
12206458
12207096
12205969
12206295
12213097
12204158
12204375
12209381
12202639
12208368
12202385
12215377
12206219
12213122
12206611
12483461
12210998
12213793
12209646
12208311
12209120
12208488
15556687
12207256
12209146
12211748
12220922
12207085
12206667
12206834
12209775
12211235
12203818
12207918
12213218
12210756
12206997
12211021
12206825
12208783
12208502
12211006
12205786
12215964
12210259
12206585
12205812
12211427
12209619
12214084
11728046
11003624
10999325
11004029
11001359
10994424
11004601
11004021
10999504
11009959
11001731
10999688
11004742
11004221
10998979
11005969
11009608
11275632
11006761
11004659
11004018
11010939
11001473
10996757
11008608
11004571
10996492
11005341
11003448
10996307
11007357
11009953
10998488
11006485
11000803
11000560
11005973
11003097
11137834
11011046
11014646
11003810
11010820
11014127
11012062
11015362
11009022
11003920
11217584
12196298
12193275
12203446
12192789
12200467
12198947
12201918
12197767
12200081
12196232
12198570
12207626
12199466
12207389
12204897
12201218
12200529
12527307
12201675
12201090
12197123
12206276
12197993
12204075
12206180
12198294
12239545
12201773
12209404
12207195
12205639
12197681
12199533
12200972
12200547
12410766
12207892
12206651
12210718
12221240
12207729
12209408
12212903
12208985
12210388
12211409
12212673
12211117
12209360
12203226
12487098
12206490
11878580
11005247
11007226
10997362
11005623
11000531
10996569
11003451
11006839
11000058
11003707
11004256
10998682
11003711
11014510
10999004
11004505
11389824
11004298
11007440
11011964
11006742
11011964
11009570
11005218
11013145
11015755
11006479
11006904
11009694
11002871
11007635
11011493
11003203
11009928
11012715
11013646
11006525
11015767
11002376
11010228
11010897
11002540
11015825
11017299
11007929
11010425
11198525
14666075
12484512
12210376
12212122
12212272
12208919
12206163
12210112
12208509
12208493
12207379
12211602
12213623
12207844
12215158
12208560
12206641
12208423
12213701
12203608
12210746
12218830
12208866
12209908
12212076
12206214
12206397
12210546
12209048
15762908
12209723
12209895
12214467
12205267
12204578
12208826
12228954
12211713
12213008
12211744
12206712
11067172
11015030
11012425
11010831
11014689
11017896
11019438
11011621
11017990
11009985
11016110
11012943
11013337
11015945
11018670
11013274
11024499
11014965
11011434
11411800
11010606
11010600
11015835
11009389
11015715
11016919
11014001
11010528
11014371
11010553
11014263
11014245
11006493
11009616
11019979
11018602
11001892
11004600
11013983
11002018
11001272
10999232
11003514
11008859
10997511
11008072
11003419
10998261
11001363
11004681
11000295
11006799
11006929
11003431
11006264
11157093
11003348
11004064
11005580
15627339
15619512
15624988
15630985
15624151
15622735
15631266
15621567
15629591
15627550
15624689
15618889
15632982
15626498
15617463
15620252
15627074
15626977
15625415
15621332
15631357
15623928
15628525
15623289
15619256
15627565
15627427
14145732
12197905
12205828
12198767
12197323
12197065
12198273
12199314
12205834
12205073
12199569
12197044
12200297
12195837
12198210
12200250
12201958
12486231
12200082
12200864
12198263
12199317
12200859
12201851
12197025
12193379
12205979
12199400
12200946
12196263
12196166
12199810
12198325
12198090
12205566
11622984
11005470
11018709
11010434
11004538
11018789
11018811
11010711
11013046
11020139
11007450
11015509
11011612
11006431
11018027
11015837
11008765
11003053
11003011
10998333
11003248
11005262
10995025
11008074
11003399
11001326
11006043
11006320
11003471
11005489
11008428
10996999
11007281
11151964
10999542
11005699
11146699
10996207
15619338
15626979
15637746
15628140
15624056
15301143
12202737
12200234
12198320
12203245
12199891
12194644
12198250
12196098
12199448
12205027
12200966
12198387
12198666
12197989
12201363
12201699
12202606
12199733
12207950
12197985
12202040
12198692
12198370
12202364
12191916
12207084
12217727
12202316
16216637
12202086
12207021
12209444
12201068
12208163
12206562
12210537
12212897
12205078
12203192
12203602
12206364
12203434
11329746
11001939
11011699
11001275
11006777
11008837
10994669
11005466
11005615
11142214
11013706
11018636
11003847
11013520
11153365
11006507
11018024
11019196
11009952
11414363
11014421
11016780
11012584
11014719
11016273
11020560
11015861
11012727
11014768
11013132
11019464
11014724
11015505
11011768
11018477
11022556
11017373
11011551
11010853
11014686
11022309
11010416
11013193
11019559
11018383
11017355
11018261
11008356
11010832
11016552
11013073
11018503
12748712
12737658
12741423
12799021
12703545
12748516
12750765
12743080
12735180
12742716
12739048
12896862
12745439
12751325
12745305
12742532
12734052
12740144
12895737
12738385
12746986
12473476
12744369
12815901
12741190
12805420
12742607
12736573
12741461
12745862
12873146
12736814
12786472
12742176
12740141
12195060
12192869
12203783
12196771
12193490
12196238
12200268
12192941
12192609
12198816
12191912
12199660
12196579
12201197
12197356
12196094
12193466
11900553
11277001
11250475
11253567
11276149
11211107
11275298
11275603
11271517
11273264
11195921
11281711
11228120
11275784
11276124
11272469
11274966
11216652
11280062
11422143
11006879
11008893
11003024
11008459
11011282
11002987
11007082
11008754
11005876
11004535
11006198
10999221
11009033
11012266
11008264
11138348
11002103
11006718
11002033
11001259
10998324
11004970
11003443
11005009
11002019
11007997
11000100
11006225
15633823
15631004
15629241
15622936
15638720
15631563
15624264
15219499
12474989
12211741
12206826
12213283
12206604
12200485
12206367
12205079
12211559
12206516
12204680
12217834
12206716
12204072
12201560
12202886
12202762
12203351
12205950
12210086
12199269
12208240
12200527
12202258
12202879
12208792
12201710
12478392
12194491
12193334
12196766
12425027
12196170
12196848
12199881
12195286
12197630
12191508
16048282
12198017
12191109
12195325
12207516
12195109
11939115
11189109
11272002
11276164
11229099
11274108
11172334
11281262
11274895
11274182
11281683
11202239
11275643
11252517
11256543
11272754
11274249
11281007
11238587
11542639
11269352
11222016
11280255
11267973
11277219
11278550
11235070
11268791
11194902
11281151
11268670
11276775
11280828
11186953
11272802
11518765
11268105
11272360
11206659
11266053
11205840
11269119
11277721
11217997
11273983
11278267
11274686
11282749
