21000873
20171579
20076922
20193106
20333847
20920865
20520478
20096859
19954552
20734908
24388306
21669578
21471243
21253787
21268758
21610958
21420594
21235051
21395957
21686416
21478088
21295692
21266383
21254476
21263488
21461532
21242137
20722683
20410333
21636852
21603257
21502024
21268296
21453189
21251054
22327077
21441988
20153279
20210428
21465019
21892961
22337534
21883488
22217310
22222382
21677160
21393349
21200266
21202435
22237865
22006411
21318985
21451300
20289532
20203823
20375701
20215205
20092565
20219593
21767913
21476171
21283303
21274619
21231006
21251454
21435315
21583243
21256883
21388270
21908933
20208453
20232896
20201553
20224919
20320397
20251627
20164895
20161690
20192760
20951105
25230629
25237083
25144713
25164535
25131133
25163429
25136073
20873942
22176756
20277578
21514347
21355340
21295887
21295049
21478181
21272917
21474039
21268126
21428873
22534430
25795667
25218863
25176998
24667491
21855321
21838943
21240144
21226407
22339338
20374212
21376956
21502531
21432921
21300952
21227179
21266102
21773772
21237034
21504925
22605482
21555723
21297027
21226038
21226851
21212981
21224795
21396117
21241288
21222612
22220163
20445266
20242949
20169720
20194471
20116568
20139046
20132906
20130337
20142580
21248493
21546654
21504132
21276145
21490950
21248366
21265720
21198298
21416889
21287646
21093109
21384500
21504789
21462732
21262739
21268991
21221527
21216729
21223396
21440034
21889627
20327421
20183032
20192634
20165193
20144634
20217984
20229572
20181249
20133978
20507881
20073531
20008004
19889276
19827312
19829591
19804666
19808538
20574818
19810076
19954160
21391177
21331080
21279461
21274416
21246812
21241104
21212609
21226894
21196265
22990782
22044488
21769379
19872823
19847795
19911806
19975077
19917275
19803982
19991793
20782035
20253476
20193710
20276049
20122515
20127368
20116869
20093017
20089053
20116523
20730979
25252442
25198101
25176103
25157364
25132929
25139879
25109466
24904323
23946302
22001082
20359027
20238482
20156828
20197366
20144335
20119075
20162019
20213509
20118700
20721555
21933955
22320546
21859086
21903970
22031550
22014930
21814776
22159943
22394557
20550083
21550225
21291481
21283878
21438625
21433287
21227281
21197649
20143735
20316727
21404258
20223062
20197423
20171338
20061229
20107508
21553613
20116799
20138122
20122406
21446100
19939645
19897578
19861534
19845204
19823023
19812264
19831653
19910070
19836036
20356795
21379801
21334329
21278870
21276676
21262993
21246939
21258282
21224049
21407038
20856173
19912888
19873701
19927329
19875607
20116704
19819500
19803871
19808826
20066528
19983801
20045278
20129788
19869497
19837933
19973459
20075359
20158315
19924542
19885799
20561746
19980856
19898910
19836614
19965502
19935811
19811631
19811296
19916968
19823012
20194533
20222406
20301876
20262138
20045458
20125264
20172184
20149905
20200124
20227031
20981475
23358943
22166882
22057486
22110729
21230839
21250918
21242641
21226336
21456887
21716547
21333296
21498434
21289482
21451262
21242182
21235698
21434351
21455310
21604061
21671975
23891866
22103398
21949625
21835749
21836989
22036993
22207999
21810604
22009385
21153484
20109246
19922170
19967077
19943968
19846174
19841178
19818467
19831035
19844114
20029529
20546878
20432092
20483781
20186166
20142099
20143044
20153873
20187730
20132937
21340322
20119939
20046966
19876024
19967294
19864937
19849470
19842241
19867838
19820639
20426149
20199959
20212318
20145920
20236300
20194247
20099974
20110749
20098643
20170529
20710003
20433514
19931199
19957308
19865202
19830936
19837136
20283907
20156500
19932891
20104085
20401299
20635054
20188416
20249303
20331533
20172015
20126203
20220573
20131248
21187180
20208619
20007180
19983394
19850713
19833121
19922370
19833176
20147824
19824538
19925640
21545811
21330912
21283508
21451011
21253072
21248399
21224499
20620966
19807030
21065248
22121121
21777922
19894775
19855866
19922234
19828397
19820889
19836411
19825939
21175225
21563690
21352292
21310789
21305649
21275376
21268903
21275127
21465746
21271061
21495420
25450346
25248218
25176027
25188594
25186339
25160566
25170563
23751735
21337484
20571025
20793542
20258655
20182807
20170613
20166409
20139534
20145394
20243562
20232488
20748405
20092072
19903996
19885090
19848258
19863952
19845710
20170339
19921549
19826748
20186870
20413255
20383802
20284138
20147432
20255226
20198048
20125433
20227275
20142791
20501132
21613346
21355543
21500534
21270600
21253580
21680175
21242009
21422310
21511628
21134293
20130432
19928591
19888555
19859101
19943645
19840017
19822369
19834143
20088318
19938210
21554070
21322446
21275380
21277011
21481958
21283781
21249347
21231206
21257692
20973367
20481986
20240942
20179024
20617439
20175973
20232678
20141955
20195102
19848001
20966112
20250070
19901054
19972286
19960384
19844402
19821298
19845862
19912781
19815504
20287030
20588729
20200957
20191508
20201844
20168150
20152036
20148621
20334238
20141687
21094385
21536326
21359303
21257313
21271918
21236799
21268741
21266221
21235525
21215102
20965907
22375315
21334268
21283487
21842300
21243098
21261744
21227809
21345038
21486856
21352933
21770139
21442317
21316070
21552165
21518257
21442675
21499018
21248361
21447729
21565453
21882826
21374039
21280343
21292183
21277568
21264883
21397468
21236780
21248501
20554336
20250633
20136284
19977422
19997885
19950511
19851425
19961189
20150641
19843409
20127880
21547241
21334389
21308294
21477146
21297030
21255121
21465234
21456231
21228735
22045074
20254074
20260556
20407165
20315306
20133959
20205295
20205593
20193333
20109777
21068547
21547030
21348203
21285178
21272426
21268858
21257461
21271386
21450736
21259632
21857661
20206878
20223114
20143722
20190752
20111560
20410542
19815153
19918218
19795104
20599254
20148316
20157277
20232346
20123255
20148373
20177330
20140690
20090438
20101081
20974117
19966156
19976580
19872481
19851110
20137030
19890578
19796698
19805347
19804010
20103730
21320251
21312800
21302082
21227319
21245943
21214007
21232210
21261925
21220143
20917333
20887705
20288545
20160634
20157135
20117563
20144349
20138429
20178486
20110662
21090672
22450902
21891426
21849585
21819283
21992899
21918970
22026730
21830987
19948812
20976090
25167582
25236834
25205952
25173854
25153457
25129666
23167345
21997439
21708930
20531686
20401505
20224961
20300453
20175377
20133601
20204101
20137682
20146642
20216971
20665768
25162612
25192866
25589571
25129512
25110343
25123960
24402476
21812884
21618793
19850771
21732356
21298939
21457194
21262643
21447440
21436494
21265879
21439739
21436751
22467847
20398529
20238188
20191536
20151844
20263354
20212249
20216407
20124405
20349775
21073108
21509458
21315748
21267291
21243722
21238556
21264503
21235154
21255625
21226535
22206898
21253611
20565242
19938487
19832785
19829892
19817308
19949863
19823234
19833065
20511024
19869786
19904506
19940509
19954279
19865143
19821951
19919971
20030626
19821638
20083346
19873571
19923143
20017514
19859012
19806206
19801226
19834421
20123073
19803520
19937853
21574449
21468409
21305104
21489231
21255566
21292172
21266581
21248103
21230486
20561667
19900461
19876904
19950389
19840715
19824913
19820333
19805817
19819971
19805368
20144182
21550716
21323477
21256461
21265631
22071845
21273494
21264513
21266156
21258324
21461616
21306568
20651095
20009787
19864578
19968326
19943483
19824430
19865966
19945100
20851358
22118225
21946622
21930167
22224214
21860036
21689698
22060593
21838573
22289909
20951067
21305423
21292083
21237490
21260664
21231060
21279164
21221748
21201205
21209198
21062199
20192286
19900257
19965643
19860278
20125115
20002316
19953096
19930774
19837537
20060357
21830313
22006913
21867965
21828737
21795968
21949849
22006196
22007000
22009420
21077361
21256860
21293144
20310652
19856828
19902648
19915387
19814099
19870634
19813525
20834152
21910116
21716659
22040263
21936721
21971348
22023572
22066139
21807604
21436451
21734885
20185824
20255624
19979321
19843416
19854686
19821373
20059598
19836066
19946089
20038786
20052055
20027249
19883851
19846070
19826354
19859296
19883094
20175316
19825684
20072747
20093971
19941209
19997996
20013332
19964320
19872546
19977940
19860140
19834893
20714303
22078551
21887096
21641782
19850410
19829136
19799601
19909642
19938514
19907323
20590476
20333353
20307443
20160881
20227871
20150264
20105914
20117981
20131710
20122350
20737160
22203224
22002986
21901252
21828037
22179787
22024591
22460135
22239009
21065855
22155799
20316094
20254362
20169293
20510184
20187815
20224711
20208398
20114319
20154503
20909752
22049680
21725157
21985507
21914229
21847804
22416558
22037216
22010848
22306393
20669639
21435700
21323192
21275253
21238939
21275596
21239476
21250032
21693228
21214161
21668404
21801416
21323565
21281038
21260885
21412776
21205722
21228517
21245038
21440496
21652824
19997256
20083055
19844972
19826295
19821220
19810567
19904005
19816688
19899861
20039821
21031891
19972665
19878215
19955417
19980190
19867167
19827118
19984390
19849641
20924979
20602734
19844611
19791365
20069172
20176305
20255183
20212266
20643627
20154675
20422645
20113349
20069022
19837235
19869084
19912371
19836336
19840149
19818997
19817024
19820916
25487038
25179842
25178944
25128840
25117560
25104434
25135248
24256227
21171294
19903628
21783947
21512044
21246699
21255592
21248983
21232018
21398573
21215653
22670715
22434088
20695358
19945652
19823717
19893794
19906778
20085550
19897111
19785318
19886628
20224915
21588524
21901822
21273172
20477029
20216843
20125436
20440765
20131388
20092861
20968098
22303901
22069573
22074602
22052471
22057754
21902777
21837215
21997117
21343212
22278672
22121380
21729882
21905907
21651271
21820185
21649958
21970644
21875629
21934443
22699587
19990711
19994622
19863470
19951563
19968033
19833298
20282079
20131520
19811366
19919049
22146847
21893805
21860207
21438832
21205393
21228449
21189093
21213893
21326004
21811667
20097100
19887186
19851505
19839408
19807164
19807389
19793408
19786721
19800221
19937212
21536757
21310226
21241606
21243833
21211642
21215691
21196435
21253400
21208915
22090479
22339542
21716186
21944656
21851589
21234728
21200523
21212679
21207519
21209599
22799980
21584055
21300714
21451004
21270693
20668088
19963073
19803544
20282640
19787862
20996123
20151902
19900999
19848045
19821999
19825879
19809618
19811535
20193906
19998903
20006260
21601753
21305644
21285779
21531663
21198988
21206022
21200947
21403877
21210804
21870961
21526453
21321090
21257165
21217824
21452603
21249774
21232802
21371446
21468055
20957741
21546745
21678583
21266035
21251271
21197780
21232189
21194491
21206157
21181299
22120177
23871497
21309673
21516824
21256687
21518513
21193023
21498272
21692900
21225553
22987675
20123009
20026504
19843517
19992697
20006262
19945866
19954635
20526094
21210278
21607140
20109869
19893918
19833441
19809364
19806159
19805417
19793813
19793815
19822479
19796236
21549118
21717446
21245033
21267536
21409771
21240489
21188735
21209258
21337895
23638870
21539392
21303612
21270693
21459049
21242554
21235529
21599981
21211277
21216053
22911951
22226224
21944785
21655089
21260613
21404731
21233403
21195956
21409174
21230086
21275394
25359031
25152093
25126879
25102869
24034645
21688299
21426854
21182967
22544389
20196226
21535776
21545394
21253847
21256232
21448695
21242343
21235662
21638568
20072973
21581732
21903632
20824943
19979991
19828132
19821261
19795687
19819401
19928625
19812019
20022816
25331257
25170905
25110542
25141794
25107167
25090580
25077696
24978646
22155479
20196017
21541085
21294264
21252077
21211158
21231023
21202292
21228306
21401064
21206491
22275335
20248293
19921932
19876762
19831685
19864024
19845286
19814609
19816299
19947833
19925299
21536791
21303041
21249586
21429166
21221160
21792075
21356208
21772487
22019500
23199052
25432220
25223592
25565749
25185084
25131698
25146207
25169212
24958430
20916984
20442602
21439201
21289663
21244485
21189350
21234065
21187774
21224341
21173845
21173857
22374569
22195504
21902340
21893673
21650760
22011961
21822538
22015948
21940237
21828481
22908476
22189898
21918645
22062195
21815543
21234087
21190589
21252225
21199008
21429511
21008185
20309998
20223174
20137967
20105039
20185628
20098477
20085908
20090595
20101813
20246808
25303084
25173865
25130755
25080759
25104919
25087980
25110892
25106937
22968951
20218511
21407337
21320631
21231978
21243039
21202777
21208292
21210637
21200357
21172465
21642629
21544606
21285481
21246250
21256016
21220696
21191599
21222857
21233609
21200962
22261701
21590538
21303200
21244224
21220968
21241127
21209617
21419359
21213044
21181748
22807111
21622873
21280735
21253705
21412894
21240018
21601601
21242660
21169149
21386873
21630121
21401826
21330163
21248677
21254274
21216580
21213341
21244247
21223479
21191942
22342290
21436206
21273997
21290418
21203411
21201723
21209134
21206856
21173106
21209384
21750014
21549746
21300478
21236342
21260380
20140041
19825467
19911041
19798948
19813580
21042822
21525369
21286196
21279347
21226554
21228380
21188485
21329016
21423106
21221151
22144048
25833066
25192715
25144226
25128041
25128820
25103429
25118041
24832822
22982824
21647705
20461186
20106347
20159813
20197980
20133420
20131803
20108263
20169936
20147768
21150553
20280298
19903614
20000904
19840633
19855324
19809276
19820773
19806858
19853694
20059428
21619463
21307850
21296373
20352608
19956159
19960088
19853873
19822324
19808614
20665219
20139314
19911330
19860782
19842689
19817082
19864680
19808443
19815379
19923783
19829549
21546428
21324583
21299104
21234910
21224148
21445787
21218313
21246128
21257801
22528851
21551847
21295699
21223866
21249531
21213859
21223623
21192050
21225753
21190458
23143658
21535237
21284296
21287301
21231139
21251982
21661431
21265508
21221902
21216382
22554820
20237236
20003540
19845588
19880938
19939109
19967148
19855755
19802080
19902508
20064449
25475818
25152623
25174916
25142221
25124238
25106364
25128964
24767768
22663580
20472445
21555313
21358405
21257403
21247079
21240532
21224981
21248564
21231832
21204708
22420884
20131565
20030094
19987327
19856004
19838819
19936795
19792787
19798839
19935520
20202480
21557206
21336904
21275348
21277795
21214197
21448806
21260509
21444263
21207391
22681935
22119736
22048615
21298445
21249166
21258446
21224282
21290088
21216580
21236296
22335237
21509903
21286981
21263164
21243986
21225493
21211049
21209207
21204442
21197605
22523262
21610105
21294351
21270723
21670628
19828896
19825460
19818822
19811364
19794158
21070132
22181402
21979273
21873376
21852205
21220346
21249277
21211658
21198168
21226567
23172251
21513143
21274748
21483165
21245086
21258612
21232608
21224846
21229431
21220428
22007215
25438067
25222139
25166088
25165094
25141506
25153878
25122122
25136018
21357881
19755999
21539986
21308464
21267831
21275853
21418801
21224745
21188598
21227168
21207161
22089638
21523584
21312523
21254403
21257028
21235416
21442658
21205414
21195476
21238538
22874765
21542695
21309453
21254714
21224656
21219362
21232067
21220683
21410333
21211766
22815660
22100705
21890875
22051726
22045700
22570637
22025120
22011560
22030504
22024273
20991449
20373304
20188886
19902850
19951212
19836017
19852914
19897527
19830491
19818373
19992630
25413255
25212329
25128514
25161479
25146058
25149580
25123109
24927273
23800817
25093262
21503512
21276598
21248219
21443630
21643432
21212645
21206434
21411846
21220056
23250219
21501141
21107457
20161858
20200909
20121165
20131070
20103419
20117522
20100011
20707400
23160053
21689887
21266594
20139442
20236631
20143068
20107331
20167617
20519673
21409016
20951506
20184029
20212958
20089990
20107581
20142911
20101850
20153355
20267341
20973780
22153700
21886134
21886903
22028062
21996681
21895691
21961767
21990293
22049870
22606162
25430067
23900465
21276369
21436994
21435576
21387834
21202991
21248155
21538650
23261529
21525800
21286019
21627294
21284053
21225231
21238386
21238886
21440259
21232221
23931869
21522748
21355323
21244590
21210443
21236698
21237415
21200758
21228152
21380619
22238594
21551362
21313168
21268215
21240438
21462126
21235882
21208454
21222322
21197271
23085790
22355955
21928490
21863235
22240703
20982155
20143547
20119629
20208470
20226223
21544886
21341294
20050305
19905284
19844935
19867364
19808060
19854063
19811964
19828627
20214910
25434415
25197173
25164213
25126219
23852999
21265092
21214428
21235504
22050451
20842680
21523020
21283686
21268472
21222508
21449082
21626927
21213329
21213800
21213756
22907979
21558318
21335253
21288261
21270289
21206699
21207795
21235377
21243767
21198390
22240018
20145915
19872492
19857845
20023546
19876756
19945652
19835358
19909908
19846832
20137164
20409083
20532870
20159868
20128216
20192550
20102825
20230946
20124591
20179892
20998677
20136971
19915321
19856822
19864953
19825067
19853785
19800980
19797648
19815780
19907868
21545127
21320059
21265191
21266139
21240569
21232871
21207268
21217754
21205220
22093380
22332546
21703850
21879009
22041893
21616413
21219296
21214010
21187489
21203929
22653806
21726976
21287530
21454293
21256224
21221943
21213578
21213096
21375355
21197621
21811000
24286596
21952191
21895489
21833230
21469622
21201897
21203898
21738055
21669103
21683091
22217185
21884754
22063025
21866276
21825680
21880948
22001408
22012291
22102388
23106624
21528864
21304942
21302871
21241869
21230215
21227556
21224076
21250858
21219265
22111393
21543472
21338451
21232506
21493096
21201569
22520617
21225035
21224736
21223022
23266088
22090378
21870840
22045609
21849722
21817610
22057536
22023613
21992289
22187362
22263087
22128257
21987431
21993132
21841364
22018077
21940667
22014588
21812978
21791473
22646031
22855488
21996799
22032373
21993644
22290975
21963567
21905857
21860553
22596102
22284135
22083084
22234526
21964263
21882311
22235844
20113689
20089625
20080081
20108377
21165788
20376755
20266378
20140817
20131408
20171764
20114108
20105744
20112099
20124903
20976376
21876573
20796737
20175384
20227805
20129618
20147467
20122667
20652800
20206437
20952124
