1586248
1588345
1569641
1568965
1581148
1569799
1575074
1567029
1570581
1184763
1164432
1099749
1056991
1029818
997992
985114
1057305
982293
1004383
1017673
984794
1060437
984146
986016
984406
983264
1053981
984253
1035265
984854
983186
1048700
983396
1058316
985688
1014289
1006482
984179
988964
983800
984773
982925
983290
980880
981248
983103
983780
981563
980715
985545
983906
980179
1005800
978584
981863
985344
980604
981789
983016
981733
980673
986989
978162
981681
981824
982198
1051889
979873
1017962
1001364
981612
980545
982614
1025197
993038
1009006
1008016
1047592
1040262
1040518
1050196
1043904
1043734
1045766
1042105
1041813
1044678
983496
987223
983711
981237
1032519
982172
989573
983231
981013
985065
978246
982228
989279
1228164
1230521
1227197
1227085
1232800
1225419
1224019
1229266
1222233
1270558
1224286
1232739
1224572
1224807
1232557
1225739
1221776
1220818
1242440
1225346
1225877
1286062
1222964
1224919
1223247
1232472
1224284
1225400
1228494
1221043
1220834
1228530
1220116
1222308
1231994
1221503
1244104
1223618
1226664
1222391
1278649
1233728
1219651
1222723
1228525
1222272
1221256
1222334
1219949
1041418
1040561
1039386
1045239
1039842
1039144
1046331
1039775
1040585
1044769
1037417
1039210
1040611
1043509
1038846
1039601
1048741
979644
1031461
979336
980036
1026358
981799
986164
973114
1007859
1005231
977232
1048972
976495
981435
981637
983381
1045921
977659
1020885
980381
1043862
1044589
1041863
1039808
1036879
1042951
1042488
1033932
1039300
1039568
1038536
1038069
1042866
1037470
1220823
1219419
1214129
1212457
1217988
1210683
1211099
1214847
1214458
1252700
1221826
1267473
1213567
1219307
1214740
1215591
1214245
1220102
1225036
1212718
1216077
1214030
1211481
1244345
1241993
1215143
1221714
1213219
1247249
1220267
1210696
1213860
1221808
1214626
1213789
1216323
1231696
1214589
1210681
1218689
1212750
1240444
1261188
1214646
1213415
1217963
1215175
1274799
1029833
1034377
1053967
1035753
1153021
1063345
1031307
1033611
1033066
1031990
1209808
1036227
1030372
1034426
1030187
1032439
1158592
1039896
1030920
1033308
1032693
1031278
1030533
1039526
1030559
1030905
1035535
1033357
1032260
1033269
1032481
1033228
1031959
1039028
1033492
1035410
1033045
1036073
1133986
1230621
1042629
1039694
1036814
1039470
1024643
979207
973225
1010163
975123
986683
979002
972957
1037842
1036210
1035388
1042752
1036249
1029676
1038452
1028589
1034137
1036389
1030791
1032432
1041995
1031528
1033813
1030638
1032899
1027766
1035608
1043714
1036836
1030670
1039649
1035189
1036387
1036939
1037714
1028330
1041495
1029757
1033206
1030322
1034796
1030562
1032615
1032760
1031775
1032153
1043975
1035932
1034108
1038429
1030253
1031520
1035455
1035034
1031091
1032292
1032727
1032299
1034574
1042596
1033075
1032736
1044866
1032828
1032302
1037011
1030366
1033243
1038726
1031273
1027432
1034431
1061578
1034975
1030820
1036703
1033171
1034052
1038893
1035503
1030958
1043034
1030658
1033573
1030376
1031252
1030631
1035480
969622
980385
967804
979452
979390
976283
968837
972302
967772
971149
973802
977591
968288
972102
968790
973845
968993
975857
971867
971034
1039966
1030233
1034639
1027569
1042618
1028067
1035195
1037179
1033233
1028091
1038096
1032251
1035201
1038175
1037598
1032282
1035621
1030510
1036800
1030850
1038935
1028680
1035877
1035186
1032828
1033598
1034740
1029960
1033455
1030734
1038186
1031564
1032575
1035632
1034371
1029695
1033933
1032369
1030858
1035632
1034110
1029175
973308
969643
970002
971600
975145
968711
981733
967455
973005
977993
968313
967154
978539
967726
969978
969804
973649
965817
983527
966263
975353
970877
974398
965350
978896
966498
973295
975258
971157
967549
1054793
1028742
1034661
1026958
1041224
1030884
1034646
1035995
1032907
1032695
1038432
1034841
1037907
1030191
1033974
1034435
1039293
1043961
1033880
1032481
1040257
1033484
1038833
1039031
1034106
1034304
1042250
1034715
971634
968958
967013
966782
970180
968318
968747
1035210
966654
968262
968788
970720
973895
967807
969195
968511
976842
970211
970198
972988
968829
968402
972652
1030857
1031403
1031926
1026528
1027602
1035988
1027872
1028109
1037285
1029682
1028587
1027521
1029777
1030986
976620
967495
968580
966248
971977
965721
970621
964591
977812
969452
973799
968731
966190
966861
972828
1032629
1028618
1030400
1038839
1026737
1028752
1029445
1030576
1028998
1032997
1036490
1032155
1026593
1040399
1031052
1030919
1032279
1028866
1027132
1036543
1028997
1031276
1036926
1029788
1025779
1036289
1029110
1031549
1028313
1031999
1030624
1033785
1026496
1030918
1028271
1036394
1029137
1027242
1105473
971252
974414
977472
970173
968440
979679
1027007
968991
973443
1031776
1035752
1031184
1028486
1039094
1031558
1032286
1030678
1029168
1029232
1031207
1031132
1031027
1033151
1037921
1026029
1030126
1034315
1033103
1028729
1030768
1031900
1029861
1039115
1028754
1029241
1038043
1029481
1028928
1032755
1029083
1029963
1037159
1030665
1031293
1034315
1035247
1031863
1029797
1040976
1030107
1030917
1034380
1031004
1028646
1040726
1028011
1027969
1024374
1030287
1028033
1028978
1030825
1031325
1028950
1035812
1027978
1026708
1034148
1029519
1027885
1036859
1024535
1038494
1031883
1032880
1026731
1029791
1027940
1031026
1030943
1031724
1026892
1034759
1036050
1030982
1030773
1032096
1025091
1028397
1033792
1032376
1026030
1042453
1029331
1030120
1033771
1028377
1025953
1036082
1029655
1031477
1030312
1030392
1028137
1030020
1033339
1031221
1026879
1037607
1209723
1214929
1209045
1030277
1031978
1029117
1028010
1042384
1025098
1030458
1035592
1031515
1029769
1035507
1031003
1030176
1030246
1209925
1211037
1234436
1211319
1285154
1209539
1209390
1218360
1212066
1211095
1213798
1209528
1226820
1214610
1208643
1229114
1308812
1215802
1208416
1209878
1253834
1211293
1208194
1231169
1255929
1211245
1213930
1337029
1206304
1248651
1215835
1281359
1207940
1223715
1214977
1265590
1217861
1210445
1261267
1233579
1208881
1219766
1283244
1220401
1210505
1212166
1277850
1261959
1206407
1238589
1208194
1273364
1218669
1239195
1210430
1231806
1211540
1269426
1220057
1211479
1029285
1029847
1027667
1031452
1028018
1030757
1026728
1030185
1031991
1028471
1031431
1042913
1028496
1029393
1024993
1031536
1030642
1028550
1034021
1027667
1027889
1032110
1027737
971628
965918
968191
1030174
969976
975116
967993
972891
1027756
978519
1020658
967738
970483
971196
1035295
1031750
1141344
970724
977476
972664
972047
1033424
969391
1014581
984257
973536
966064
972015
1010813
1031169
1027906
1029876
1027644
1032737
1033936
1034150
1028637
1037021
1032610
1032497
1037600
1035688
1028130
1037699
1029207
1033426
1030933
1030179
1024625
1039504
1027419
1031082
1031322
1031205
1028893
1036764
1032879
1034048
1030458
1031378
1028350
1034005
1026480
1031617
1028040
1040028
1030182
1031748
1028622
1030860
1030273
1037865
1027716
1029493
1035213
1029422
1029804
1032605
1028009
1029757
1027937
1028599
1031779
1028891
1025469
1028226
1029539
1036715
1030644
1026777
1032945
1026985
1027015
1039129
1026789
1027902
1034306
1028148
1026768
1031257
1096289
1028848
1029404
1029094
1063547
1028337
1033960
1026572
1030756
965584
971273
969444
1006739
967187
969438
967923
975443
967979
973104
967593
967537
970097
972805
968912
973569
965960
972611
970055
974880
966724
969497
967595
971881
966151
970932
964835
972670
960891
969802
965970
973681
965675
972847
962548
969532
962369
971710
966717
971583
970494
969256
1025693
1032742
1024512
1029138
1031841
1028878
1027573
1038190
1026394
1029235
1033053
1026644
1028157
1030640
1026217
1028006
1035712
1029504
1028899
1026486
1028585
1028186
1031094
1029857
1029291
1030566
1035853
1028986
1029120
1038177
1032540
1029381
1038363
1030423
1029826
1032108
1031702
1029468
1035665
1028469
1030899
1030863
1027572
1027314
1032303
1025209
1026183
1026386
1030365
1031966
1028705
1024772
1034274
1025550
1030523
1035390
1033285
1027865
1034336
1029367
1030041
1037490
1030683
1028666
1028615
1029116
1031118
1177523
1036636
1025941
1031308
1031381
1028395
1023965
1032903
1024896
1028313
1032864
1030478
1025736
1037288
1026372
1029655
1024888
1030043
1026586
1027450
1034404
1028135
1028023
1033469
1025955
1030676
1031668
1026473
1026595
1030433
1027957
1027831
1032145
1024570
1029368
1025090
1025443
1025813
1026928
1028237
1024751
1030906
1033744
1026269
1028437
1032079
1026168
1022322
1035254
1022088
1024989
1025863
1027998
1027840
1036961
1026982
1032512
1031757
1027323
1027753
1029841
1027414
1031277
1031633
1029210
1022476
1031872
1023501
1021306
1023126
1024180
1025819
1028977
1020880
1024866
1024476
1038446
1022153
1022826
1030667
1027713
1024155
1212407
1202862
1207874
1211844
1268190
1203220
1214727
1234657
1044912
1149236
1031094
1023308
1027710
1024588
1034114
1020174
1027202
1031935
1024317
1025352
1029087
1026536
1027409
1046804
1026046
1022566
1210965
1271322
1213089
1206330
1260423
1207472
1202685
1272088
1205171
1273629
1206629
1258226
1209179
1204674
1207427
1210908
1203299
1202796
1216365
1205063
1205727
1268984
1202573
1271975
1213135
1204320
1266309
1203938
1233338
1204581
1260004
1275775
1204230
1273768
1214346
1224653
1270762
1212219
1202194
1204932
1210532
1207268
1201002
1214420
1204403
1203670
1201514
1209094
1263054
1259545
1211898
1214339
1203464
1212912
1262943
1208108
1207431
1208088
1023657
1026987
1028138
1024501
1022495
1026290
1021734
1026024
1027100
1029648
1023744
1025511
1033552
1023677
1024712
1046824
1022589
1026156
1149981
1024019
1022837
1032947
1023616
1026129
969316
967483
962322
966635
962168
965814
972453
960101
963095
972081
965305
967751
967668
961998
963558
965163
1177935
966608
970294
962630
964944
963799
965106
958426
972295
965724
969114
971102
963576
966198
969139
961275
966761
961561
965871
961069
970639
964195
965963
969074
963075
964706
973618
964916
969358
965454
965624
958242
966703
960591
976441
961964
967848
959014
969768
964154
969339
967213
966900
958497
967711
965825
969671
961084
1036544
959289
971098
965125
965534
963761
974058
964491
970312
972030
963894
964427
974013
961799
966383
968243
965782
966380
1024938
1021974
1027096
1029268
1025895
1024487
1029515
1023438
1024809
1032132
1024483
1022588
1026674
1023747
1121635
1225253
1040316
1027776
1025032
1025239
1091009
1025002
1025154
1023273
1027715
1025175
1024400
1024509
1027764
1029884
1023486
1033654
1027053
1028069
1032455
1030587
1026557
1029463
1023164
1027173
1025245
1025744
1028496
1026542
1027234
1027844
1023228
1032090
1026625
1027631
1027176
1028685
1025609
1033375
1023268
1026443
1031406
1026148
1024058
1026869
1023834
1025014
1021903
1026337
1022602
1026752
1032151
967069
961197
969540
959442
965144
971419
968349
959848
965402
961590
969020
963504
968041
961218
974311
1026513
1033700
1023481
1024743
1031187
1025335
1025498
1026972
1021407
1024031
1023111
1025721
1025370
1023646
1024928
1025151
1023693
1031960
1026262
1024343
1032114
1025256
1025103
1032515
1024531
1023852
1031202
1028710
1206253
1203138
1205350
1248033
1206928
1024069
1027428
1028442
1029380
1023116
1030813
1024469
1025830
1030165
1027813
1024271
1031887
1022421
1025458
1029806
1025386
1022806
1028152
1024790
1026297
1021323
1028017
1021992
1029366
1031697
1029039
1022445
1031012
1024365
1029573
1026968
1027830
1024232
1032422
1023488
1026825
1024151
1026953
1021685
1027469
1021473
1025850
1024395
1029459
1022218
1027337
1028590
1027024
1020894
1033136
1024488
1025879
1029133
1024919
1026366
1033651
1026590
1026648
1024981
1025713
1026157
1032084
1024682
1023624
1031637
1025437
1023634
1024624
1032358
1023297
1025831
1026099
1024410
1021788
1032423
1024293
1025962
1029897
1024145
1025775
1032747
1028774
1025756
1028726
1026606
1024893
1033741
1021769
1027180
1028499
1026718
1022908
1031361
1023156
1025415
1212833
1209286
1206575
1242500
1207431
1203822
1206973
1095740
1028680
1026819
1035499
1032798
1024816
1027173
1030505
1025802
1023433
1030535
1024644
1028175
1024299
1028615
1027295
1026550
1034145
1026775
1029768
1034116
1024832
1031188
1029166
1028819
1025835
1032061
1026115
1027985
1031926
1026991
1025041
1028937
1030714
1025955
1022067
1029964
1026762
1025516
1038308
1024983
1025714
1033493
1025852
1024501
1029268
1026533
1029258
1033671
1026264
1027201
1030565
1024866
1025236
1030552
1025943
1027792
1026991
1023604
1027605
1025256
1030089
1024977
1029919
1029709
1026447
1023916
1033263
1024261
1027733
1032855
1029168
1025949
1032935
1026693
1027662
1026444
1026272
1024601
1034302
1025000
1025702
1032793
1028172
1027260
1029218
1023810
1026307
1031228
1023192
1027014
1025541
1026601
1027792
1224507
1029295
1208005
1269347
1212138
1212948
1271498
1214418
1204184
1207964
1205787
1272337
1206341
1268780
1225979
1266651
1205174
1213408
1206167
1249566
1232663
1208261
1262552
1214141
1201638
1214722
1213846
1034329
1023794
1025941
1027303
1025310
1023808
1035582
1025985
1024352
1029840
1205116
1203889
1290247
1216052
1249654
1205194
1211707
1207073
1249244
1207966
1208741
1239940
1215047
1204010
1268946
1203954
1211569
1259353
1208990
1216360
1269938
1205060
1208441
1266154
1208776
1212001
1212126
1213446
1217564
1205296
1207725
1204558
1296977
1025724
1026686
1023021
1026546
1022339
1027069
1023717
1026514
1023896
1027562
1024573
1025772
1022248
1033853
1201608
1281993
1210603
1205066
1226381
1205732
1240462
1205275
1207916
1206504
1212380
1210716
1267739
1206437
1272088
1209920
1203242
1024775
1024461
1025703
1026828
1023502
1026435
1028742
1029435
1023152
963725
966820
968898
964149
1205375
961727
965352
959716
969804
963874
964992
960228
968811
961344
968644
964283
969055
964545
969779
969168
964536
965754
964526
959338
968613
960681
964963
961117
967635
957667
966271
961815
972584
961217
968927
1023306
1028465
1035479
1027819
1024004
1032390
1024757
1025848
1030148
1024918
1024708
1031447
1024905
1026973
1022503
1029982
1025433
1025744
1024983
1027473
1025113
1030300
1023215
1024888
1032527
1025611
1024954
1027877
1023588
1023188
1027313
1025143
1026398
1029388
1024590
1024637
1025459
1024424
1023302
1025881
1024823
1025843
1036189
1025801
1028237
1021536
1032797
1027699
1025233
1029462
1026482
1024862
1027710
1022061
1025918
1029413
1031180
1024874
1027841
1025918
1025438
1022559
1026397
1030467
1025130
1026053
967345
963007
967190
1023220
971698
964396
1011891
966166
1032802
959893
971124
966301
964649
960616
968858
977589
1000357
959954
975187
956847
966837
995988
970361
1033729
968123
969336
966487
963036
1029693
962469
1011717
959591
965956
959155
963047
1015194
961375
966104
1009975
964855
979858
967076
967910
1015574
960006
1025605
1034440
1027059
1021739
1028127
1022934
1026639
1024958
1024742
1023844
1029966
1023715
1025194
1031244
1026552
1023468
1030046
1023290
1030174
1025381
1025556
1025614
1028284
1022097
1023155
1024971
1031106
1022797
1026909
1025995
1025671
1022298
1036302
1024779
1026924
1026864
1025578
1024730
1028545
1027336
1025686
1029622
1025950
1203491
1035737
1022966
1026060
1023168
1022969
1023190
1026300
961008
967620
956983
968172
975182
964465
964599
1031867
1021730
1024603
1024197
1025506
1023518
1025097
962924
964243
961594
964996
958247
965785
960702
1024116
960214
969829
963821
963746
965349
962348
964952
963171
963607
964310
966825
966294
964805
964167
965494
965922
974279
964786
966735
965433
965619
961748
969305
958706
962559
961787
1020834
961236
968963
961555
1026456
1025593
1033097
1023622
1023937
1030525
1026689
1024368
1030531
1025164
1025253
1030499
1026101
1023967
1024697
1020663
1025365
1021636
1030969
1024550
1025465
1027221
1026362
1025525
1034534
1020349
1024676
1029960
1027182
1022748
1029004
1021096
1028568
1030611
1025656
1024729
1035093
1026088
1025020
1022454
1025195
1020923
1032915
1023566
1024598
1029986
1024984
1022822
1038774
1022389
1025478
1028619
1026099
1027056
1034747
1027486
1022234
1022629
1030456
1023793
1023957
1032253
1022314
1023944
1028181
1023290
1024403
1029707
1024393
1025661
1033581
1026971
1026534
1054003
1023991
1026677
1025165
1022504
1024463
1024999
1031993
1027868
1026759
1033998
1024774
1026189
1027085
1029422
1022149
979480
960970
966618
971214
1027898
1028737
1026043
1025398
1026730
1025095
1028552
1022163
1028097
1024298
1026666
1028884
1028117
1025476
1034074
1023262
1027321
1029203
1029684
1024472
1032562
1024969
1027242
1030335
1028808
1023054
1030548
1024419
1025319
1035879
1025188
1024346
1028070
1035836
1026188
1023288
1034318
1026479
1026982
1027823
1027704
1025236
1033384
1028746
1025135
1032964
1024925
1204278
1204227
1268413
1024233
1023882
1023381
1024708
1024666
1024808
1029624
1023415
1028662
1034938
1023414
1024643
1026825
1022985
1212198
1270110
1203295
1027001
1029179
1026828
1026758
1026129
1022916
1027000
1133754
1029584
1024850
1023244
1210848
973323
966282
968853
962945
967378
961463
969915
970962
970825
959888
967631
964126
965401
1023427
1033338
1024630
1025242
1028126
1026743
1025343
1033545
1022392
970915
961698
967623
960608
969966
1030435
1026484
1024773
1034053
1020827
1025788
1030124
1025972
1020868
1029668
1031464
1027111
1030738
1026856
1024767
1031118
1026046
1025830
1025917
1027203
1025068
1025312
1025049
1024371
1026944
1024957
1022360
1023737
1024504
1025780
1026992
1030391
1025150
1022452
1032606
1022987
1027450
1029860
1026585
1022517
1028324
994745
996316
1006698
1022259
1034951
1018279
1012839
1024593
1018657
1005149
1019519
991662
992602
990417
986741
985294
992355
986184
988079
993478
988268
983984
991924
986911
986833
984071
983136
983665
990255
991160
992932
986064
985747
992636
991165
977505
978720
976023
981887
980117
978408
977533
965030
966494
967086
967645
972197
970988
971189
971324
965043
966410
969281
967036
970065
969943
967371
967974
970217
969946
973591
974171
968729
976494
977152
981512
983809
978660
981603
978710
981152
981489
986493
979229
978063
981241
979961
981658
987533
977777
982827
985739
977767
974474
980020
978402
978453
983536
975430
980932
993792
981463
983303
981335
976811
979055
988111
977871
981177
1042089
1218154
1216439
1224257
1218128
1212854
1222960
1217352
1213516
1215898
1223566
1219773
1215228
1227327
1216757
1038323
1035501
1038175
1038681
1037776
1033306
1037690
1036247
1040498
1037180
1034718
1042148
1035131
1035490
1037053
1039808
1030455
1031979
1044225
1033903
1036235
1038916
1032950
1035691
1054586
1034438
1034587
1044115
1035676
1036927
1039467
1032058
1035650
1035216
1036423
1029396
1030780
1039784
1031469
1031914
1040125
1031291
1030657
1035339
1033257
1031848
1032362
1030779
1032630
1032515
1031727
1036942
1032196
1039479
1035741
1034790
1040547
1036522
1035732
1040190
1034004
1033841
1036489
1033506
1034129
1034804
1033514
1034563
1031487
974315
985265
977515
975359
975050
977948
981213
983880
977564
977342
980731
980819
976508
978912
975646
988531
977435
1033894
1034942
1032728
1032932
1034033
1039551
1034440
1031136
1038977
1034940
1034908
1034253
1043933
1034028
1035950
1035236
1038139
1037245
1032922
1038343
1034994
1034937
1035854
1033290
1033094
1034686
1037014
1033189
1030063
1038112
1034570
1033859
1040411
1043646
1032693
1033543
1041221
1032611
1032742
1033820
1034843
1033925
1035308
1038652
1032050
1035039
1042690
1033899
1035672
1033632
1035313
1033860
1032036
1038825
1027273
1030841
1028644
1034051
1028228
1030909
1031421
1027423
1028146
1028988
1030841
1028497
1029355
1035365
1030862
1030231
1028168
1036198
1028709
1029788
1035739
1028300
1027637
1027097
1027077
1028659
1029622
1030343
1026210
1025795
1038052
1027759
1026272
1028274
1028604
1028558
1029664
1031099
1029481
1028603
1031948
1026442
1029056
1028447
1524402
1028678
1032832
1024233
1029430
1027400
1027164
1025178
1029292
1025274
1030208
1135732
1031251
1023939
1030042
1037314
1037008
1028648
1027939
1035753
1029305
1026817
1028656
1032555
1027902
1027313
1033482
1026079
1028556
1026885
1034442
1027329
1030053
1034008
1028822
1027196
1029608
1032402
1031182
1024741
1034802
1027503
1031020
1033430
1038593
1027987
1029138
1040758
1028634
1026989
1032570
1035397
1028369
1026541
1032666
1026652
1027322
1037011
1027196
1030588
1029253
1034632
1027169
1028394
1030810
1033416
1027295
1027908
1025270
1027281
1026803
1026139
1032923
1032323
1025753
1029598
1023564
1027158
1033524
1026354
1026792
1026496
1035635
1028486
1026609
1132947
1026327
1028780
1026924
1034115
1026613
1027792
1030822
1027765
1027139
1029037
1028122
1027272
1028888
1036955
1022498
1028578
1379178
1028319
1025002
1028842
1030322
1026276
1023966
1033313
1022566
1024482
1024479
1028989
1022847
1026825
1023974
1023881
1026586
1029975
1021830
1032148
1023306
1032987
1025583
1028488
1030865
1027631
1023279
1027581
1043723
1023185
1023849
1036508
1025564
1028944
1029934
1027714
1020754
1027495
1028322
1027818
1023407
1041774
1022943
1025149
1033124
1023587
1024885
1023119
1024390
1026992
1023719
1027907
1026979
1025295
1031170
1023277
1023695
1024654
1031016
1024975
1023451
1030024
1027106
1023669
1027517
1028369
1024734
1021546
1031595
1023288
1028916
1026620
1030609
1022882
1027395
1030793
1026040
1021797
1028914
1023724
1028923
1024763
1029627
1024364
1029358
1032332
1026504
1022719
1028645
1029640
1025136
1025263
1038911
1020702
971029
962869
972045
963195
968690
979326
1029358
1032726
1026635
1020060
1040101
1025749
1027046
1024321
1031416
1023219
1027424
1029068
1025116
1024117
1026926
1032617
1027215
1026209
1030682
1025937
1026322
1029964
1033295
1024873
1025096
1034176
1025370
1024998
1024634
1033792
1028034
1026275
1034704
1027357
1026864
1028928
1024459
1026785
1026181
1036661
1026726
1026853
1035656
1027228
1024334
1025350
1024505
1026241
1084725
1522830
1021394
1023900
1023596
1034478
1024322
1024028
1025785
1024989
1021753
1026133
1020311
1027391
1025778
1036004
1024675
1025771
1029723
1030582
1024125
1027855
1024956
1028926
1025029
1032413
1027199
1026297
1035481
1026200
1025443
1028197
1033833
1025990
1024685
1030364
1022650
1029287
1026076
1031363
1025944
1027186
1032530
1028714
1023919
1025238
1035707
1026848
1021240
1032287
1025246
1027880
1209373
1205577
1230744
1204252
1205400
1207426
1211245
1207993
1205702
1208054
1225369
1210726
1205549
1214997
1207530
1209327
1207148
1218041
1213353
1208111
1211843
1215369
1208821
1234316
1221915
1207536
1211776
1208689
1213952
1208295
1227525
1241465
1218306
1208922
1211230
1259231
1209824
1212313
1215395
1215365
1210423
1208325
1208766
1215933
1210220
1204410
1209218
1208126
1207297
1211749
1219935
1204589
1206235
1211659
1208118
1213592
1207068
1213806
1209719
1205558
1209464
1212999
1209214
1205790
1209992
1216320
1210732
1205575
1206941
1217608
1217080
1207538
1216165
1205506
1208145
1205169
1221704
1206905
1207661
1218261
1207329
1205704
1208487
1215394
1207745
1207413
1209904
1222403
1210623
1224005
1222546
1208269
1207653
1211810
1208839
1209033
1206684
1219611
1205796
1026122
1026075
1026649
1027229
1027507
1025769
1027213
1345789
1339139
1339133
1346856
1345917
1341042
1068728
1026996
1019356
1022963
1026608
1020822
1199335
1206983
1200328
1201685
1212833
1207171
1200768
1160222
1018825
1022331
1020210
1021334
1022037
1023737
1028267
1026434
1020558
1026373
957976
1527924
952369
1005816
971258
966404
960693
965181
999937
963770
978238
995095
953829
1033240
955139
986865
1036342
958630
989603
963274
963323
962734
955640
995642
959705
960202
960659
1009040
960381
960715
1017792
961157
1013402
964055
1040164
959310
965495
1023503
955942
960292
963983
959337
962107
962015
960039
964382
957310
960435
967436
956100
959091
968810
960990
958404
960219
955410
958119
955326
955213
956486
959744
951194
962797
954277
1017714
1024199
1021678
1019810
1022934
1016219
1020851
1016177
1026916
1015380
1017792
1151427
1023399
1018765
1021153
1018397
1021683
1020913
1028333
1018793
1023178
1017912
1020076
1019025
1022262
1023747
1019522
1018427
1023913
1023197
1022487
1018622
1024821
1021500
1020337
1024670
1024506
1021118
1020091
1019033
1021349
1016897
1022434
1019016
1019562
1023003
1018633
1017393
1020886
1020190
1017698
1019151
1031224
1020119
1019326
1024340
1017160
1016859
1019576
1026893
1018117
1019854
1020152
1022566
1017646
1026651
1018951
1020190
1021164
1027229
1023055
1019389
1021317
1021440
1021378
1022806
1026023
1023454
1020163
1024312
1022261
1023545
1021546
1023174
1177265
1020570
1027264
1021970
1019501
1022638
1025743
1020935
1017765
1023817
1019818
1020986
1017229
1022521
1018506
1020405
1210109
1251469
1198908
1206095
1195096
1199117
1212826
1200947
1249780
1203252
1209018
1203593
1201633
1210693
1198806
1202114
1202093
1206136
1202038
1202667
1833635
1212394
1199858
1203294
1205840
1210370
1205262
1202801
1208913
1200048
1202061
1206858
1202954
1202945
1205012
1211005
1020726
1022263
1020956
1207826
1021376
1018828
1020070
1019765
1020019
1069051
1022799
1121816
1017415
1018328
1019290
1017297
1058551
1178915
1180060
1024099
1019580
1020480
1020496
1019648
1020111
1019386
1022774
1033068
1024866
1022248
1022057
1024262
1020613
1022517
1026705
1019265
1024122
1535296
1022779
1021081
1031821
956587
982683
993695
957333
957235
967131
1006749
968054
955792
1021709
955071
1008730
955611
971395
980995
962251
1025528
959395
959124
962369
962828
963332
955319
1206606
1199894
1200528
1205656
1209223
1199454
1214933
1204587
1203018
1202399
1202680
1222048
1201803
1200305
1211811
1204668
1202754
1204728
1201237
1219346
1230583
1210210
1203794
1199299
1226295
1199987
1199383
1201614
1205014
1202263
1203150
1207632
1199212
1198859
1199623
1206742
1197639
1199224
1873391
1210815
1216925
1202655
1206552
1202084
1196802
1209354
1198113
1201741
1196944
1209039
1199056
1201414
1214073
1201099
1207637
1210432
1207454
1203661
1197529
1209213
1019095
1030584
1016358
1020763
1014645
1022363
1018836
1019921
1016810
1023100
1016884
1023613
1021161
1019237
1026113
1021732
1016812
1018127
1018261
1021651
1016206
1026671
1017601
1021299
1023141
1016542
1017333
1025696
1018939
1019481
1021061
1028012
1017439
1018200
1023429
1016654
1017359
1019963
1016584
1019343
1018827
1164297
1065835
1021329
1019728
1020465
1022910
1021826
1155928
1171280
1027623
1223728
1024580
1020548
1026464
1020992
1022474
1022986
1024667
1022280
1023008
1019578
1024899
1021024
1207881
1192708
1023897
1095711
1023368
1021463
1023695
1017689
1029010
1017376
1020107
1018395
1175505
1124694
1023373
1016389
1021673
1969209
1024842
1014897
1019914
1022918
1020217
1015412
1028339
2492040
1377372
1402085
1459023
1510791
1517620
1122325
1102567
1076446
1024859
1007348
984691
954449
968081
959112
958455
960436
965786
955871
965012
956052
961777
952726
960463
956170
958387
957060
970961
954631
959218
956037
960198
958950
963322
953647
957827
957478
956131
951966
960807
953484
954270
955738
960644
961134
955359
952701
959834
984321
957817
961494
1029035
1021010
1023465
1022624
1021831
1022280
1020330
1024420
1021495
1020829
1027138
1017842
1021291
1019866
1029731
1021921
1015723
1027540
1022108
1020888
1021294
1019956
1021888
1028139
959452
967772
1019162
1017286
1030939
1020084
1015524
1023962
1021148
1018663
1525326
1020584
1020575
1027305
1019711
1024465
1020991
960781
959400
958090
956968
957360
953714
973098
955114
961588
972025
964769
953580
963966
958144
963297
973709
960362
956044
970781
957700
967535
955055
967958
957938
961039
955127
971395
959081
970656
963319
963989
959509
975018
954174
970822
966833
965043
958929
969810
960439
966139
960432
960658
959768
974254
968755
962499
960867
962224
975713
960388
961011
970518
958393
964023
968345
962685
957456
967226
1021824
1029366
1021311
1018092
1026249
1022771
1022243
1018217
1028975
1020818
1020975
1027270
1020042
1019668
1020357
1026628
1022435
1020270
1024335
1019973
1021764
1021510
1021795
1021030
1020528
1021622
1023863
1020160
1031773
1019849
1022175
1026169
1022901
1020449
1020500
1019898
1023095
1020716
1033643
1019890
1021428
1166377
1034316
1020616
1022005
1021081
1030356
961507
969251
958632
967063
968542
964904
961217
973919
958677
970407
965673
969444
959468
964469
956401
964701
962438
964178
956488
971416
958031
976792
960272
963103
969329
965111
958662
1424200
955339
961543
1039299
964036
957757
970659
963233
959117
973314
957917
970377
962568
960094
964226
959874
958389
967865
959031
960141
971024
964124
960804
966680
958202
963709
1022749
1024917
1018451
1026477
1020522
1020211
1022909
1021348
1020067
1020650
1021119
1024301
1018856
1034998
1020413
1022977
1026284
1020522
1020682
1026114
1020362
1022193
1017836
1023841
1021139
1022868
1028767
1023576
1054328
1532166
1025673
1023661
1021527
1026767
1019745
1024005
1023533
1021985
1018542
1021947
1019800
1022946
1020838
1030169
1019923
1022817
1020964
1021738
1019524
1022078
1021308
1022938
1018767
1026617
1018230
1022326
1031483
1021673
1020079
1023268
1026872
1021950
1020563
967257
960496
959720
972685
957839
962695
961185
959386
962936
967519
963076
958260
964282
965175
962854
964978
957172
960990
968889
961469
962014
965474
961206
964658
966419
960976
958035
1439055
957196
972262
957253
963492
957183
964023
958562
962637
961647
1021335
1021439
1023724
1020115
1022953
1024600
1023007
1023155
1030742
1023655
1024889
1020143
1028424
1022367
1022634
1030703
1025017
1022313
1027189
1020732
1025053
1019537
1029275
1022172
1024298
1026741
1022286
1019317
1031264
1023016
1021393
1018729
1030786
1019378
1022367
1025434
1019621
1020975
1022560
1549930
1140603
1023313
1020683
1028124
1023184
1021060
961668
957736
959807
962945
964972
960687
957756
961221
956688
966218
960041
962536
961933
961971
965774
963181
955160
965786
972732
959213
962212
964529
959665
973927
958667
960338
962371
961696
955185
961829
955719
966552
954471
965557
963030
964826
961335
967743
957984
966119
965885
961862
958056
965603
955457
964072
956230
965404
957972
960850
958061
969674
956754
965289
1019107
1026332
1019211
1021970
1019228
1024547
1026544
1020299
1022551
1021592
1020530
1020135
1023416
1023978
1020495
1033721
1021686
1025414
1019850
1022989
1020301
1021744
1020651
1025099
1021611
1020190
961246
960653
958601
960578
964845
957988
964383
960000
960315
962473
958394
963577
963541
964090
959423
962214
966548
962838
966448
960480
965292
960892
961098
966259
963936
962298
965480
959551
965100
962080
965913
957034
961761
961989
968695
960510
962967
981611
1027001
960155
959231
956808
968190
953961
968570
960878
966525
956348
965167
958705
960652
959121
963753
954474
966127
956348
969603
963312
960170
960158
964187
962683
967491
963280
966140
955791
964312
960434
966920
962313
966998
955436
963532
957991
1022262
1215198
1028929
1020702
1024962
1022053
1121075
1214652
1027103
1022500
1021870
1022971
1135720
1191303
1025736
1020372
1021775
1020737
1152140
1175259
1027351
1022151
1020976
1022377
1019127
1020020
1022420
1021522
1019267
1025642
960401
969138
977511
961859
963068
965916
953935
964747
959260
967314
958205
966092
959627
959716
962340
965484
957537
968422
957528
961444
960487
980837
955213
961609
964142
968216
960266
961983
958422
960845
955272
961738
953936
973195
967043
963593
958731
973822
958142
966490
966935
962311
966075
963600
958091
961849
958915
962292
960863
4186369
964241
963883
957607
966934
962688
962860
969988
962103
964388
958932
963536
962414
962712
955995
959519
956117
968501
955359
961280
972923
1021658
1022204
1030328
1019937
1022946
1023822
1020465
1021391
1029154
1019569
1022621
1018655
1023858
1023937
1025749
1019162
1022759
1023557
1024728
1022281
1028667
1019062
1022124
1030111
966602
964929
959850
956187
966056
964253
966965
959883
967396
960285
962882
958989
962704
953158
974760
954950
963625
961876
968965
956816
968346
956691
962877
962542
974935
955731
964982
958216
963962
959282
963350
958815
969037
970138
969654
959083
963817
965455
961328
960279
961339
962415
965506
958182
959037
964492
959031
959240
961004
964024
969745
963284
965663
961695
959929
971313
961236
959171
964962
958802
961687
977403
955901
965289
971443
964686
965654
965809
971378
964011
957572
971900
959999
966988
960942
965114
1026443
1022253
1020551
1027311
1020526
1024215
1029397
1021098
1020808
1021068
1021117
1023779
1020283
1028739
1018409
1026426
1020057
1024930
1019073
1025740
960375
971092
952116
969443
1001091
980112
958156
974066
962323
967743
966381
963532
958970
970602
956964
962746
958825
964849
958910
972240
955737
968103
963987
959599
956860
958816
960303
960233
963203
964583
960748
957827
958292
964405
960459
958855
956582
959460
965237
959926
957412
967903
954018
958771
961863
958459
964650
961384
963259
962957
971970
957301
962209
960509
958263
954537
972504
959797
962295
964353
966394
954828
967997
956112
964405
973402
963144
959856
967363
956939
969368
964687
963081
960427
980211
953456
967798
957833
961703
954653
1026006
1026982
1020286
1021477
1025797
1022218
1018432
1027233
1020094
1022500
1025470
1019890
1022635
1024732
1021236
1023973
1025453
1023237
1019033
1024678
1021648
1020558
1019935
1021447
1019731
1021357
957550
965844
965861
963028
961506
972785
956848
963839
963068
964619
962558
972936
956532
971795
968449
966781
960805
967753
1120059
971487
963840
979372
960837
963367
966133
961928
961175
973319
959290
967112
1026862
963586
965567
962538
961991
966987
962991
1178933
955339
961026
964964
960255
958567
964264
962802
963869
963926
969284
962936
965976
964647
960229
964985
961671
961955
965008
963441
957262
970991
966769
967124
967994
970145
960343
966596
966035
963905
961485
972234
962713
967792
964864
966594
952644
1035124
1021239
1027918
1020297
1027684
1028614
1023490
1021151
1028748
1019993
1026272
1021024
1152549
1155041
1026005
1020417
1026502
1022552
1023190
1022326
1024685
1017953
1020691
1021547
1023569
1022335
1127468
1018291
1023252
1022185
1026126
1019165
1021100
1027689
1020391
1019207
1032188
1019607
1023649
1028457
1023558
962113
963578
3889013
968477
955672
960121
967863
956368
964312
965369
966952
958340
966703
959606
960725
964888
964883
960727
959512
965218
968696
965224
963362
962923
960727
961486
962818
959539
967105
957409
962052
956882
963826
966010
963895
1160561
964540
959254
965588
954776
969514
957859
964949
965043
964730
959698
971177
955269
964495
965275
966813
959546
967639
963031
969053
957542
967776
957171
967030
1208769
1202533
1198369
1273345
1206144
1203975
1199966
1210325
1200099
1201686
1208579
1268971
1199958
1211813
1198431
1262271
1271742
1212714
1020033
1023887
1027325
1023592
1021836
1033985
1020517
1020575
1023287
1024252
1022102
1022848
1019495
1024179
1027078
1020161
1021673
1228927
1033240
1021194
1023348
1025964
1019761
1021998
1022509
1019769
1024922
4238302
1020794
1022677
1022256
1019288
1020469
1019369
1024073
964861
963451
964970
964737
959762
966848
968533
975932
954536
965963
961736
967518
959142
968390
960872
965650
963977
968308
956453
966204
956537
967679
3881033
965919
954346
962214
960030
962269
953861
972881
957415
967423
959783
964417
954688
966272
960565
965605
955574
974244
955057
961921
959306
965959
958511
970536
955715
1207908
1199958
1201139
1207058
1217327
1271142
1212049
1199793
1198633
1201147
1204243
1200955
1235130
1211014
1274504
1203426
1211583
1200577
1025004
1021047
1020813
1024112
1030320
1020780
1018996
1023490
1018765
1020322
1021470
1023603
1022946
1024903
1022716
1022122
1020836
967845
961154
964300
962260
971436
952089
963591
962924
958554
957508
971009
955516
960602
961619
964333
956154
964498
956458
966432
3886856
966465
957215
971283
963064
966321
959066
976034
960587
967860
959980
961155
954794
965906
956336
964998
953912
959295
958329
960519
954169
961004
957554
960456
962101
964261
961630
963564
962251
961394
958803
965803
964220
968596
960413
972997
958956
964909
958412
967152
957309
961517
957209
964080
957683
957941
1028337
1019622
1022668
1022186
1020962
1020336
1020980
1019962
1021586
1028210
1020172
1018563
1026649
1020567
1018679
1021399
1020977
1019631
1031921
1019927
1023866
1025078
956527
957207
961898
959633
966313
955371
965038
959639
965839
953409
962436
957283
967386
953821
967282
956891
963679
957610
965010
959925
967958
956111
964656
967146
962748
954531
964162
956432
963831
959814
963414
956718
970346
960892
959598
958039
966965
965917
974607
957165
961354
961481
968057
957747
963375
965721
956583
952730
965496
964939
955752
960802
957507
961241
975390
955647
959346
965362
957294
958831
967540
963921
964924
961227
959963
957858
962666
956913
962157
971212
962545
963585
960636
960239
956897
968111
958790
959709
1200234
1202279
1204111
1201029
1197820
1208791
1216856
1203549
1214634
1199346
1198969
1207317
1199037
1200899
1272428
1212009
1223496
1205913
1202873
1207197
1201397
1207422
1270508
1061936
1221298
1019820
994087
972203
959805
966858
950364
972835
957368
958883
956810
962710
958431
976847
956047
966038
960746
967487
955758
960989
1029653
956501
960085
974576
964099
963643
960217
963688
960512
968384
963856
969134
958130
967859
958113
962329
970687
961324
964022
1128333
961747
964381
962199
962193
966815
962454
964852
961840
960706
966485
958820
966850
967081
958802
959822
961686
964779
964917
967113
955487
967052
958372
964433
962922
968383
963364
964758
965902
966343
957532
975298
965412
962947
961102
962889
960129
1023860
1020617
1021118
1028224
1023852
1022486
1025097
1018421
1021199
1027692
1022336
1020526
1021589
1205136
1112457
1030149
1021919
1022324
1030275
1020682
1026489
1023237
1020637
1020740
1021845
1020260
1022269
1023319
1020974
1020070
962950
962955
966742
961567
959511
962468
962322
959373
958223
958875
962584
954382
965331
955944
966382
964610
970525
966213
964967
958756
974385
956145
972399
971219
960797
960305
967339
958967
969588
962434
967414
959748
968960
959555
966111
956816
966446
957585
961878
965486
965174
959626
978478
953505
961633
968135
960568
956900
974214
964518
966626
961823
968403
957261
967616
964159
964109
962853
969756
955629
965024
969956
961187
961470
974859
960768
962067
961864
962854
961392
1017818
1025209
1020492
1018968
1026694
1020901
1017611
1022283
1021142
1020170
1027613
1021041
1020190
1024885
1019389
1021481
1019836
1019951
1022616
1022908
1021936
1022051
1221073
1024117
1019475
1024581
1178893
1028150
1019837
1020399
1026381
1020616
1019392
1024985
1021404
1022492
1021812
1020298
1019145
1024003
1019106
1023543
1020201
1022959
1018023
972268
955849
960744
966584
966868
959827
961252
958067
962276
955477
966519
960526
965872
960762
970689
959847
969831
956596
965445
961885
977677
961860
967905
963081
969497
963401
971887
961602
964838
967754
976775
964383
967322
959321
970413
1193243
965664
960422
967472
959705
969176
966579
962351
960497
967063
960708
962542
967355
961175
963087
967699
975337
961600
969187
966784
1024686
1031205
1023399
1021787
1031514
1021084
1025507
1028735
1026314
1021233
1027655
1023130
1027194
1028557
1025339
1025376
1037124
1023894
1025605
1025734
1024286
1021859
1027468
1023046
1027181
1030213
1027264
1021476
1026259
1020768
1024631
1030957
1024617
1022580
1024966
1020921
1026658
1024597
1027149
1022637
1026654
1031430
1024055
1020996
1026632
1022180
1021902
1027546
1025937
1021590
1024969
1018713
1024175
1029131
1023720
1021462
1028510
1022641
1024609
1029079
1024262
1022400
1027828
1023799
1023758
1029476
963174
966343
963015
967374
957845
964431
965986
963480
963077
964826
964074
961505
960502
965377
964331
965453
963980
966870
967303
969308
960099
970376
967516
968823
964032
969108
965000
971381
962033
972584
960723
964380
959785
969255
1212578
1207296
1203664
1276464
1219109
1271136
1203664
1211355
1201734
1207997
1209325
1207912
1203299
1206608
1266628
1210564
1203044
1214288
1277431
1207576
1025077
1026212
1023148
1031619
1022289
1028543
1030522
1028332
1022607
4371799
1022466
1025122
1024036
1022121
1024004
1032757
1024734
1025080
1022499
1025461
1023026
969398
962029
965635
967852
966538
963499
968211
964137
966532
967002
959390
960169
973523
962415
965286
967501
965038
967682
959871
964398
962821
968583
958878
964535
958531
970733
964276
976210
965983
965620
969863
963502
962187
972015
967417
968650
958902
968764
964299
962829
961423
970220
962841
969065
966576
964589
961072
963972
959764
975000
956843
970475
964985
967192
954608
970466
957589
968298
962462
1024673
1027022
1024122
1019911
1024557
1024075
1022115
1021475
1030772
1022876
1028552
1026686
1025850
1024824
1032118
1021748
1023736
1029426
1025015
1023918
1032104
1022655
1027300
1020325
1024623
1023248
1023462
1028704
1023725
1025116
1029865
1024970
966041
963228
966773
970816
964798
958446
965815
960341
966696
964443
958591
961602
963741
968134
962084
961348
958352
966385
959573
968372
968522
962936
963836
978783
959244
964864
959000
963776
1009353
964290
957829
974282
959701
969990
967200
960352
957700
1000569
961200
969136
963508
963340
963456
971445
960999
967917
966944
968221
967749
966278
963435
966913
972152
970686
963770
974335
960532
967589
969987
965460
961270
973574
961437
967621
966802
967542
960758
964502
1142266
1029140
1025073
1025318
1031502
1028389
1024477
1026873
1026305
1251459
1182275
1032432
1027372
1024555
1030729
1026861
1026292
1030519
1025428
1024188
1029082
1026386
1027096
1027842
1032359
1083241
1025172
1024753
1026561
1025486
1026995
1033426
1025821
1024838
1031432
1022829
1025063
1032435
1027338
1025610
1031506
1022922
1026943
1025097
1026485
1021432
1033906
1024672
966465
966323
974676
960418
972240
970855
974027
964525
975624
966214
965525
962107
976551
963665
977955
970008
968315
968629
970565
959947
974165
966020
972513
961826
974055
962329
965236
975079
968137
964195
966415
961709
967344
967496
969788
965246
965646
965395
964693
962181
969131
960831
967206
966120
963697
966584
974957
966307
965696
961126
966356
967246
1027546
1023575
1023972
1024276
1031572
1027037
1025898
4249839
1025123
1027013
1025873
1028008
1023425
1032040
1026820
1023957
1031905
1026026
1022630
1030264
1028660
1029388
1029610
1025171
1026159
1032355
1026005
1029930
1031725
1028286
1026659
1034517
1024441
1026817
1026015
1028307
964185
964405
967118
964210
961801
971031
960443
965091
965561
964454
960174
969041
960295
969405
969771
978333
993329
969739
964440
965473
959526
977385
962289
960732
969401
968358
980231
965442
963746
966141
967421
965004
965937
967206
960673
966918
968505
967995
964934
972803
966862
970229
967664
968039
965208
3966141
972294
969251
965490
967889
967652
966311
966615
965758
972394
962126
966339
970944
963166
963894
973953
970789
972269
962668
1026886
1026182
1032283
1026495
1028377
1028430
1026133
1023012
1031340
1022157
1026037
1028848
1027513
1023818
1028487
1024931
1024723
1027846
1025357
1021052
1026528
1022001
1027762
1021372
1032589
1024464
1029806
1121308
1028737
1024911
1032114
1100732
1028192
1023182
1030108
1024048
1027473
1018931
1026924
1023022
1026675
1030653
1026734
1023625
1027028
1024200
1024458
1028078
1027320
1024054
1033362
1022810
1024522
1025807
1024432
1025977
970914
965442
964565
965485
968487
961722
986911
964296
966018
972641
965154
963521
968704
965611
964132
978158
972874
963352
968862
964687
967420
968969
966337
966737
962723
970032
961452
964927
962432
968777
962445
971533
960583
965610
966234
1088939
961212
971866
960326
971601
962390
968775
956634
970667
1034097
1029044
1021300
1024838
1022895
1026058
1030842
1027495
1023980
1033510
1021165
1027615
1031863
1029991
1023420
1031676
1024048
1028590
1028390
1026004
1023139
1036446
1026015
1029188
1028417
1027337
1026231
1031543
1022738
1028101
1027314
1024449
1025911
1033786
1021693
1028568
1030209
1024443
1026591
1029775
1024549
1027622
1028257
1029239
1026908
1040293
1024141
1025515
1029258
1024915
1023527
1022842
1035434
1022000
1023327
1032377
1025729
1025122
1026262
1025629
1025500
1022316
1024463
1025010
1029967
1025782
1023159
1028519
1026663
1026354
1037781
1026071
1027040
1034658
1027827
1023173
1028045
1022163
1027711
1027719
1024949
1021449
1025007
1023607
967024
958217
977931
961185
969248
964340
974999
959822
971668
967253
970421
970710
977983
962411
980537
963845
1208705
1209236
1207068
1204432
1216510
1261198
1206687
1205309
1208950
1207683
1207489
1270575
1209400
1213670
1217537
1207138
1210297
1208054
1206843
1026331
1041241
1027775
1028914
1026263
1029606
1027380
1028388
1033097
966329
969011
982976
966341
967044
968492
966974
973120
970899
965225
970579
961604
963319
970563
964888
966290
964550
968272
962755
966627
957187
967491
957828
967347
965234
971824
962124
967699
968691
965045
961618
966356
970503
968228
963752
969796
961536
967934
959242
969311
960250
970104
960926
970943
962390
963823
959351
992814
979756
965887
970484
970665
955965
973420
961683
965095
969336
968841
964466
979697
962014
967670
961510
1037018
966238
966370
960880
965388
971720
965829
960996
967921
1022867
1030190
1022457
1025935
1025866
1024562
1025605
1028855
1029766
1026235
1032009
1023894
1026486
1026234
1025381
1024763
1026768
1030602
1027331
1027027
1030885
1028237
1026501
1027125
1026408
1027193
1036953
1024591
1024099
1031266
1027056
1021147
1028273
1027359
1029586
1030134
1027915
1023195
1033616
1023256
1025637
1026750
1025774
1024337
1026922
1027102
1028892
1024838
1034065
1026696
1027535
1027457
1027434
1025296
1026579
1024071
1027157
1022097
1032041
1025193
1026618
1029943
1025520
1023459
1024281
1031143
1026091
1021936
1030485
1022614
1024693
1027290
1025107
1023172
1032318
1022791
1025267
1021903
969146
979782
964904
964568
971038
962379
965917
964284
964593
962814
965218
958587
966889
960402
969951
960262
963139
964850
969951
963945
962518
967910
1213275
1205912
1265005
1205245
1263955
1206339
1352530
1215341
1272341
1204807
1208294
1205869
1274737
1234377
1270022
1312006
1206525
5313824
1203606
1222674
1203715
1210405
1206002
1185443
1021613
1025194
1022610
1026901
1022160
1024776
1030535
1026682
1023082
1032334
1024105
1024965
1022576
1024303
1023554
1032825
1022059
1026206
1029764
1028488
1023463
1023415
1020946
1024939
1020567
1029539
1021956
1023472
1024331
966491
962929
975749
960632
967438
964699
965719
964175
969984
968500
969262
968566
964523
961880
3878622
961730
965195
966476
1111249
962420
964111
969358
967194
966644
961971
963968
963119
965179
965849
958604
963065
968204
970745
967809
964561
963773
969974
966046
962598
973252
963300
962916
976170
964704
961836
965739
967335
1024964
1025553
1024068
1023892
1035087
1020670
1023359
1024346
1026444
1024469
1024760
1032288
1024473
1026204
1023499
1023605
1025713
1023566
1026090
1023066
1033514
1022633
1026036
1027383
1025299
1023349
1023764
1021015
1023487
1024490
1023999
1022241
1033672
1021498
1027062
1029432
1025723
1023552
1028959
1023995
1028029
1025013
1025061
1019544
1034296
1024573
1058595
1024483
1026433
1020441
1028312
1024444
1027202
1029656
1025969
1022601
1031693
1024865
1025451
1022651
1025424
1021480
1025262
1097811
1023822
1023746
1025917
1024130
1024004
1024717
1023864
1025672
1029426
1024481
1021621
1024952
1023157
1022297
1024012
1029252
1022702
968792
956616
967310
959065
962909
966836
968090
960172
967126
961835
966693
965331
964145
956877
961522
961470
971123
959208
967612
1203280
1217559
1215541
1207353
1200950
1209737
1202570
1208537
1208288
1273740
1203424
1208153
1211156
1219914
1204458
1218208
1205666
1208025
1215733
1210058
1201388
1204808
1210926
1208355
1271758
1218614
1029911
1027357
1023390
1028299
1023171
1025457
1025839
1025476
1024630
1027085
1023204
1023300
1026393
1030187
1023955
1025041
1020734
1022471
1024195
1024775
1022825
1029817
1023097
1023957
1028567
1025562
1023609
1035586
1022631
1022689
1023516
962441
963250
960087
964454
963391
962866
966282
966664
963951
967031
963592
963907
960574
965170
961513
966335
966252
968943
962740
969859
967020
963504
962428
974741
960219
969490
969345
967802
960256
965455
969489
972048
957984
969291
962485
967092
962876
967299
966976
966883
964072
972878
967011
1026537
1025992
1026335
1044923
1030233
1022917
1026997
1024932
1033980
1050157
1027353
1025630
1026192
1030086
1024646
1056133
1024986
1059583
1027584
1025128
1030180
1029097
1027943
1031086
1025561
1023741
1033466
1027345
1026106
1029236
1023072
1026042
1032583
1063770
1026139
1030947
1023922
1028048
1025786
1026888
1025005
1043929
1022263
1025706
1036033
1055650
1025072
1056268
1033389
1059694
1027025
1033592
1022843
1027226
963318
963437
964561
969460
961257
969824
960068
971110
966879
967271
1029215
967523
966271
968275
962462
972197
974702
963659
966953
975332
959940
967471
963175
972752
960809
970824
962615
969275
969538
967239
961487
972390
959299
966683
973528
966807
960104
970483
962563
968651
969438
972321
962965
973394
962465
970704
5348719
1205423
1204804
1285022
1217167
1209240
1280253
1210654
1210970
1284489
1212259
1025226
1027594
1060694
1035811
1028536
1046536
1026892
1027317
1028363
1030984
1027663
1028765
1237564
1028114
1059757
1025958
1139065
1031722
1024865
1032003
1070544
1028721
1026408
1034326
1028111
1029674
1031040
1026219
1026494
1030302
1046672
1034873
1025728
1038001
1027077
1028495
4258758
1026298
1022382
1027884
1046773
1025956
1061876
1027052
1060228
1032139
1025094
1027164
1041417
1030683
966263
966489
960028
964825
962046
965243
965107
970107
958706
966049
967084
971193
964779
968846
964438
968951
963430
965573
1067101
965839
968104
968428
962831
967053
973113
966550
961356
978438
967751
966297
971949
964061
964970
967267
965328
963267
974732
962500
964154
970523
963790
966587
975394
968407
967503
960993
966025
963815
978821
966499
967315
962589
969139
960782
967186
971414
968222
962323
972975
960521
972714
966149
969044
962403
975390
963512
968294
954653
969171
964834
967762
963158
968905
959207
970725
965051
963161
966159
964579
960895
968297
962392
968696
963442
971252
963078
974120
966290
969294
965443
971011
959413
975953
963992
970530
969011
980954
958126
972029
963017
968917
962780
969526
960285
966733
968186
967244
960929
962639
969084
967269
965658
960810
966359
972126
967967
966309
968810
965946
964533
972319
962476
963037
969254
965754
966844
969317
966291
963177
967250
966502
965884
959882
969258
960871
964535
961071
971519
960296
1029313
1028880
1027471
1031407
1093014
1029838
1031321
1027911
1062054
1033581
1025035
1040923
1025670
1029047
1021483
1033425
1054148
1026400
1023345
1028496
1024641
1025974
1144550
1028462
1062223
1028253
1027966
1025694
1024030
1037070
1021404
1026214
1022696
1025225
1037835
1023556
1048079
1027102
1026368
1046861
1025549
1027970
1028922
1023867
1061046
1036148
1025719
1023695
1025082
1027402
1025288
1025543
1060143
1026429
1022318
1026839
1023950
1024956
966209
963330
962597
968216
967937
963645
972398
964598
966902
967520
969273
965185
973514
961731
971456
976797
965342
962942
970523
967155
971078
966323
962513
960992
970583
962801
968187
958004
969696
960580
970743
958943
965250
962341
964721
965783
976040
959672
976305
957309
968747
965501
1025890
1023724
1023645
1021439
1022936
1021257
1033555
1021386
1032043
1020704
1025036
1023347
1021845
1022533
1024706
1030389
1026441
1021028
1031055
1022842
1023420
4241778
1026111
1022937
1032169
1022514
1025248
1026171
1022286
1022387
1030639
1022469
1024231
1029424
1025137
1025542
1031771
1025145
1023166
1025389
1022853
1023737
1031049
1024008
1022205
1033126
1024671
1024264
1181952
960138
961310
977825
964662
966203
970671
966056
964092
970788
961588
963810
968333
966330
960114
975806
964856
968321
962949
970352
961141
970617
960255
968474
965888
972994
957772
962486
968065
964949
964452
973601
961051
967141
960303
968807
963716
961838
961943
965986
967705
965295
966980
972953
960877
963924
964377
975628
965464
967049
968059
966489
1032011
1025211
1024329
1024147
1021215
1024217
1022488
1024773
1025342
1024466
1029329
1023261
1031296
1025124
1023421
1024212
1024358
1024043
1023932
1026956
1024462
1021274
1032555
1024042
1025928
1027891
1023860
1021355
1024564
1033526
1024144
1022688
1027217
1022369
1023100
1027501
1023464
1023954
1025611
1024197
1023473
1028026
1024946
1022630
1031896
1024777
1025651
1023525
1030982
1031215
1023433
1029150
1025859
1036301
1024755
1024377
1027429
1023125
1024895
1019774
1027771
1023884
1023233
1029199
1026250
967005
968771
972204
963239
964391
972677
961396
966447
968919
964489
961575
969061
961256
960994
966883
962300
963902
975663
960821
970300
963238
975426
963243
964412
974041
965288
965485
968814
963620
965468
967157
963735
962359
964418
963833
1025372
1030116
1024986
1021696
1021681
1023974
1025562
1023309
1024962
1022829
1025091
1027811
1024188
1027214
1024261
1024392
1026288
1030432
1022293
1023936
1030345
1025473
1021099
1024679
1023095
1026091
1023276
1031069
1023844
1026889
1028763
1025638
1024693
1037235
1025742
1025099
1021570
1023774
1022458
1025036
1024997
1025000
1022347
1030482
1020547
1027855
957077
966450
957039
972084
968422
964365
961559
976877
960410
963115
960713
969094
960785
973381
964372
964328
967555
965522
961504
970181
960545
967383
966013
963131
962619
966369
961767
969486
958800
963985
962582
964410
960491
968409
963299
970722
962139
960464
970983
961200
963454
963159
963764
966168
969783
964633
959108
967851
959752
961778
3890909
966572
960960
960809
1022466
1024510
1022540
1020052
1023594
1025672
1023233
1020336
1024208
1020177
1061036
1023802
1022220
1022906
1032653
1022887
1022599
1031230
1026040
1020206
1103487
1137528
1034459
1023119
1025520
1021713
1023211
1025102
1023154
1026612
1154954
1027260
1024207
1016395
1031037
1022290
1027131
1028320
1024717
1021762
1030470
1018293
1024674
1023729
1023064
1021819
1030013
1023477
1022091
1027920
1023800
1022782
1021849
1021196
1024432
1028050
1023876
1022395
1029989
1021620
1022552
1206184
964248
965619
959952
963428
961885
968655
962108
964101
964868
963433
962844
964634
964432
962665
968637
967315
965988
966299
1044548
965183
3877072
965604
958885
967922
973005
968625
959025
965794
961260
965056
963707
966129
962700
966021
960946
971064
967623
963490
1019167
1027177
1022621
1024902
1023106
1021577
1019867
1022744
1022796
1023909
1025120
1023863
1021218
1029600
1020499
1024177
1026498
1021893
1018966
1025888
1023182
1022002
1028669
1025318
1019296
1031009
1020149
1022925
1026172
1023917
1020643
1029718
1019965
1021020
1028891
1025346
1022025
1028657
1021815
1022755
1026286
1022902
1020398
1034555
1022987
1023022
1032665
1021292
1023068
1025413
1024944
1023896
1022859
1023522
1023908
1023296
1024043
1021410
1024899
4257310
1021857
1022552
1026683
1020705
1024143
1026562
1024448
1021697
1022717
1023637
1024501
1021852
1031291
1019658
1031235
1022040
1026182
1022578
1022786
1019200
1024790
957902
965060
957173
964852
963090
966696
959921
978763
963734
965504
971744
968088
956754
963406
956059
968016
1001475
962113
956589
1025061
1021931
1028159
1021606
1023522
1024974
1024141
1023035
1022445
1021837
1022289
1032705
1024296
1020423
1028558
1023132
1022542
1022116
1024781
1020692
1024849
1028450
1024541
1023278
1183971
1022797
1021227
1030604
1023610
1023973
1019845
1021107
1026242
1024141
1034559
1022467
1021186
1025777
1023403
1029381
1021868
1024361
1019801
1025729
1021558
1024546
1025098
1024910
1023888
1105003
1021563
1023063
4257020
1022034
1021003
1031304
1021496
1025085
1027119
1024897
1018751
1027817
1021618
1022857
1022384
1024137
1063875
965995
969828
963624
959494
972025
963314
965111
966308
964523
961723
969546
960187
964349
963039
963302
956626
965128
957701
973036
961715
964117
961440
970634
965130
967878
963256
965505
961122
968586
963431
967022
960286
979646
957686
972049
957820
964819
959645
970638
963922
960935
959990
965634
964166
963496
965344
964421
962280
963555
969191
959974
970405
959995
967247
966572
965286
962059
966846
966759
970310
973477
965403
968358
968922
961727
968298
962922
968335
956911
967032
965684
966737
959852
973890
959766
967696
955974
966162
962677
968856
961944
962111
962441
967519
956474
969318
965262
963797
961657
964810
962096
977067
957809
967915
965135
967964
962742
965977
959503
965942
957621
965464
959141
970375
962525
968215
959694
966340
959277
969853
964984
965747
962636
967232
959118
967563
963676
963793
956902
965529
969671
965598
967240
962971
963633
965448
964155
968793
972049
960714
960303
966237
962899
1021273
1023721
1026739
1025778
1208255
1103398
1028012
1025715
1022645
1028693
1022654
1023637
1026839
1024542
1026356
1030313
1026757
1027724
1026510
1227037
1022791
1025380
1027042
1034968
1022960
1025511
1022091
1028979
1023468
1025175
1030124
1024220
1022962
1027936
1024077
1024182
1021532
1028764
1024550
1026829
1029172
1026208
1018667
1035403
1022745
1026595
1031087
1026874
1023259
1024144
1031214
1027580
1021116
1026820
1023392
1027873
1024571
1027265
1023185
1026434
1026796
1028584
1024398
1035544
1025319
967219
969411
972896
964332
966781
973457
967094
970771
963626
973121
967623
968051
974306
959822
965372
965515
968229
965518
970165
970182
966902
964813
965148
963807
962506
967175
964949
967321
964949
964819
966032
969270
962824
967506
966426
971616
961649
970614
966687
967128
959924
970713
965941
969448
965347
973578
959680
969285
966009
970278
961662
976944
960254
965692
963045
967411
960488
976510
959777
974442
966030
970616
961970
964841
968160
983608
963390
972189
962277
967167
967155
968156
959868
971269
959617
966532
966829
964691
961590
969810
960699
968434
961770
965008
961688
964945
964339
966031
962505
963187
964158
965644
961598
963612
961148
968405
962336
962473
971663
963377
963234
968747
967754
962616
975463
962796
965231
968070
972948
963909
968435
970174
968685
960702
967612
962939
970358
965755
966362
960166
970144
956086
968852
967042
968327
962822
969522
958103
967123
968569
966377
962189
973132
960042
967342
1210514
1207489
1205282
1211640
1206600
1228523
1209657
1207415
1218202
1205114
1206333
1210613
1204115
1210508
1216609
1210169
1213727
1205919
1206539
1215995
1205821
1207150
1277806
1216330
1204579
1274294
1211828
1207534
1271108
1216571
1218167
1024870
1195498
1028915
1023901
961551
962057
965533
965815
964624
964986
965757
964491
961089
972476
962978
965510
967699
968888
959820
970712
960112
963544
970225
964784
962276
969926
962686
970231
967491
973522
962677
969622
964327
965954
959404
975955
960325
964986
961590
965486
963347
965163
965390
973092
972145
967940
964886
969442
960967
968071
964335
969749
961512
971123
1463110
967172
961926
971086
961784
970291
964627
968050
959968
972968
963059
977305
965474
968365
959622
963250
964160
963240
971563
969845
962983
969770
960546
967581
959993
965782
964837
967492
963549
961261
962887
968732
961955
1029234
959563
972372
965743
964028
965511
966922
961264
972098
965932
967301
963014
968896
963847
970395
969259
969552
971493
966728
968139
964126
966395
965882
966291
967545
966688
963168
972505
962585
973157
969816
972014
962066
974566
964627
972425
969458
968516
962565
975209
961885
967933
969512
971085
960397
975427
961821
966659
960967
976889
962160
968636
965272
964436
962390
972452
961086
965462
964962
973001
963449
971398
962949
971320
961864
965954
958164
968594
960601
968243
973025
968091
965328
977391
962565
969931
964666
968745
960354
962996
967790
967417
966416
980363
961008
970005
966686
966242
961738
973047
965311
970419
975913
962953
964620
974917
966007
967768
962789
968158
968136
968964
971892
963734
966685
968748
967408
963803
966932
963489
967984
964112
971288
964290
978364
960019
969830
963755
969860
963475
976815
963789
968161
976821
967077
958705
970048
961150
971872
964485
973486
961469
966298
965740
965146
961342
967170
960746
969908
959489
965827
963492
969934
964619
962978
970315
967355
960713
971159
961474
966732
965172
966922
962231
973042
964461
967432
964388
965358
966882
964223
966257
966224
965582
968749
961425
963468
962273
966742
966071
966700
964303
968589
964764
969305
969710
969794
962419
961806
969174
967489
968759
1026560
1030915
1022718
1026226
1030761
1024510
1023804
1032661
1022895
1024278
1030754
1026380
1025834
1027902
1023794
1024612
1030920
1026357
1012820
973042
3882666
963075
961392
970420
962910
963710
960356
967469
964268
969105
960762
972881
963674
969714
963663
1033592
1007680
966140
1037285
969605
1017202
966921
963117
968848
964873
1034200
965693
993883
992814
971379
962973
1004565
966593
1039582
965394
967392
963194
968527
1025737
972603
1007585
983894
963973
963518
964950
1015339
965065
960927
1011244
966214
963605
1019800
963645
1025626
963258
959813
968688
964310
1024174
965267
1010942
966559
964359
994224
988245
968586
1026986
965426
1115403
965450
967287
963769
968995
966667
966050
966281
969549
967617
967062
961100
971788
968440
966210
969909
971294
985276
998843
963180
1034767
961939
973249
967818
965918
1024706
969423
964245
970455
966282
1018002
958699
972611
1005919
971109
968117
965030
963038
1004335
962271
1041938
960999
968517
1035959
970445
988584
997796
966380
968765
964362
1002091
980339
967601
1019739
965811
971625
965838
956990
968889
963565
965663
970285
962104
962404
989891
993650
963546
1033338
968295
972102
965404
965465
964077
967683
967296
963512
971205
960755
962856
965858
962601
965371
967100
963342
963058
971250
968231
967675
964293
971112
961847
964556
967973
961761
964546
970708
958768
964607
968409
967909
965890
973028
963402
967282
967659
968177
965626
977421
962743
966663
967434
967769
1022446
1024820
1022354
1026058
1024754
1029899
1021014
1025000
1031741
1023837
1021115
1028124
1022715
1027568
1023180
1023751
1020891
1031116
1019844
1025613
1030124
1026406
1024185
1024463
1022857
1024632
1022282
1026077
1024590
1033450
1024970
1024458
1030336
1022351
1023295
1026448
1035498
1024249
1022793
1031301
1026434
1026089
1031480
1023114
1025970
1022173
1026304
1028146
1024539
1022139
1026336
1026590
1024211
1024163
1036739
1025755
1026169
1025665
1024287
1021268
1028161
1024001
1023593
1024673
1026895
1023447
1032791
1024722
1026290
1027305
1030209
1022466
1033617
1023886
1025378
1024900
1025022
1024347
1029719
1025148
1025154
1027079
1026439
959983
964903
966873
964245
962551
982134
961597
964988
965684
968450
958375
972442
961455
965003
968345
969673
964242
977322
959738
965830
969967
966583
963129
967825
963720
964756
965115
958820
969284
968180
963705
966688
968104
963300
960750
968618
964305
965069
963138
961911
961647
961661
962042
961223
966311
963531
967748
964283
963226
961666
970918
961532
965268
965459
969172
959723
970684
963948
966256
969458
975431
967991
965286
1021405
1034169
1022446
1027876
1031375
1025570
1024027
1042117
1022101
1026391
1099339
1104285
1023723
1026688
1021115
1025687
1021695
1025880
1027678
1023690
1024971
1030531
1026213
1026640
1031345
1026226
1022300
1031744
1022033
1027859
1027062
1026599
1024466
1025837
1024359
1024772
1021837
1037235
1022984
1028280
1024144
1024421
1023677
1025637
1023611
1024113
1027985
959690
967969
964267
965646
970912
962197
966942
1210921
1208919
1208054
1257760
1025646
1024135
1026344
1033168
1026352
1024964
1025534
1035061
1026535
1024394
1032097
1025602
1024675
1027057
1027282
1022012
1030476
1029776
1026271
1024793
1029593
1024216
1028273
1032801
1027617
1023798
1029054
1025880
1030134
1028352
1026747
1024346
1030188
1022524
1025422
1020804
1025521
1023375
1026255
1030195
1026938
1022416
1031447
1020607
1027762
1024205
1024102
1024078
1029024
1024977
1026174
1029185
1025842
1025530
1030474
1024226
1024018
1023891
1024370
1023415
1033833
1022014
1025792
1031553
1028078
1024100
1030418
1022703
1025786
1024503
1028809
1023045
1026913
1024084
1024663
1033473
1024348
1026780
1025834
1024734
1026371
1026193
1032020
1026556
1028534
966807
973346
965781
967071
973420
962659
968520
962472
963661
970852
967491
1025774
1029684
1024815
1026863
1032209
1023488
1025389
1030659
1023556
1025818
1091787
1028379
1020989
1029657
1023526
1026639
1023269
1027166
1021892
1027661
1030089
1026325
1024727
1029262
1021921
1027503
1028249
1024773
1020987
1027780
1023456
1025328
1028400
1023475
1206986
1060880
1020825
1024022
1028273
1024809
1022948
1025284
1020846
1025574
1024235
1024923
1020366
1029256
1187668
1033819
1025157
1026521
1029114
1025569
1022599
1029955
1025564
1027618
1031441
1024423
1024902
1033708
1027580
1027657
1031518
1026466
1024090
1027718
1023964
1022808
1033900
1027126
1025754
1033210
1025667
1022005
1026487
1025226
1026900
1025435
1026210
1025124
1034891
1023461
1027661
1026018
1024499
1025107
964428
960993
967713
959641
966311
960237
968005
958319
966165
965764
970069
960166
1030430
1024582
1027799
1024507
1029109
1023002
1030445
1029635
1029716
1025562
1032017
1025883
1027125
1029370
1027908
1024596
1031368
1026750
1030336
1032623
1027942
1025210
1029458
1026690
1028594
1029044
1026910
1024456
1028229
1025994
1028440
1024725
1032063
1026578
1028239
1033339
1028085
1028462
1032718
1026943
1026671
1032184
1021773
1026644
1031731
1026482
1025461
1024068
1026678
1029596
1026010
1032426
1026298
1025230
1034315
1025480
1025522
1032654
1023916
1028893
1027692
1025058
1025022
1028431
1024882
1028017
1025755
1038208
1027365
1029307
1033988
1032722
1026161
1028487
1023932
1028358
1027954
1025244
1033261
1025756
1023400
1031102
1024441
1027786
1035477
1027280
1024785
1027549
1030465
1028693
1024718
1029707
959974
970641
960901
969916
967479
978600
965772
971822
1025905
1031232
965143
968247
963917
966954
964112
963589
962917
968850
963633
965152
963556
968292
959976
970441
963649
972490
963771
970346
962555
968582
966772
964374
968554
965283
966137
975796
963117
962622
970901
963498
966596
969198
963037
959439
974624
966277
968503
965030
961783
961845
977562
962405
965946
963133
971538
962212
964425
972601
968238
961508
969658
959223
968243
967334
965984
962724
973455
970268
970354
961332
974271
958831
967177
962066
968077
963424
965939
963791
970625
960931
966804
968167
968853
959440
963043
965468
966655
967425
970140
960563
967498
964641
968185
962677
965436
962266
964550
961021
967119
957918
970064
961583
967537
968115
961488
960988
969923
962019
3891952
961092
968452
968854
961966
963830
961006
961812
962823
964389
965833
962250
963792
966366
971654
973098
966594
962020
966788
970891
965440
960156
968211
962656
961200
971405
965175
961107
960889
969644
970268
969399
959184
968520
961759
969427
964182
966064
961951
967074
967577
970920
961969
976654
964069
972030
3881535
975253
955747
971697
967986
966098
959229
969008
962761
965093
968358
971611
957234
974055
958858
967332
961067
974009
962229
970579
965818
965114
964534
968548
964243
966828
965164
970394
957563
971988
964515
964056
965513
961194
960948
963628
965006
964667
961511
962695
960744
970761
967282
964718
970127
970190
963072
961458
971229
969568
968017
969638
965684
961339
1030228
1025720
1025880
1029564
1026486
1021952
1031836
1027360
1024974
1028307
1032773
1029056
1032424
1025820
1027177
1030036
1027365
1026332
1024262
1031733
1023898
1023650
1036133
1024238
1026307
1035086
1025001
1024018
1029653
1023229
1028531
1027706
1024827
1022659
1031794
1024803
1026629
1027564
1026648
1025616
1028926
1021816
1027117
1031243
1027552
1025612
1034022
1024235
1028171
1027542
1027384
1022764
1025594
1031685
1024824
1031492
1026030
1022854
1033155
1024253
1022943
1023695
1028730
1025592
1025380
1085321
967759
959872
968999
963736
961713
962777
966510
962851
961163
966055
967144
969038
966032
965424
969889
969242
961315
959089
968490
966008
957624
968913
959032
965768
964222
962714
968339
974742
960891
969137
963270
966989
965217
967756
1025691
1031428
1022783
1024130
1027622
1027480
1022187
1026708
1023462
1024879
1030845
1026208
1021405
1031714
1022243
1024718
1029723
1026919
1024181
1029295
1023122
1026703
1033158
1026305
1018694
1026391
1029227
1026205
1023981
1030333
1024086
1023556
1022885
1026556
1023204
1029628
1023689
1023208
1031028
1023252
1023407
1031568
1022876
1028537
1028168
1023633
1021035
1025382
1024670
1027292
1026377
1026393
1022188
1035036
1025359
1023613
1025124
1027625
1026536
1028327
1027077
1023484
1031992
1021165
1025307
1022203
1023069
1023800
1026118
1033220
1023999
1024588
1029166
1023704
1026084
1021662
1026534
1022862
1032497
1021657
1025286
1027897
1024127
1022196
1031950
1023894
1025668
1028865
1027654
1024741
1032178
1023532
1026618
1030774
1026290
1021342
1025232
1026137
1025355
1023201
1026214
1027953
1027840
1024869
1035732
1022843
1024803
1020852
1027158
1025102
1026677
1034934
1027517
1022073
1026948
1020385
1026168
1022896
1026217
1021556
1031335
1026002
1025399
1036410
1025353
1022764
1039949
1023321
1025381
1030407
1026887
1023476
1028308
1023338
1029218
1025605
1027151
1026179
1026238
1035820
1028010
1031808
1026524
1024795
1027234
1027223
1025659
1028796
1027304
1027023
1028073
1032397
1026027
1026830
1037888
1028677
1027119
1038490
1023257
1027965
1028659
1025987
1029408
1027990
1022971
1028660
968590
971218
959126
970235
971105
975191
963438
976207
962035
967308
968571
966275
964457
963952
959875
967920
961539
968439
959266
968123
966054
969638
961554
968533
959643
976113
960091
964839
961415
967725
959306
971714
963470
961894
1022865
1026211
1026822
1028227
1023378
1023204
1024924
1026325
1030464
1022572
1022135
1030109
1024299
1022733
1022569
1024997
1025788
1027540
1027653
1027106
1025269
1022808
1024846
1023067
1038447
1019323
1022856
1032273
1026112
1027471
1021630
1022180
1026370
1025522
1033564
1026211
1028623
1029673
1027313
1027632
1032952
1023711
1029596
1033623
1025334
1025105
1027377
1024108
1028123
1025236
1026252
1023549
1031506
1023731
1026156
1022608
1028578
1022356
1027760
1027550
1025801
1025600
4447142
1022802
1025299
1023704
1029550
1021162
1036238
1024357
1029291
1029829
1025435
1024217
1028629
1023743
1025662
1023118
1027347
1022786
1026527
1023618
1025722
1025019
1033402
1023715
1026533
1032244
1023529
1024448
1030726
1024613
1026451
1025608
1026278
1021490
1033745
1026894
1024737
1029071
1027354
1023167
1033701
1023550
1024161
1028606
1022989
1025025
1026391
1027725
1024700
1030687
1022977
963868
966374
969414
965101
964214
971878
963019
965453
971052
966425
966227
969390
963845
960071
967427
961574
966872
964688
965521
960915
976382
961952
964979
962846
965317
960476
978001
965878
966147
964120
967039
962157
972120
962799
969910
967441
969934
959255
967935
960888
985014
961793
963863
967527
971754
964243
970625
957168
969610
965272
965774
957865
969423
962889
970162
963589
970156
959427
974522
963505
970777
965285
963880
961864
974085
965320
965005
968882
966449
962000
971827
962297
964636
961494
963218
964449
966521
964592
965839
960372
961327
965987
964660
967112
966707
970853
966064
999459
957468
967514
961419
964768
969815
964739
961383
3887979
968589
966597
960084
975442
961226
966037
964704
972946
959944
964610
962195
968549
961649
965081
969529
970208
962113
968400
963442
961367
964488
973799
961209
969464
960685
971261
960162
966891
960213
972770
963620
966231
960225
973306
959768
965416
970957
964979
962760
964786
963731
968761
965585
964808
960643
3875214
961667
960673
960638
964895
959575
961899
972702
964144
964028
969055
962791
965551
966902
963107
963046
972367
967454
963988
969180
957340
965605
974591
964453
963143
964815
963237
967732
972717
963990
960647
968165
964625
965433
960160
965763
963118
965892
967108
965662
959942
967923
962402
965895
961895
968339
1022409
1022430
1025496
1028609
1024506
1027153
1026509
1025884
1021575
1026510
1022399
1027663
1028158
1026649
1020930
1029372
1024199
1024437
1025257
1028007
1023962
1029008
1022120
1029642
1028480
1027408
1023901
1025215
1029632
1029340
1022271
1032091
1025248
1026025
1024394
1027189
1022663
1027430
1020859
1026565
1033235
1023543
1024251
1030398
1023934
1024561
1021986
1023659
1027296
1031295
1024817
1026491
1031161
1026741
1025744
1023738
1023100
1021832
1024547
1026834
1026441
1027275
968206
963639
968801
960779
975133
965407
960504
966913
970157
962125
971995
962727
965997
975088
971714
961912
965563
969110
969043
959858
964785
958258
966917
960797
969844
962500
965307
960720
975777
959736
967745
4416670
972910
960422
972281
958730
965742
967422
1025108
1022682
1031723
1022693
1024840
1029469
1022790
1021456
1032409
1023621
1023255
1020904
1029069
968261
968659
971427
966062
967374
972323
952635
964804
974834
964295
959303
970899
959187
963792
970387
964861
963197
967817
961534
966916
970806
967171
962826
970953
967929
959836
965150
963104
964512
965608
966652
958545
972741
960663
966627
961763
967256
958244
966551
961478
970201
964653
965314
968434
969378
964055
967601
967452
971464
960137
972758
972435
967761
963565
973193
964348
969637
964705
964075
966101
973604
964128
965506
3898651
970510
960502
966765
962746
963139
962270
963518
961403
965989
962123
968333
962688
967910
960167
975577
964036
968355
958880
968334
963024
972322
970053
964775
1025875
1022951
1032813
1024159
1024131
1025379
1021757
1028974
1024411
1026830
1024444
1029754
1020851
977473
961709
964103
967208
962858
966296
964821
966680
958640
961742
971966
966085
968406
967649
958950
969713
967695
969771
971903
965401
965021
969507
972327
968765
963899
974249
959986
970120
966983
970596
958140
968329
960357
966221
966155
964284
959928
966496
961084
965204
966091
964984
957830
970313
962838
968252
964105
969841
959066
976193
1000064
968643
4020075
969555
962806
972079
958355
964649
959146
966570
960205
971910
956738
964608
966807
971538
959556
965324
969858
964139
957075
984098
963084
969462
967278
967067
960456
967460
961499
964133
963763
966529
959978
966913
962800
966811
961130
1023713
1028331
1024610
1023825
1021952
1025174
1023314
1027677
1025723
965755
962008
958357
962419
961973
969031
967209
967011
966458
963598
966026
962684
962755
961604
1021819
961164
966208
966304
966530
962632
968155
962265
964455
968261
966924
963201
974025
1016633
975258
958466
970850
958687
972775
961363
966162
966846
968161
961130
970635
958095
972928
966715
965152
960998
968064
967629
968413
961166
972943
961741
968637
968716
965728
958781
979521
959265
968824
968878
976915
964053
964394
957745
965265
961923
962400
961476
964448
960222
963328
959953
965203
966908
963665
966956
965025
964699
970298
965342
962444
967252
963743
960710
969793
968055
964320
972055
969078
959707
1037108
965907
962749
1207428
1206552
1277013
1204934
1026472
1029870
1026393
1023546
1027458
1023913
1026752
1024155
1023302
1025521
1027932
1024665
1023625
1029185
1027351
1022812
1036425
1023384
1025716
1029720
1024852
1022652
1036153
1023027
1027263
1024641
1028762
1022344
1030237
1033369
1024806
1023982
1039055
1024406
1025273
1027694
1023326
1024056
1033130
1023578
1026166
1028644
1025710
1025702
1029426
1024695
1027060
1029020
1025667
1023781
1027145
1022432
1028013
1030556
968122
958595
970605
962463
970626
961050
964354
965571
1020172
965827
964708
965657
961736
972649
965184
968459
969528
962706
966458
971057
964247
968084
966079
964331
960855
964964
965951
965299
961363
974232
963176
964103
973550
967977
964308
976267
963739
966112
967711
971072
961237
974460
1024156
1024303
1029177
1030245
1021594
1028359
1022760
1024852
1034190
970531
963701
966753
961289
965721
960365
965205
959775
970284
959778
969341
967692
968106
956248
971941
956672
965702
969818
967215
960893
972837
962473
965791
969332
970868
966546
970330
958752
966035
965526
963202
967814
963495
959212
967226
966085
967273
962690
974663
968812
965028
972937
968942
965236
961921
968734
965099
961876
965942
964035
963198
967711
965724
968088
963576
966315
960796
972007
964011
965959
971889
965469
964621
968359
964752
970119
969303
967577
961218
980861
968345
970620
961229
969468
963246
969448
971756
970976
959823
970113
959262
968977
969287
969867
965443
966470
959172
968887
967871
968922
961118
1026707
1023205
1032847
1023286
1024757
1024007
1029108
1023140
1028456
1024061
1025483
1025366
1027272
1025188
1023860
1025919
1024471
1025118
1032660
1021533
1023370
1023683
1026442
1024610
1027343
1029555
1026566
1024190
1025176
1025258
1023220
1026401
1023986
1025640
1032818
1023272
1024218
1034586
1026639
1026469
1030611
1023872
1026618
1029567
1025610
970326
965360
971416
960192
964117
968274
962950
964315
970781
963468
969350
963117
962029
965802
963135
971675
969047
958489
964461
962438
974960
963786
966845
967382
968126
961110
970372
965878
970667
964096
1034964
960715
969720
960962
965706
963462
966420
962855
976635
962641
969724
963150
965059
961467
970394
968792
974143
964064
974684
962061
966463
963290
965392
961363
970634
