26640595
28189871
27311679
25817152
25753657
26297010
26362103
26219503
25988212
25592458
25999438
25989065
25940037
25981971
25939926
25981866
25963609
25999269
26015535
26158494
26362402
26193873
26179786
26163200
26120381
26192803
26110586
26376147
26446475
25850007
22249576
24947004
26108747
26158526
26076965
25141878
22197420
22278286
22217360
23702468
26178229
26657355
26050628
26386778
26006304
26255083
26172798
26310469
26031070
26353259
26272730
26725277
26154132
26470530
26305610
26642908
26338499
26279990
26173851
26250913
33527115
29105461
29031736
29112987
29010582
29043813
28893347
29022405
29042171
28505035
26286427
25885708
26026638
26189292
25942943
26071084
26224579
25981302
25960091
26345397
26132738
25942510
25957866
26082382
26124762
26009061
25879986
21997681
22238833
24307654
26378776
26219229
26057025
25929598
26009301
25975715
25980790
27437794
25941933
26065012
26194656
25993056
23936662
22773824
23988763
22791008
22767307
22643932
22697527
24460774
27927334
26019054
26346909
26010709
25963469
26042312
26156257
26077529
25993862
26152405
26208869
25905213
26057914
26187244
26058445
25910916
25971714
25980147
25882755
26178104
26403261
25940161
26057287
26101454
26079320
25893668
26124881
26098792
26082686
26156958
26247585
26508344
26210129
26091626
26092305
22778202
23214441
22830284
22789940
23327392
26179056
25838726
25929875
26298601
26153325
26036735
25998239
26063341
26145764
26091326
26475333
25976235
26160000
26031371
26133273
26147928
25996760
26101451
25502848
26147001
26331393
25975456
26087903
25999882
25888163
26015521
25948955
25949564
25975667
24447794
26159340
25918251
26204887
26062085
26173332
26013714
26005538
26040860
26098365
26125108
26075262
26059475
26055694
25990565
26205114
25982144
26091552
26172043
26019328
26247534
26157797
25997579
26141210
26033506
26140667
25998381
26122015
26054403
26097562
26049862
26664538
26234770
25963422
26038941
26021451
26014620
26104147
26052481
26111704
25505171
26358480
26281208
25998734
26026662
26087678
26036189
25955893
25967280
26041758
26151745
26115550
26025254
26125686
26143913
26107774
26087089
26075416
26073628
26081300
26199563
26261448
26047305
26065523
26048840
26020232
26099098
26019549
26281800
26010181
26176188
26526328
26070357
26075145
25964656
26125129
25996652
25999738
25991789
26079156
26272460
26215976
26004932
26061298
26122477
26016156
26117720
26098895
26046731
26044947
26327009
26107559
25960101
26043306
26299050
26186104
26121229
26014337
26046279
26149628
26108155
26305712
25957039
26040863
26138390
26044756
26080205
26053808
26117875
26354724
24106395
26177716
26156529
26014968
25975780
26165919
26262194
26051944
23110324
23726870
23466229
26117263
26103044
26135292
26129932
26024769
26063406
26011406
26027045
23629088
25836180
26349780
26050652
26021160
25961370
24492088
22125480
22092699
22013626
21983194
22782988
26162837
26029997
26206561
26038617
26142784
26163130
26163571
26016927
25841137
26153622
26145860
25958987
26051617
26042060
26069922
26276196
26208873
26109444
26320434
26160259
26194544
25987166
26124817
25981383
26085747
26190345
26061345
26129840
26148329
26328569
26172332
26116346
26047978
26043379
25952674
25975434
26029785
25977951
26121837
26248073
26153156
26052383
26016280
25965915
26309470
26157975
26115433
25992410
25991407
26225792
26327069
25948109
26223821
26082934
26204054
26320297
26031067
26141458
26017955
26230921
23506543
22842425
22906367
22613193
23092037
22741766
23062035
22738854
22905024
23144561
26209142
25980537
26027317
26221753
26105247
26062584
26004167
26077247
26043334
26290229
26264976
26014225
26046285
26062577
26024176
26337977
26009355
26076448
25939809
26291454
26190887
26028074
26119620
26007478
26201079
26054698
26039141
26235313
26039055
26420095
26446060
26081232
26225786
26180920
26060597
26069063
26186724
26167617
26320845
26266189
26137338
26008767
26065078
26119015
26017307
26191521
26093701
26143075
26015775
26220392
26533876
25980106
26098889
26127588
26090654
26075832
26217546
26056627
26145670
26233064
26344447
26039302
26413423
26099517
26125858
26161867
25965296
26029074
26242515
26435432
26220830
26089842
26107913
26224030
25959190
26133352
26087971
26149508
26174645
26391377
26473424
26052244
26351701
22114148
22501064
22155849
22130771
22086603
22034827
23084299
26071367
26172329
26390017
26105867
26118414
26159836
26085624
26115431
26162809
26269654
26152241
26007981
26134331
26046164
26117868
26029915
26153300
26076568
26088729
25525181
26134705
26077239
26126320
26089138
26084010
26115203
26019524
26144378
26018406
26380171
26243230
26047891
26018590
25981312
26001950
25982678
26356055
26018273
26057922
26462982
26437809
26109646
26067048
26038965
26051731
26024447
26070341
26081861
26200108
26324455
26105089
26041403
26158665
26073067
26018183
26113044
26194081
26064061
26173841
26193049
26294493
26106864
25974107
26205753
26122312
26030947
26171336
26122518
26085994
26154070
26184654
26179917
26212721
26015193
26200276
26095055
26318383
26094789
26312694
26391325
26133696
26004072
26092974
26052586
26013376
26117778
25995195
26214046
26053344
26249422
26257958
25994105
26082133
26152758
26080941
26012164
26008421
26024163
25531384
26169976
26202533
26093507
26051454
26008750
26026191
26087986
26258983
26023336
26097233
26232866
26074868
25972412
26087498
25997775
26001501
26099537
26085278
26063658
26172964
26436643
26081551
26158300
26141444
26152660
26005187
26077888
26356286
26004985
26353207
26199812
26614688
26043884
26328099
26083504
26115918
26060654
26261718
26054163
26223740
26295465
26535789
26001715
26035725
25956165
26053775
26051196
26124025
26108315
26013205
26338373
26341800
25994883
26145968
25969309
26055314
26046474
26033394
25984528
25877748
26116865
22771079
22864584
22791680
22597006
22826452
22686419
22789831
22619182
22658915
23406857
26150382
26088050
25959175
26239705
26230288
26149112
26082868
26182582
26150395
25784091
26086614
26013187
25977843
25941577
25933450
26068738
25990917
26064908
26003213
26283571
26331005
26072809
25978468
25977707
26189871
26002240
26066152
26176721
26020389
26450589
26370379
26345395
25980379
26047090
26245681
26089055
26148388
26139563
26218659
26243176
26307547
25988870
26083608
26105752
26141050
26003055
26036679
25953249
26071862
26207045
26199039
26013057
26018491
25983485
25352816
22051481
22070477
22104832
22121774
23912919
26143117
25933246
26079634
25941766
26218614
26018329
26146286
26098523
26518358
26272760
26384001
26045340
26190489
26121421
26177351
26240317
26107047
26139219
25737017
25876207
26087481
26061162
26226912
26102697
26118565
26138784
26064815
26121482
26194133
26136080
26054626
26052804
25999235
25993128
26070975
26053391
26164983
26040042
26140083
26373503
26205366
26011898
26025464
26025576
26023775
26064658
26047003
26146264
26111553
26240986
26053414
25967838
26025110
26037867
26081421
26043816
26049257
26050394
26153570
26455293
26356626
26007498
25981964
25936644
26056823
23748743
22069167
22437286
22033110
22761650
26021916
26052702
26024880
26067274
26104770
26004109
26040731
26021544
26048704
26296461
26077099
26018359
25977483
26159668
26047363
26122706
26062640
26048620
26034453
26503957
26422944
26206480
26041935
26098267
26089655
26107855
26327576
26052905
26050637
26383581
26231689
26038544
25972943
25934344
25996958
25995616
26021917
26001527
26034284
26271733
26206894
26110035
26006160
26095941
26051115
24964598
22053244
22126172
22092983
24556444
26089442
25977816
26170460
25970032
22646185
22819024
22633002
22778162
22958119
24007492
26182717
26002317
25980348
22689790
22604546
22808124
22678265
22658717
22702015
24393133
26249968
26041372
25939599
26043738
25988581
25976764
26024301
26023653
26078516
26291474
26288768
25977692
26119040
26130118
26229170
26082242
26097035
26062912
26165347
26412446
26347524
25970946
26002485
26007747
26020659
23947800
22697036
22714075
22758118
25161231
26110756
26026786
25963624
26028049
26162497
25959692
26216576
25968174
26070664
26579788
26043312
26005167
26101907
22735988
22988184
22666736
22701867
22893048
22749152
23204809
26195860
26048434
25980467
26067504
25903415
26153684
26033980
26109386
26073974
26481484
26446364
25964827
26015771
26088097
26496859
26213714
26197586
26127646
26191265
26599310
26396933
25959044
25949666
26061958
26040918
26160760
26116593
26116287
26156713
26372918
26274125
26082307
26291997
26181943
26043923
25988644
26048933
26063063
26249884
26197039
26314501
25931023
26032786
26137067
26109289
26026766
25986876
25997528
25996647
24446263
26116456
25952691
26280664
26049204
26082527
26100324
26135598
26055884
26115478
26264262
26483738
26053932
25993246
26209022
26195683
26125282
26133303
26114533
26637198
26154114
26093356
26216470
25986523
26069797
26035213
26144391
26092245
26105020
26131892
26200076
26320590
26052632
25937842
25933187
26275281
25981996
25968896
26030452
26087157
26167101
26207895
26065467
26024088
25931428
26009031
25970815
25931135
26063135
25975358
26343943
