26526876
26776274
26897223
27637309
26300387
26686775
26659459
26831402
26934973
26866449
26680232
26769738
26850092
27005619
26851701
26867139
26825333
26781306
26786884
27627817
26737198
26793201
26895619
26925922
26948289
26978809
26981298
27032445
26989109
27781062
26668912
26762522
26890947
26841849
26830512
26806877
26867341
26903551
26757972
27970490
26674382
26781936
26972367
26986483
26954357
26800505
26889939
26918074
26880779
27440653
26696983
26643553
26812708
26986535
26950505
26788363
26923622
26968027
26935670
27242012
26642913
26901664
26755335
26866078
26902004
26846380
26817472
26936936
26903521
27381392
26648398
26736941
26830452
26726205
26733859
26838739
27030577
27153962
27078050
27382542
26649130
26676394
26718722
26741431
26876052
26865189
26905554
26889676
26787284
27100443
26709982
26720593
26922274
26891083
26804773
26890489
26814662
26957441
27085521
27498990
26643742
26608384
26708326
26696031
26727686
26746071
26790781
26837757
26779879
27227191
26639925
26742668
26758614
26831919
26734765
26815706
26727117
26724474
26813758
27493501
26613893
26788528
26849078
26716342
26740212
26876241
27022902
27159719
27170321
27290278
26622207
26672724
26839785
27147167
26980839
26998147
26856536
26881482
26760792
27180631
26628600
26652988
26843231
26793672
26899507
26687686
26594027
26692333
26748934
27555375
26630768
26719234
26774824
26817752
26691428
26760646
26696959
26740488
26751249
29829798
26653071
26705246
26665744
26694177
29081486
26707532
27002053
26772474
26685002
27966135
26625744
26646964
26762315
26811063
26813001
26991447
26904760
26919642
26756944
28176352
26692432
26575007
26603212
26786219
26710278
26798320
26751979
26765959
26698956
28115884
26571139
26764303
26681952
26635538
27017036
27198682
26968417
26960479
26971087
27512617
26670502
26664678
26731753
26873951
26862038
26867689
26842540
26901639
26842391
28026551
26636520
26691385
26607753
26680690
26735946
26784013
26759281
26774301
26692052
28777530
26643896
26637490
26780299
26662595
26711741
26914786
26786021
26962227
26854110
29693968
26622966
26652330
27238638
27274463
27283484
27061912
26898715
27121689
26867714
27283462
26622768
26768083
26725063
26837870
26766772
26851445
26713522
26848345
26798543
27846543
26661057
26652741
26737458
26818995
26784376
26794494
26860660
26854803
26802684
27687454
26609723
26730597
26821255
26810537
26915564
27002880
27024773
27013184
27105637
27773537
26631970
26726347
26810012
26896130
26849370
26819983
26747665
26821223
26898842
27856929
26753897
26631264
26803446
26875591
26833479
26869210
26957650
27137807
27034229
27380539
26672706
26611913
26598734
26831351
26788068
26848078
26806425
26924069
26863348
28412771
26627202
26724951
26871073
26871010
26834117
26910131
26947276
28528092
26957389
27974311
26619944
26673501
26758330
26785192
26723027
26872167
26944362
27155389
26911892
27069224
26639888
26736569
26751214
26771190
26829567
26910492
26819758
26871981
26868940
27074347
26651660
26730479
26708085
26790889
26632612
26723243
26861334
26859100
26648130
27585292
26635740
26651400
26690636
26780067
26904165
26851193
26852245
26798369
26897487
27170445
26743566
26694247
26689622
26803573
26817452
26736055
26763260
26707007
26782792
27521492
26708832
26700916
26731649
26769335
26606785
26777904
26840909
26822361
26904224
27680085
29332695
26834122
26787170
26669590
26713053
26933052
26836809
26983345
26865905
27285539
26601711
26624573
26730565
26855581
26643911
26773898
26682045
26820634
26839093
27111338
26623133
26658546
26852633
26812322
26736934
26790037
26789381
26846995
26958554
27347782
26599471
26638883
26755342
26684942
26696472
26854805
26816852
26901961
26942487
27297753
26628911
26720710
26858847
26754230
26780160
26929168
26886909
26965179
26810876
27712804
26924064
26687311
26690776
26859001
26915684
26951597
26907206
28462008
26764719
27715222
26688264
26665432
26751745
26770791
26766023
26749407
26839487
26860104
26959526
29120248
26676168
26687105
26886817
26742203
26872254
26932174
26901823
26908774
26934649
27922771
26607912
26939354
26762370
26736413
26804689
26770314
26798068
26785794
26867146
27762068
26647065
26699868
26710420
26779940
26836669
26781242
26807556
26860371
26848149
27092915
26589756
26697957
26818265
26723308
26791622
26949688
26977643
26932153
27000475
27940416
26751448
26608317
26780489
26853576
26996701
26946893
26844820
26900692
26852996
27518232
26571196
26763490
26803594
26839457
26792595
26704585
26692889
26794334
26687351
27768325
26626778
26675529
26778222
26796810
26769691
26768385
26714466
26759511
26772003
27926114
26693660
26718110
26795850
26864807
26813070
26755688
26795070
26807520
26820157
27501134
26675161
26674370
26888683
26871354
26808319
26761282
26885207
26878186
26838939
27691035
26639980
26855531
26813858
26894665
26700735
26785743
26903129
26813118
26852612
28062290
26618744
26834356
26739449
26767508
26789452
26923641
28586468
27051690
27021908
27553706
26682583
26691568
26768681
26825743
26741287
26787473
26816102
26970727
26932478
27376839
26661327
26690923
26698480
26718743
26799238
26758594
26785337
26762514
26761240
27255111
26602737
26761486
27148992
27394967
27352630
27278634
27080390
27012492
26877585
27216310
26616313
26909377
26687705
27229546
26939420
27040992
26877434
26886897
26693870
27141391
26632072
26789126
26794044
26688975
26730434
26767725
26599157
26733545
26865016
27359848
26698712
26710167
26739429
26825481
26828835
26775073
26830572
26979420
26963263
27579308
26633067
26683142
26606762
26661626
26659640
26723070
26618843
26713908
26729861
28554669
26659827
26669778
26778585
26827132
26830198
26845644
26701104
26803567
26749692
28186580
26644348
26748090
26728344
26911165
26720445
26755647
26814326
26745563
26778780
27248526
26625827
26717067
26775430
26821630
26760206
26799183
26795617
26787350
26684303
27253307
26635789
26771207
26732810
26822752
26656407
26836738
26707994
26829565
26847465
27139764
26739346
26723425
26818265
26728484
26811487
26829749
26763601
26825517
26764565
27104954
26777803
26772543
26756658
26770455
26864278
26859259
26894945
26873106
26980875
27681697
26740455
26634050
26709123
26783282
26832818
26948235
26961437
26758817
26779544
27474527
26649464
26684046
26829492
26733480
26798208
26752377
26760809
26903230
26929386
28203817
26756924
26845796
26765770
26809673
26779964
26892032
26892593
26875173
26762617
27320223
26701476
26768154
26751550
26765008
26847889
26838715
26819110
26841907
26887576
27677050
26856771
26651332
26990950
27492432
27267393
27249742
27010986
27105782
26956983
27167752
26733338
26733936
26790320
26791267
26862305
26904781
26731757
26792581
26818076
27516265
26616639
26653788
26900314
26814775
26806845
26902655
26717425
26744439
26685878
26952920
26669432
26711117
26814036
26819326
26752026
26816890
26716854
26758669
26790069
27651320
26668668
26717367
26897333
26916618
26836818
26826960
26797157
26973377
26918075
27511573
26680025
26701836
26909361
26786779
26812272
26884586
26686868
26698954
26773002
27452754
26661028
26902342
26795643
26661071
26715756
26734048
26847428
26773165
26843052
27462882
26673554
26746728
26768120
26905340
26746438
26729486
26712684
26949700
26791416
28122308
26683448
26734097
26651713
26772301
27142778
27209298
26967477
26914884
26782357
27268149
26648187
26689881
26618639
26797944
26998560
27096055
27002028
27024045
26893277
27673791
26733147
26705087
26919957
26833938
26828301
26914995
26907169
26976293
27048775
27741393
26657575
26805399
26958408
27002530
26884121
27025005
26987260
27016307
26942203
27002708
26707268
26662593
26743335
26921065
26805432
26916232
26792228
26861634
26768134
27554591
26811340
26863618
26787114
26891475
26862418
27086824
26871614
27027561
27141232
27213439
26757880
26661025
26795413
26850597
26944177
26886316
26884329
26854939
26972504
27251747
26868163
26700016
26775280
26773492
26720842
26812487
26945041
26779194
26804586
27316480
26619791
26694625
26773192
26965042
26864553
26798242
26861220
26943358
26901571
27351379
26610341
26743166
26894523
26903307
26823985
27048917
27040321
27110816
27032347
27586566
26592178
26699984
26815551
26880701
26894322
26988416
27043603
26991543
27021278
27722917
26700607
26699924
26750356
26772768
26978870
27012928
26961789
26978935
26894350
27619933
26614287
26699231
26822236
26862676
26972331
27027980
27035475
27270129
26956823
29451837
26555546
26623251
26867493
26868404
26951366
27044356
27005314
26847969
26912921
27458681
26632502
26771979
26849603
26846349
26787899
26798745
26820235
26882813
26948341
27469186
26615535
26728920
26878213
26924753
26886006
27117783
27091527
27035107
27025443
27496942
26781666
26823645
26818003
26833681
26950572
26927937
26803835
26868260
26922901
27421302
26657352
26658801
26775315
26761180
26845457
26897600
26733016
26708925
26836194
27550480
26606576
26674528
26774641
26971193
26983891
26928491
26807633
26864073
26727029
27218714
26717231
26739809
26842013
26917835
26893563
26956120
27024324
26986756
26948701
27272179
37447610
36543019
42125213
33631928
33974693
38274693
38101129
38456847
34244217
33810474
26929244
27054341
27129144
26933010
27117414
27241072
26886149
27311880
27222790
26889261
27008961
26855466
26988811
26824154
26908784
27093952
26722186
26861869
26941187
27034599
26691033
26826839
26928118
26718893
26865396
26869667
26763918
26814555
26871693
26901287
26649785
26780316
26931282
26848271
26893670
26899234
26784364
26782900
26811165
26965636
26641322
26918542
26882257
26977854
27099376
27358275
26835788
27339351
27299389
27030758
39304074
39263672
38852335
38871743
38518018
38690377
38442622
36866791
36492557
36995680
39192182
39243832
39057303
38926791
38726490
38838249
38609868
36880090
36513322
37123934
38792070
38801003
38816195
38612673
38700282
38684281
38236920
36766356
36315500
37284543
26705752
26798704
26888492
26773640
26912462
26851695
26889602
26886091
26890913
27276904
26689172
27045679
27154426
26978048
27034086
27104003
26859757
26898370
27008591
27699632
26734162
27005812
27189706
26939017
27058857
31842705
37124876
36952156
36524837
35534312
38169211
37965916
37803316
38930610
38658749
38693909
38264067
37488222
36816632
38943653
26707333
26763057
27094324
26794658
26848692
26902075
26785085
26769314
26958689
28259082
26688472
26790104
26860304
26876606
26919524
27103639
27063013
26934127
27054641
27088493
26780417
27084126
27351015
26846324
27247771
27284958
26849464
27204732
27195993
27305084
26759652
26885463
26951323
26765348
26788311
26875080
26791574
26708281
26920835
27879106
38480565
38738190
38863011
39099024
39133196
39322178
39117724
37965605
37766401
38095525
26692242
26805221
26918347
26722897
26903258
26894806
26735054
26713468
26882880
27130971
39139895
39226316
38979998
38804693
38825903
38827568
38348880
36765866
36468116
37940378
26760598
26822676
26951888
26990888
27061006
27112743
27173708
27075072
27250372
27115914
26688544
27021099
27164525
26823922
27028226
27027489
26873742
26970513
26942510
27320266
26617331
26735078
26911061
26729544
26859816
26828589
26769448
26789136
26840277
27038763
26694042
27096362
27154096
26752601
26949091
27079517
26844871
27070149
27147227
27522874
26809334
26834870
26935960
26767367
26739015
26894336
26967750
26789836
26912706
27328474
26774490
26768234
27159253
26737264
26895827
26913110
26722780
26769318
26952950
28845094
26842668
27058528
27005972
26876701
26827669
26836546
26759745
26738507
26981572
28159175
29843193
29868396
30046621
29886454
29853804
29866359
29831804
29889030
29829301
29517294
39742835
39834953
39960708
39693865
39572463
39314818
39167366
37293872
37243120
37181035
39117869
38863662
38559510
38439725
38248272
37952497
37544451
36452531
36093629
38639885
39472157
39445492
39454669
38947006
38638911
38665874
38351284
37169614
37207221
39459010
38689440
30002883
29950312
29905307
29763839
32063215
29976219
29918165
29909469
28386242
29654926
30094052
29807961
29640869
29722245
29752509
29702408
29902419
29720554
29592885
39107481
39286134
38960082
39017918
39077428
38872206
39491486
38128795
37956562
39183423
26543388
26561691
26648721
26647794
26522205
26655413
26618779
26670691
26650851
26754282
39231639
38861013
38945905
38734006
38518675
38677703
39065926
38236981
37485401
37441483
30183623
29959413
29780943
29756227
29755641
27687477
26661528
26874069
26839376
28482038
39474748
39258036
39175368
38895734
38617348
38792737
38479321
36987751
36531223
37076518
39495414
39241765
38834863
38950666
38323888
38723041
38315889
37396759
37244792
37751857
39459101
39360744
39095467
39052861
38757059
38712629
38506483
36834854
36147598
36780875
26754560
26763963
26882823
26808778
26919056
26885846
26825835
26740403
26975295
26858389
29872793
30184256
29946944
29960810
30038129
29844446
29911450
29880538
29767590
28927126
26298865
26322672
26296980
26303568
26323368
26395800
26416261
26384918
26296422
26334686
26513537
26601437
26632994
26485790
26604384
26575982
26656167
26554233
26615746
27021433
26277523
26243494
26360651
26303416
26346541
26321202
26292732
26334822
26410883
26376966
26305229
26291123
26242616
26309699
26317200
26344625
26330623
26363357
26346196
26898520
26475580
26414374
26572103
26374103
26425566
28811999
26417830
26491301
26395815
26717985
26504494
26334420
26568460
26870374
26872291
26834409
26796495
26647341
26633925
26511790
26442980
26325286
26340913
26277777
26248970
26266654
26288393
26284969
26277539
26455248
26419127
26495481
26463481
26539732
26545901
26627608
26626482
26511990
26505616
26481722
26844890
26962512
27071886
27024986
27003333
27095358
26989003
26970011
27047551
27486944
26775787
26942752
27030577
26981650
27115046
27046329
27079074
26999644
27114473
27012873
26931499
27112020
27091812
27026147
27316726
27317801
27088822
27304895
27249855
28156595
26612856
26607129
26709538
26625948
26581399
26626483
26629111
26713381
26632614
26511470
29708192
29769608
29809493
29614814
29633530
29669175
29626497
29677746
29756557
29339212
26427574
26431952
26533099
26437043
26528891
26516655
26433414
26463456
26509743
26592819
26423216
26422986
26491169
26448588
26499211
26532752
26404929
26478842
26512696
26401257
26533832
26508061
26563287
26613648
26569189
26567017
26543119
26485042
26395286
26857963
26643216
26596095
26619943
26804033
26681892
26691471
26667062
26797867
26733342
27697475
38048294
38475942
38555863
38292232
38115064
38054207
38091598
36670248
36165741
37123058
26798388
27057307
27110196
26927008
26963509
27055420
26962205
27073533
27151537
27185338
39021192
38788696
38841408
38764536
38800753
38790945
38740916
37131613
36627213
36769960
38972614
38919687
38439305
38565056
38115855
38423521
39243019
35036164
34786049
34854533
26901962
27241550
27273003
27056366
27257165
27409296
27191201
27177315
27217188
27291174
26680162
26723150
26826104
26762424
26709140
26742669
26687715
26675883
26856732
27185345
26854071
27175475
27269832
27019188
27169484
27304449
27195160
27084392
27348161
27398106
26869822
27198057
27198292
27072909
27073791
27328952
27123364
27045936
27270907
27431338
26695566
26751122
26964219
26812134
26797891
26864947
26905632
26765460
26918981
27805625
26686546
26726816
26718820
26650223
26840741
26934805
26749964
26675472
26870609
27304820
38861854
38725073
38965197
38756947
38666598
38835759
38505426
36797856
36511039
36693324
27071488
26900680
27016092
26797566
26825120
27046222
26971180
27595121
27187922
27683039
39225517
39448831
39162312
39092277
38822836
39012567
38925459
38000280
37545100
37546078
26810286
26908508
27042824
26836245
26857869
27053181
26957702
27149377
27096890
27425315
26814124
26929672
27062056
27001615
26970856
27016042
26923956
27377420
27216212
27327837
26948743
27070524
27075640
27017083
27226157
27232579
27187365
27139263
27268482
27462527
26882488
27066516
27146291
27030459
27228495
27252607
27066831
27019745
27173580
27133633
26845452
27017956
27142350
26966815
27045652
27148929
27157178
27022932
27218873
27015982
26874104
27075514
27165590
27140494
27223408
27168191
27104765
26953050
27165548
27481578
39200181
39311175
39212848
39140591
39038189
39025921
38685454
37592131
37593972
39901954
26308096
26387801
26415306
26347671
26640383
26660848
26543921
26592552
26547654
26460777
26366452
26437915
26443300
26464697
26533390
26513770
26467633
26444600
26439624
26312757
26340395
26334560
26507108
26558479
26482061
26607133
26524418
26464315
26377030
26290370
26351053
26624063
26429098
26527499
26545721
26575744
26533492
26655999
26651783
26205526
26395995
26401163
26715376
27042127
26997273
26804313
26755120
26627124
26730868
26676590
26546106
26371665
26494228
26465802
26363527
26484223
26527121
26543067
26593052
26308049
26451754
26434597
26478817
26565035
26484243
26450430
26511137
26441082
26443890
26425925
26402439
26380122
26414408
26345877
26404229
26573613
26572716
26457709
26461347
26563195
26517985
26495419
26498799
26503196
26510565
26456857
26583857
26505588
26436799
26433481
26413611
26336196
26359688
26573872
26549500
26573407
26534279
26610117
26620277
26393023
26419228
26397682
26379168
26628689
26521567
26673459
26629215
26863947
26496587
26580172
26392312
26390454
26404465
26408726
26567097
26652534
26615003
26624660
26556899
26531730
26358649
26358359
26403473
26596872
26753748
26649243
26504894
26554303
26653605
26600096
26327426
26353196
26447474
26416027
26522693
26706495
26688791
26614254
26524920
26587983
26274501
26363892
26432728
26377617
26373042
26566874
26619800
26642734
26543649
26521132
26289658
26340886
26383967
26420721
26500948
28162494
26476740
26392775
26456962
26496241
26370192
26556895
26969446
27012192
26862432
26813902
26891603
26958516
26750811
26743978
26345393
26392512
26924905
27140248
26924328
26805249
26736765
26708627
26566909
26528420
26397791
26533581
26922949
26913900
26670178
26669973
26574884
26579142
26549112
26451521
26309025
26375995
26550203
26743945
26727955
26594555
26568340
26493846
26538745
26433320
26427563
26379969
26695717
26850221
26855595
26861426
26729242
26596308
26748119
26768683
