20595148
20282948
20144764
20162474
20370186
20265726
20234186
20123671
20139102
20329240
21498649
20914927
20279208
19859819
19833563
19850112
20005444
19911882
19815599
20609031
20220337
19880185
19859549
19835432
19822951
19813514
19814229
20134737
19831960
19799782
21479072
21494226
21251315
21252568
21222905
21240169
21203081
21244971
21240252
21322591
21506104
21296921
21291145
21237997
21256776
21242028
21220261
21233285
21502781
22589515
20061968
19879198
19825852
19832665
19812950
19845498
19779495
19829743
19799236
20051271
20071727
19889231
19860462
19829139
20027864
19799276
19812323
19811930
19928270
19933601
20175127
19887032
19842172
19830712
20134833
19831386
19823403
19831606
19915020
20090573
21503465
20340945
19854445
19823147
19842456
19810553
19828261
19796564
19805626
20358552
20445842
20194762
20135053
20137807
20123651
20323512
20083054
20182395
20094178
20851710
20200168
19877359
19872653
19824352
19845382
19819448
19821467
19804640
19825811
20069792
20089442
19876776
19986544
19826632
19801166
19817169
19781246
19805006
19770174
19947511
20077630
19883273
19843671
19808789
19816272
19794141
19830141
19776356
19808991
19893107
21506561
21515808
21259436
21263586
21256502
21484956
21221255
21246575
21318520
22197539
21516337
21306768
20274571
19807873
19805941
19787242
19835800
19781989
19794710
20597441
21505413
21291586
21265741
21268808
21407703
21265755
21592023
21450135
21501967
21745002
21516735
20169929
19856685
19846702
19827420
19816725
19801405
19795613
19800366
20233055
21528497
21315125
21273572
21257776
21241654
21248510
21219432
21220171
21209923
21763366
21543026
21293209
21288768
21243392
21250989
21240958
21226613
21248567
21233913
22517859
20088782
19886886
19859121
19849508
19816904
19813324
19790882
19813077
19783765
20029779
21517806
21295969
21284560
21249912
21237613
21224173
21232863
21226745
21250004
21735060
21472199
21308821
21239989
21249911
21227617
21223527
21213140
21233057
21208006
21129380
20089935
19878912
19852908
19939444
19839450
20835610
19828065
19874678
19892219
20616947
20095095
19987735
19846202
19980361
19815785
19848736
20005029
19826756
19789308
20297451
21516338
21135661
19877514
19818874
19824010
19809920
19818751
19799496
19813660
21037923
21515273
21324911
21243398
21448082
21239797
21233981
21233072
21457673
21293729
22200102
20367810
20029613
19878567
19818549
20340526
20062762
19793388
19804400
19802862
20191105
21484498
20298625
20193331
20137997
20017163
20192836
20095918
20101685
23026732
21272495
21525290
21309551
21270975
21265362
21245937
21226220
21224922
21222547
21249568
21961417
21500604
21314674
21276422
21251322
21242770
21243933
21251670
21237990
21221239
21805687
21526815
22038040
19957898
19815741
19823386
19811294
19828105
19801644
19812578
20672847
21403944
19892408
19836744
20113049
19834172
19823339
20011391
19821305
19786718
20356148
21526995
21270604
21281844
21245759
21230114
21481820
21244049
21243850
21245279
21664346
21501142
21297578
21272388
21265631
21231321
21245871
21235681
21239509
21223678
21118722
21523838
21294436
21283513
21259699
21243001
21227502
21232474
21224299
21226873
21501471
21529608
21326599
21261929
21266992
21242332
21252513
21226150
21229485
21237424
21103256
20092807
19864236
19856879
19834212
19825082
19821039
19808987
20134449
19930633
20139739
25335690
19898969
19876109
19843016
19839224
20143726
20032353
20159817
19852142
20748055
21529254
21291088
21298251
21239818
21270237
21252948
21249630
21243384
21260585
22468966
20093354
19901892
19860587
19860731
19836462
19830049
19818140
19816996
19816479
19952250
20088538
19899513
19854903
19872983
19838027
19819965
19820314
19931401
19836999
20148101
21541809
21292554
21283352
21271771
21240456
21248303
21237644
21256269
21274979
22044563
21725444
21300216
21275177
21252167
21241334
21232257
21241920
21220248
21447282
20964185
20078353
19886927
20051127
20181764
19809434
19827648
19798422
19825333
19809377
19903066
21536617
21305925
21298582
21232602
21246047
21270832
19824350
19819717
19793697
21533203
21515855
21303386
21268843
21257452
21246582
21240798
21388458
20211584
19838700
20814718
21523313
21307728
21283825
21247932
21265145
21245283
21235377
21236490
21250647
22359600
20083624
19899391
20054516
19837664
19810010
19827515
19805726
19967479
19823402
19948374
21527293
21286498
21273005
21240668
21270747
21227937
21239507
21219143
21469742
22324159
21508278
21313712
21272760
20980129
19845997
19979862
19795758
19805244
19790435
21006883
21550173
21298815
21427609
21244422
21247467
21236255
21241687
21495402
21272177
21685560
20383442
20287708
20144714
20131617
20137261
20122152
20114549
20197131
20122513
20880211
20081039
19865598
19862429
19826729
19837826
19812519
19818523
19799787
19808241
19877171
21325246
21148938
21081183
21113442
21091885
21085680
21071320
21086511
21039866
21909503
21574185
21316152
20785069
20156859
20146317
20141368
20138333
20125003
20144193
21302412
21500480
21330908
21271987
21271240
21253747
21263595
21250681
21252719
21245226
22471638
21544014
21300042
21284802
21671920
21284048
21247138
20374645
19831508
19834396
21598073
21512323
21302987
21449578
21278819
21251013
21248024
21255554
21239665
21271257
21678388
21520504
21304196
21263387
21222325
21241086
21215810
21230813
21237453
21224005
21836994
20584474
19904967
20153805
19867111
19824400
19815436
19806155
19842241
19946647
20191391
21528120
21296947
21498952
21254722
21427846
21250436
21267543
21252146
21362410
21507471
21539913
20565595
20163331
20190545
20033269
20136992
20023933
20426337
20119424
21213619
20114824
19904828
19889119
20062397
20042078
19818725
19812541
19804830
19823661
20285553
21533457
21346787
21281298
21258411
21243375
21251622
21226482
21238817
21231252
21431724
21549540
21304938
21282658
21263443
21246623
21241562
21230434
21233963
21277386
21087924
20180437
19913167
19835833
19841956
19825968
19841072
19798313
19823558
19800332
19966776
21531865
21307613
21288984
21245671
21256087
21228799
21227672
21213340
21238308
20820755
21537347
21329574
21272221
21245742
21254231
21231826
21205543
21254646
21216881
21472905
21558265
21323822
21445886
21261668
21254570
21275592
21265334
21247698
21315727
22697899
21534939
21309538
21259677
21278857
21224152
21305985
21240898
21246082
21242891
22554820
21529508
21302077
21274301
21276524
21251125
21244285
21249943
21240239
21293196
22205349
20096344
19905382
19844809
19853886
19838452
19839032
24147698
19819740
19789541
20817036
21529009
21466309
21276116
21254716
21261871
21238317
21249352
21239438
21710105
22040346
21681620
20195510
20409373
20245709
20123182
20125430
20119927
20107037
20094325
21756593
20393203
20237663
20599402
20145028
20227981
20115836
20153154
20000261
20117543
21416059
21528566
21305300
21252976
21281571
21229239
21260087
21222424
21238757
21338513
21482373
20099650
19897530
19849386
19815555
19827856
19799680
19821602
19786136
19801164
20028207
21511592
21318038
21283539
21265615
21252963
21242339
21243385
21262732
20820879
20896778
20101445
19887482
19950402
19849491
19823032
20087941
19820013
19793591
19832315
20163115
21545032
21316778
21265391
21258607
21234284
21251210
21238483
21244790
21243230
21853210
21536700
21301804
21289483
21231357
21257846
21228414
21235724
21227350
21348309
21832826
20073959
19921595
19857230
19854194
19811544
19823180
19808671
19817639
19801154
20232440
20107920
19902110
19876734
19829701
20173374
19807233
19838096
19832212
19833704
19921832
21527076
21313059
21293276
21277356
21241119
21245888
21224228
21253596
21275144
22340892
21541735
21306654
21310710
21245366
21261847
21251381
21239665
20846246
19820284
20916012
21531233
21318817
21278004
21282731
21236222
21251822
21249969
21254107
21379924
22600730
21694854
21307896
21283498
21282886
21239359
21229278
21229284
21230528
21286968
21197500
20387295
20335623
20181356
20166772
20127631
20154311
20117980
20146148
20111424
21015940
20091746
19910875
20068400
20180647
19968315
19936007
19856733
19819903
19826904
20270454
21708691
21320132
21279567
21264958
21238295
21275330
21243157
21187154
19799469
20940209
21512356
19893929
19872822
19818810
19809509
19808209
19806905
19806363
19806379
20031418
20098268
20097409
19833058
19843226
19813346
19821065
19805914
19818097
19808850
19955102
20098980
20002557
19871926
19861570
19851828
19835074
19995102
19811475
19835252
19987299
21513782
21313527
21279172
21279402
20454886
20451477
24567364
20134858
20174478
21673902
21581033
20947264
20165600
20141923
20140779
20168146
20100769
20122110
20058296
21507575
21501644
21303084
21497357
21299145
21254657
21270547
21411154
21242726
21384003
21417948
21517095
21318150
21288781
21248285
21239397
21231530
21251207
21220812
21362817
22031364
21534905
21297933
21244409
21265989
21232842
21237760
21231972
21236433
21368626
21520118
21532018
21309176
21300600
21271464
21284842
21238819
21238482
21246000
21300171
21248105
20408795
20194484
20238176
20057833
20150383
20262253
20133267
20138139
20132832
21084666
