1900882
1854831
1827473
1801507
1611503
1587613
1574012
1522299
1209715
1213257
1220555
1207612
1207415
1219509
1202483
1205035
1208785
1199395
1201657
1211936
1201464
1202373
1209039
1199842
1207181
1205036
1205467
1204858
1200834
1216541
1204364
1203289
1170754
1133351
1110370
1135061
1103233
1087757
1207917
1203606
1202844
1212836
1200896
1203528
1204505
1204163
1201634
1218239
1210220
1200042
1202924
1206146
1201912
1196634
1202445
1199100
1193632
1199596
1200345
1198465
1196854
1199238
1197007
1205388
1196454
1200751
1199121
1199437
1196614
1193030
1205081
1200640
1199938
1211915
1199197
1196907
1199963
1201173
1196375
1204298
1200674
1195244
1204752
1198959
1203015
1202148
1192509
1199066
1197803
1198905
1195839
1196542
1201822
1197215
1197282
1202556
1196389
1194808
1201535
1184321
1231343
1220799
1232960
1233513
1228936
1228156
1223817
1227351
1226557
1224289
1229409
1222003
1218827
1231481
1219906
1220574
1225574
1215269
1218264
1223067
1217340
1214644
1218211
1219493
1219812
1217102
1229712
1218478
1216250
1222883
1219800
1219461
1218472
1221525
1214026
1221147
1222576
1216784
1217154
1232325
1216519
1215718
1221437
1214537
1215075
1229416
1218439
1217519
1216716
1220785
1217351
1220243
1225471
1215832
1488458
1223965
1215575
1215163
1211622
1220080
1212347
1212936
1216574
1216376
1218567
1215621
1209481
1217591
1229930
1217381
1215069
1205504
1210801
1208477
1208686
1215519
1211737
1206697
1220910
1214857
1210918
1216726
1215233
1214599
1213363
1207685
1208590
1210293
1214262
1209402
1212931
1223108
1220196
1214070
1214239
1212776
1212762
1214568
1209785
1210674
1216684
1223573
1221902
1223409
1235079
1218740
1228836
1225236
1222150
1222417
1224044
1233128
1218631
1228238
1223913
1220937
1224204
1225868
1228217
1223170
1221555
1225664
1215314
1223414
1230507
1215762
1221726
1236887
1219247
1223412
1225748
1217687
1217986
1218266
1224674
1219115
1225811
1222567
1212694
1217046
1219968
1218411
1214574
1226742
1212446
1213622
1210178
1210579
1209186
1212409
5520923
1195921
1195328
1211149
1199082
1194992
1200966
1199054
1201641
1197785
1205804
1199844
1196698
1215232
1201988
1198537
1205397
1201914
1197840
1210500
1199602
1205996
1210909
1202244
1200116
1204273
1203463
1197521
1199787
1198580
1198980
1199628
1201152
1198011
1197764
1213182
1194969
1199158
1202674
1197892
1194122
1210713
1200673
1201245
1200870
1207691
1200364
1201559
1208370
1199637
1222358
1224499
1223836
1228103
1231897
1218559
1226129
1231740
1212580
1215132
1227675
1226258
1212682
1224231
1223162
1214504
1218554
1221075
1219060
1214106
1222972
1214569
1220404
1219252
1217777
1218526
1222503
1220969
1220206
1217932
1228031
1210997
1217918
1219747
1221776
1221782
1222013
1212366
1214164
1219600
1214590
1211611
1218790
1213646
1214127
1215223
1195684
1187893
1191768
1198637
1194684
1193984
1197571
1221791
1219986
1220714
1213912
1214391
1207386
1221733
1211753
1211123
1222686
1207893
1211627
1215541
1205715
1206609
1217930
1207276
1210483
1223741
1211631
1205072
1205071
1202459
1205754
1205465
1220132
1203207
1205960
1216336
1205008
1199249
1203452
1198179
1203850
1209426
1202951
1198576
1211089
1198906
1197525
1204883
1199128
1195452
1193834
1201798
1192707
1451913
1229130
1219967
1239531
1236117
1216146
1232034
1220903
1224185
1221658
1238685
1226779
1226717
1307208
1213268
1218395
1227258
1219299
1216111
1225607
1217358
1217896
1223940
1220783
1221793
1215522
1227409
1212915
1215241
1117890
1214821
1216366
1213045
1205380
1229217
1209812
1176828
1152930
1131512
1104298
1189357
1163728
1228985
1227601
1198564
1175112
1142289
1125823
1101571
1090072
1073741
1054837
1030163
1018328
1006582
1005203
1191648
1199064
1008576
1012613
1011414
1171409
1145525
1126862
1108769
1088939
1071084
1043127
1206486
1205884
1201598
1203108
1219911
1207053
1201048
1204319
1203860
1192167
1198663
1203431
1196550
1198407
1198055
1195371
1195978
1198893
1198508
1192504
1200530
1196084
1193518
1203161
1195031
1194004
1197211
1204139
1199584
1189940
1196638
1192751
1194044
1217058
1218880
1231427
1236998
1225714
1225277
1223137
1227031
1233358
1222207
1225144
1227902
1219756
1219551
1229297
1220397
1219360
1219911
1222943
1226267
1228907
1227725
1216332
1222570
1231740
1214063
1220458
1226516
1216014
1226777
1220881
1219803
1215141
1215687
1221892
1216684
1213416
1231291
1217199
1216701
1226188
1215128
1219065
1222006
1214770
1192267
1195845
1192786
1194781
1208724
1194961
1192448
1200211
1193028
1190945
1196953
1192505
1190850
1197844
1199148
1193940
1195886
1196871
1192458
1192228
1200174
1194235
1195707
1200255
1193990
1196099
1202881
1194782
1194874
1199519
1192976
1193151
1202045
1192168
1193404
1191158
1194188
1195040
1192035
1194975
1190868
1198060
1197312
1198415
1199544
1206267
1199165
1196391
1203639
1203644
1205053
1206101
1208083
1205740
1229733
1221261
1217782
1225798
1246923
1222557
1219259
1230671
1230027
1231505
1234544
1226207
1221545
1229118
1215666
1226857
1221658
1231116
1218382
1219354
1223094
1219195
1034344
1037895
1030867
1035848
1032104
1025224
1023360
1023916
1028669
1028643
1032290
1051045
1070210
1092776
1111790
1461300
1069964
1092938
1109808
1144835
1163658
1190196
1218986
1187333
1155896
1132049
1104324
1091157
1062230
1042637
1021517
1023295
1017388
1019993
1022966
1019208
1014060
1013459
1015954
1024747
1019766
1015847
1019921
1015436
1019789
1019057
1029815
1018067
1020342
1020542
1019101
1017768
1025496
1020556
1017651
1057106
1067320
1086412
1113291
1130734
1158030
1192329
1223556
1191133
1160767
1144249
1127342
1103099
1087569
1068075
1025686
1027799
1028493
1031821
1029173
1029711
1037202
1028414
1029304
1225975
1232026
1223879
1232535
1227432
1221580
1225149
1221189
1227715
1228336
1223337
1224262
1217786
1220938
1222704
1222816
1227309
1225912
1223043
1218535
1237524
1217113
1219703
1220535
1227668
1219160
1220323
1221910
1220040
1227435
1055027
1036753
1038243
1031324
1031897
1032799
1036772
1038412
1033935
1027188
1026573
1028196
1028325
1026749
1029326
1027802
1030816
1024938
1021541
1019295
1053260
1077272
1100991
1128823
1151449
1182638
1212436
1211846
1180928
1151527
1133160
1096243
1086926
1066591
1031337
1077983
1055748
1026642
1023784
1027573
1029780
1020519
1023394
1025101
1022363
1020560
1020252
1016659
1015440
1016308
1013655
1022140
1020661
1011946
1012481
1014877
1032885
1064302
1073053
1085116
1110411
1132479
1159199
1201135
1224118
1186338
1154784
1137182
1107987
1089151
1221061
1227688
1226804
1228463
1230661
1223933
1227784
1228007
1215861
1219078
1221740
1229789
1222459
1219277
1228517
1216295
1214894
1214077
1221629
1214568
1233011
1217993
1225325
1216228
1215267
1218668
1222637
1219118
1226848
1218279
1226481
1224956
1220261
1226595
1217715
1220336
1231972
1219244
1214143
1221452
1215366
1201011
1213170
1210903
1217546
1220085
1228920
1213132
1214682
1219675
1212432
1212641
1219307
1216502
1216792
1227457
1210248
1214477
1216623
1213608
1213594
1223628
1234928
1260159
1213583
1220118
1216176
1213768
1216845
1210292
1213980
1220807
1212643
1219662
1229229
1212583
1218636
1211327
1216310
1207081
1460444
1206584
1202991
1019859
1022460
1030223
1024839
1025500
1022948
1021616
1021620
1027513
1026305
1023723
1023118
1020892
1023279
1020594
1051038
1075340
1221142
1220511
1234792
1240359
1221184
1227422
1229059
1227224
1233043
1221388
1230038
1223337
1237664
1223212
1225250
1230969
1213873
1217852
1231775
1222580
1226586
1226077
1221417
1222460
1216677
1219433
1214247
1217208
1225549
1210088
1213473
1215449
1216518
1215391
1222894
1206253
1204922
1216914
1207949
1211092
1210589
1200089
1201023
1204088
1205335
1193867
1191472
1198472
1193422
1200074
1196107
1192510
1193038
1204863
1197221
1191538
1196926
1193165
1191816
1196261
1192535
1192225
1202951
1191753
1190600
1195093
1190581
1187611
1188399
1192480
1191584
1190226
1194541
1190069
1190674
1197342
1192280
1192653
1204270
1194124
1194616
1198446
1195196
1197112
1200634
1198772
1199646
1206061
1195172
1199048
1202958
1196956
1199192
1203846
1213605
1200742
1206936
1205078
1200077
1203345
1223899
1221469
1237838
1244561
1218241
1224467
1234285
1235135
1225079
1222592
1230326
1226364
1231710
1219219
1227542
1225656
1218700
1215043
1221814
1223217
1216451
1212627
1218336
1211748
1209575
1216819
1214679
1217418
1227841
1213439
1211357
1216393
1219577
1215624
1215330
1225849
1214704
1214111
1215243
1212405
1194054
1194467
1195604
1196361
1197116
1202799
1199560
1203540
1215506
1210254
1204328
1218190
1213073
1206300
1219851
1211207
1210049
1209581
1211979
1209748
1202633
1215229
1202096
1207188
1215388
1214693
1206018
1218069
1212894
1214171
1221697
1208263
1210728
1212495
1227680
1209119
1202804
1215493
1204242
1206139
1208556
1209135
1215779
1214950
1212202
1218533
1217301
1208965
1214442
1210426
1218002
1211866
1206896
1224322
1212134
1209714
1211196
1206315
1206197
1210441
1222232
1220284
1232611
1236024
1222068
1226746
1225681
1220779
1218736
1226309
1223128
1228401
1227226
1216048
1471666
1228068
1217477
1213043
1215576
1222812
1218620
1223650
1221749
1217379
1217208
1219459
1213589
1224409
1224302
1220019
1215501
1218319
1219865
1220349
1215891
1213643
1212387
1210630
1211200
1218940
1211293
1210332
1209774
1207280
1218326
1209959
1212493
1209292
1205236
1199722
1203324
1193877
1190238
1199882
1192372
1193573
1201887
1191976
1195497
1191911
1196847
1191486
1195966
1198612
1196522
1194633
1200137
1195295
1197190
1201035
1198460
1201889
1207206
1198607
1198456
1206398
1205541
1206583
1215120
1206141
1210638
1212979
1206296
1214225
1212813
1218854
1211441
1218085
1219297
1216138
1216055
1224884
1217434
1220379
1225519
1215599
1213308
1224022
1213974
1213099
1221834
1222072
1234783
1237248
1222004
1229501
1228705
1227233
1232139
1229710
1224777
1216050
1222453
1223049
1220379
1227427
1221587
1216552
1229440
1220471
1217882
1219236
1229978
1220450
1223679
1227226
1216222
1221541
1223583
1217329
1212103
1230821
1213887
1214206
1216043
1213333
1216421
1211115
1200750
1196498
1193274
1210345
1196388
1195234
1201240
1201858
1196419
1204001
1200286
1199620
1204669
1195729
1201133
1210344
1218716
1214617
1216341
1227225
1208424
1211631
1225297
1212789
1209956
1220315
1217525
1207724
1224115
1216015
1209015
1211624
1217494
1212940
1211632
1219043
1209976
1210599
1216317
1214854
1211678
1220114
1217876
1210554
1207130
1214727
1216201
1207492
1216658
1211125
1218956
1225355
1215693
1209545
1216418
1214795
1209415
1209727
1217207
1208260
1211010
1214019
1225555
1236122
1239187
1234505
1229978
1218627
1225092
1228405
1214134
1213747
1218405
1228517
1218172
1216543
1227661
1216630
1220029
1224364
1219662
1213602
1217122
1216358
1219926
1222113
1212643
1221598
1212729
1222150
1216785
1214218
1223095
1219683
1218683
1218264
1220325
1218369
1214042
1218904
1215118
1209660
1215409
1214924
1212292
1220483
1220200
1211294
1223021
1213618
1216036
1217952
1209538
1206529
1210632
1218326
1209716
1202797
1207678
1204537
1463908
1059334
1068169
1089317
1113543
1138658
1153714
1186975
1203817
1233519
1201399
1178462
1147007
1134637
1102127
1084009
1076666
1055786
1029266
1027440
1030290
1026387
1026569
1023650
1188922
1202819
1196488
1198573
1168283
1134733
1116560
1091199
1066824
1094250
1075389
1053078
1014657
1017444
1017144
1013501
1011566
1018554
1232531
1220032
1235885
1232028
1219295
1219721
1217852
1224419
1216521
1224943
1214299
1212105
1219283
1211527
1211072
1226999
1214169
1213171
1224458
1209789
1211945
1211901
1221244
1213232
1213206
1216847
1210033
1207532
1211399
1208314
1210131
1224858
1208553
1204233
1204292
1210270
1204438
1194183
1196055
1193726
1196985
1209481
1193874
1195900
1196681
1204130
1194850
1198100
1208566
1236875
1195401
1202258
1197607
1192737
1194990
1197061
1043383
1056404
1077358
1103263
1119763
1163767
1180177
1199420
1201274
1165562
1136669
1119524
1090881
1072800
1055055
1043453
1024888
1017074
1012597
1015019
1013395
1015265
1012974
1017298
1016938
1015183
1013821
1017699
1014907
1016093
1015877
1019775
1018694
1018136
1018901
1019959
1020069
1022288
1017327
1014957
1017129
1019260
1017204
1022570
1216828
1237540
1226396
1240386
1224191
1213541
1221207
1234532
1217095
1221555
1220473
1228795
1220591
1221605
1236651
1213051
1215924
1226782
1220244
1217081
1220857
1211601
1215035
1214014
1231674
1211173
1211052
1217951
1213285
1210238
1218166
1212902
1211161
1221758
1214181
1211023
1227226
1205973
1208936
1210826
1223091
1207121
1213172
1214252
1211197
1207987
1210394
1210354
1209999
1221251
1208019
1207060
1203628
1213871
1207294
1193248
1202854
1192016
1203851
1206636
1198219
1199962
1201181
1196690
1203142
1214352
1205251
1208749
1212797
1221285
1207376
1204983
1222449
1210056
1212370
1211522
1210020
1213635
1223759
1214554
1211408
1215719
1212981
1214708
1212058
1217135
1212204
1213141
1226606
1209738
1214371
1216720
1207928
1209596
1209251
1232165
1211625
1206973
1212743
1204367
1217696
1210103
1220537
1226585
1208524
1212805
1226170
1210922
1210208
1210400
1213407
1210516
1211572
1207195
1209384
1207461
1219752
1207204
1205815
1205375
1202434
1202355
1208034
1202310
1197405
1203208
1198100
1197096
1200192
1208143
1199715
1197705
1210957
1198296
1193324
1201149
1197504
1197720
1197576
1208545
1191013
1195373
1202954
1196424
1194938
1197246
1195284
1192285
1206949
1195536
1193191
1201218
1193985
1197264
1198433
1192332
1196374
1192003
1194653
1193565
1194039
1196634
1192151
1192777
1204266
1195801
1195039
1198484
1193565
1193232
1198268
1191150
1191211
1209437
1195391
1193488
1193501
1193061
1193967
1203910
1195203
1190572
1189898
1200346
1193123
1195164
1196201
1194421
1192977
1199996
1198180
1195570
1198329
1198622
1207041
1198176
1195231
1198431
1208925
1201016
1221674
1220228
1237558
1229074
1223615
1221792
1226299
1223188
1217884
1218488
1224365
1228371
1217159
1226204
1215321
1219129
1212461
1214501
1220339
1219729
1212178
1223118
1214983
1205949
1208861
1213956
1215092
1214188
1207500
1203122
1204741
1210970
1212719
1206128
1215203
1212632
1210423
1210397
1201475
1200342
1205273
1220608
1209203
1204398
1214584
1208898
1203349
1206299
1200624
1205364
1215249
1205788
1203768
1202087
1200104
1202153
1203948
1203433
1199975
1204738
1202732
1198389
1195964
1208924
1204875
1202976
1218015
1206224
1208080
1209257
1206704
1214253
1220850
1215010
1211924
1212638
1218496
1212053
1212104
1212135
1213619
1209149
1221258
1212359
1216476
1220541
1214193
1204692
1216234
1210073
1210257
1208198
1215055
1216268
1209993
1211116
1208099
1208355
1212028
1213383
1213097
1216716
1230793
1232679
1222464
1238199
1227759
1225490
1221950
1229732
1218093
1222497
1232973
1218491
1223591
1221118
1217380
1218001
1221484
1218449
1209540
1221744
1214982
1218168
1214577
1222907
1211027
1212673
1221320
1213542
1207084
1216172
1213918
1209571
4585529
1194899
1193427
1201562
1196050
1192033
1205968
1194591
1194841
1202342
1192664
1364297
1337436
1360101
1355574
1351251
1336425
1338833
1336986
1354283
1359645
1202797
1211400
1200147
1205876
1208428
1203818
1202646
1214601
1211664
1205335
1203679
1210797
1197511
1195736
1203150
1198748
1200468
1200891
1207150
1203540
1205101
1209570
1206171
1202776
1219703
1209210
1217412
1216459
1220324
1216563
1187624
1193909
1208811
1303293
1225505
1215185
1194947
1173356
1161868
1141453
1135418
1128265
1188509
1142181
1125257
1224137
1075446
1095083
1093795
1085911
1096586
1114658
1121976
1126659
1076131
1087442
1095721
1116370
1129598
1147724
1161376
1176858
1198837
1214458
1199397
1184093
1157612
1143857
1127063
1107495
1096777
1088018
1086772
1068501
1057065
1050794
1045579
1016436
1021414
1016660
1014869
1017544
1016048
1016128
1018804
1022894
1015945
1017470
1015936
1014388
1016981
1019368
1019479
1017970
1020612
1018666
1021213
1021786
1021732
1022218
1016454
1017811
1019422
1018717
1021645
1018367
1016634
1019040
1019770
1016707
1021738
1014912
1018265
1017025
1021824
1034977
1016728
1024491
1020148
1016415
1016845
1014583
1016106
1036594
1063029
1060007
1080182
1085724
1093831
1099468
1120285
1089770
1091279
1105753
1123116
1135714
1156844
1176822
1196463
1204892
1206144
1192882
1163727
1150887
1148505
1233716
1221894
1228581
1220047
1217352
1213470
1212035
1219795
1209530
1210870
1218217
1205366
1212560
1210315
1218750
1207925
1208669
1221888
1208574
1209235
1223362
1205218
1208635
1209068
1204577
1204719
1206119
1207364
1207075
1210125
1219054
1220697
1197645
1176736
1159172
1150489
1144244
1128088
1119058
1100866
1088279
1083517
1070660
1018072
1014443
1021981
1019917
1017656
1015182
1014373
1021599
1017630
1014163
1013772
1014576
1014639
1015411
1017227
1019501
1014984
1017777
1014992
1015697
1018745
1019197
1019741
1018082
1018373
1017250
1013640
1017387
1018609
1019310
1018893
1017085
1017791
1024778
1019522
1020188
1021567
1020971
1017108
1017611
1019797
1021315
1018601
1021370
1018801
1023367
1022385
1034621
1049401
1054255
1068084
1080668
1091879
1109009
1128163
1147621
1159166
1241252
1230864
1232533
1243869
1230805
1216682
1223888
1228296
1218856
1218537
1224263
1214373
1215415
1222972
1218349
1212727
1211902
1216652
1212386
1211888
1218204
1214088
1212405
1214933
1212162
1207294
1210359
1221292
1206355
1207740
1212199
1204279
1206310
1212525
1204103
1203148
1209848
1201517
1202834
1203499
1205295
1201968
1199135
1210025
1203921
1202248
1208877
1201948
1204883
1208700
1202581
1202427
1204789
1207283
1204469
1205717
1208876
1202339
1205493
1208817
1210166
1206709
1212015
1211314
1203779
1202994
1212714
1200817
1201466
1212612
1200564
1198903
1201133
1210491
1204753
1201663
1208295
1206514
1202405
1212462
1204521
1206247
1212048
1206569
1209007
1207127
1211537
1205684
1209876
1219406
1208488
1213171
1224451
1210137
1208793
1211679
1223650
1216266
1212229
1216620
1229072
1235364
1230459
1237926
1224668
1224235
1221089
1226922
1229760
1213566
1219114
1225045
1212960
1216747
1216441
1225374
1216706
1210718
1216050
1206337
1206104
1212864
1209120
1209823
1199594
1212092
1205996
1201798
1206235
1203290
1200909
1209857
1201099
1199777
1203050
1199664
1199444
1201930
1018629
1017970
1018865
1020484
1034557
1056165
1061676
1079092
1090843
1449765
1049994
1133720
1153915
1183134
1199255
1217918
1185645
1167822
1146590
1130224
1119142
1096927
1081298
1062259
1067306
1052822
1045244
1017238
1011630
1015232
1015999
1019345
1018137
1014535
1016765
1018476
1015805
1017508
1017942
1019208
1026195
1017955
1017300
1018935
1017962
1018721
1021211
1025352
1018555
1019297
1018326
1025328
1020646
1019189
1018199
1020151
1018582
1018347
1021250
1017800
1017500
1016447
1126016
1116914
1106228
1112647
1094156
1080707
1082950
1070645
1071061
1065739
1064145
1041086
1031871
1030986
1030111
1030896
1034353
1022893
1032433
1028855
1024648
1030971
1027790
1025798
1026357
1025325
1027283
1023539
1019793
1021486
1023566
1024615
1019955
1017830
1015691
1017326
1020619
1018458
1021566
1015586
1016224
1017961
1017829
1015210
1017229
1022430
1018920
1018442
1016295
1222232
1195904
1195688
1199951
1202879
1131377
1182338
1193186
1218715
1196769
1171852
1151634
1148285
1128653
1116634
1118887
1099958
1093974
1083762
1072400
1066846
1062756
1054220
1053747
1030864
1035897
1029921
1039161
1040795
1037333
1034193
1031742
1035986
1039468
1029262
1029001
1027489
1036193
1033858
1028337
1028458
1025033
1029696
1028424
1024217
1023525
1026983
1030004
1023246
1028674
1025490
1222329
1220724
1229031
1228711
1227871
1220206
1222040
1226275
1040561
1030220
1028256
1029747
1027438
1029404
1206009
1027519
1028469
1025487
1028583
1025995
1027857
1018335
1023218
1020932
1020854
1017355
1017739
1020782
1017594
1017757
1015310
1013702
1015772
1018364
1016555
1014970
1018052
1016131
1015097
1014540
1021288
1019059
1018489
1016156
1015598
1017227
1019487
1020312
1021468
1018909
1017348
1019740
1015847
1022340
1022577
1018415
1027884
1022110
1088601
1100497
1112466
1146087
1145497
1168779
1187499
1211498
1204431
1186800
1172531
1151765
1133220
1121803
1100922
1083230
1080332
1068438
1065385
1054427
1045528
1023111
1020171
1019596
1018860
1019416
1020158
1019475
1018309
1021836
1015881
1016783
1018622
1017513
1018999
1015564
1018931
1020481
1016706
1020383
1016938
1016817
2234401
2260949
2221537
2230218
2180498
2260029
2270310
2158346
2114984
1824083
2045271
1711503
1761870
1780766
1755908
1224721
1224725
1279141
1225329
1237412
1215345
1215871
1210734
1312996
1217066
1331497
1220277
1216725
1218673
1028945
1033223
1031263
1030666
1027713
1031037
1034390
1039140
1028295
1030680
1031485
1029525
1032073
1033626
1029095
1031340
1033686
1031409
1042099
1028830
1027498
1024410
1025622
1025481
1025558
1023359
1026044
1027191
1034032
1032926
1031695
1036995
1044605
1054009
1060884
1085175
1080272
1093555
1110470
1115002
1134259
1151302
1170620
1178141
1207384
1226029
1226910
1245646
1253186
1222570
1198382
1189190
1173189
1163123
1141711
1133672
1124809
1111371
1100745
1098949
1107219
1088944
1085826
1126723
1116951
1114218
1099576
1253014
1210095
1204619
1211818
1240704
1230288
1290237
1233643
1281106
1230929
1282878
1226481
1219523
1277461
1230108
1216762
1215087
1218019
1230492
1315370
1212135
1218040
1208683
1265436
1209652
1206514
1206312
1204899
1218886
1203870
1207068
1207270
1310828
1202772
1217775
1230092
1204081
1268168
1209910
1204925
1204936
1213021
1204072
1261531
1382524
1208106
1203323
1203087
1270227
1207759
1207800
1269185
1208633
1205755
1324642
1207475
1272620
1203540
1218889
1201368
1203186
1206865
1262816
1197777
1199526
1215583
1266804
1204764
1212588
1207356
1199598
1208230
1208251
1204124
1213141
1204994
1205373
1263101
1206087
1267955
1206898
1211683
1205558
1222239
1209054
1206876
1204761
1215157
1211214
1124813
1106877
1097034
1086735
1065859
1057033
1046182
1020728
1022078
1022004
1018990
1022710
1224622
1048678
1090817
1233757
1259810
1227835
1251370
1227731
1224365
1041306
1041018
1035387
1038757
1034979
1027089
1033324
1025018
1025872
1022720
1021634
1033004
1045460
1074333
1082388
1092626
1108438
1138278
1148243
1215944
1194811
1209598
1210790
1184717
1160791
1155989
1133560
1107718
1091737
1079263
1064330
1058181
1048469
1023888
1021389
1020588
1019563
1027477
1025867
1057573
1042582
1020886
1018356
1020960
1019666
1021200
1022210
1021335
1021613
1028869
1026519
1025844
1018981
1020415
1023294
1023572
1023371
1019799
1021817
1019516
1029387
1019919
1025011
1023594
1023792
1041298
1053588
1066821
1102934
1090234
1096228
1107291
1125295
1142609
1170165
1183575
1209335
1226874
1198131
1176288
1163781
1143519
1122783
1108311
1091442
1082058
1077435
1062442
1043914
1025040
1022686
1110386
1096637
1112254
1228801
1230907
1231647
1240556
1234036
1268523
1233635
1279366
1223356
1221328
1220069
1263908
1212826
1216795
1278540
1214274
1212350
1208614
1216230
1210610
1206538
1213627
1211670
1209765
1214451
1208750
1208272
1221385
1210901
1207305
1206846
1209578
1210304
1213787
1212811
1203489
1202752
1259681
1269567
1203648
1209278
1273444
1206673
1205762
1271500
1210300
1205021
1244763
1210431
1206800
1211163
1231604
1210549
1211599
1265769
1306200
1205457
1268194
1207657
1204618
1238283
1204380
1260445
1216135
1209062
1205040
1214151
1209985
1204610
1201735
1205213
1262486
1203872
1214912
1206683
1204411
1215563
1204006
1263638
1205504
1202856
1202275
1267732
1214575
1204219
1200807
1205473
1200499
1203364
1273825
1201351
1268886
1208376
1203250
1205259
1203159
1207363
1201834
1201844
1214950
1229462
1227732
1237396
1219716
1294209
1220701
1224215
1218840
1275618
1220027
1219589
1214869
1259338
1214071
1214594
1224620
1216362
1275131
1214696
1282184
1211975
1207941
1215620
1207313
1323058
1208592
1204565
1210474
1235795
1207169
1204538
1332198
1213103
1210179
1266007
1268630
1222679
1223805
1228503
1222283
1278247
1225156
1233833
1224814
1367724
1227951
1216570
1338981
1213831
1195376
1175695
1159221
1141949
1112073
1101693
1082236
1076582
1066263
1057863
1025088
1026969
1024336
1022254
1024932
1021387
1023915
1026080
1023051
1019578
1019581
1021500
1020431
1025483
1021677
1020303
1023209
1021338
1019485
1021029
1021451
1021070
1023120
1027197
1022037
1028721
1024746
1020075
1024119
1022509
1022190
1019903
1020700
1020392
1023571
1020757
1020034
1021214
1020237
1017996
1022696
1232274
1292303
1280600
1237470
1305258
1259873
1218850
1219236
1222131
1329726
1230781
1209995
1211583
1244004
1209805
1205345
1213958
1209519
1314248
1222084
1216814
1360477
1219137
1234961
1220259
1237370
1240152
1221558
1286454
1234512
1288256
1220595
1321026
1243239
1274895
1214995
1219954
1210609
1270090
1221186
1204419
1205166
1215923
1213678
1211683
1213043
1259980
1231156
1223543
1228382
1220543
1282404
1221255
1220432
1224685
1221998
1233463
1220945
1216250
1228616
1226602
1223485
1229150
1223516
1327758
1281007
1226616
1220423
1340718
1234670
1221319
1280154
1292188
1223233
1232421
1254577
1282862
1230706
1216464
1228349
1224581
1215218
1259836
1255424
1213669
1230213
1214625
1398419
1250280
1211071
1266050
1206351
1208090
1202079
1201174
1211097
1201570
1201743
1205701
1202366
1268601
1226896
1288380
1226946
1275158
1225632
1217666
1219023
1228529
1276700
1266311
1213636
1220089
1271324
1269378
1221374
1209766
1206791
1215030
1209130
1207660
1215786
1208204
1210221
1208907
1220449
1208487
1209383
1336631
1205427
1209770
1287901
1216538
1266133
1331667
1221202
1344166
1274475
1262330
1224778
1227552
1259692
1225185
1276364
1250365
1225176
1216052
1210299
1221269
1212609
1216101
1215174
1234934
1212006
1252635
1222154
1209387
1273794
1230224
1223570
1281389
1217500
1284945
1277065
1219270
1273687
1246948
1240896
1226604
1209796
1266787
1267784
1212064
1202444
1326753
1217350
1217201
1278390
1221820
1223137
1221416
1258530
1230117
1239130
1340020
1220975
1276956
1216441
1239477
1221917
1213311
1270391
1212045
1202728
1205854
1207252
1201631
1202674
1208375
1207222
1237459
1278613
1235332
1266580
1235824
1216281
1219495
1230687
1215930
1220053
1220402
1216748
1213160
1268568
1208326
1272096
1211153
1217600
1206039
1267139
1207938
1208930
1208001
1213735
1208008
1212760
1209819
1212020
1212805
1247026
1216774
1210552
1278755
1215523
1271648
1213012
1279697
1243292
1225570
1217523
1223440
1281979
1238516
1229057
1226619
1253828
1231989
1225049
1219376
1221268
1252493
1240454
1230594
1237258
1276783
1282268
1254545
1219839
1215856
1217760
1229521
1245837
1215378
1212431
1211217
1266947
1210874
1204903
1202467
1203098
1204014
1205275
1260517
1204311
1256881
1200067
1216479
1203174
1215932
1218802
1218947
1218101
1227667
1230248
1219168
1278639
1223125
1222598
1214546
1223087
1225631
1222792
1271644
1269729
1222728
1220447
1227688
1236384
1216053
1242848
1243044
1236930
1280591
1248604
1228522
1219365
1244053
1223831
1218440
1275922
1234989
1215926
1213527
1220729
1211161
1205347
1203888
1264775
1199886
1258773
1208638
1198829
1199323
1208827
1205548
1242434
1204820
1216440
1262052
1200416
1211091
1200913
1202677
1212052
1205934
1202833
1211984
1201902
1204848
1211326
1203418
1204577
1207634
1289243
1203059
1210294
1206698
1202444
1202826
1206876
1207629
1260479
1206576
1210526
1202974
1199698
1252100
1204885
1199193
1210224
1208583
1263441
1202335
1214329
1204554
1196973
1209266
1198285
1198616
1203094
1200943
1201580
1203139
1198818
1198079
1202220
1205259
1201978
1256995
1206713
1206655
1260330
1210044
1202074
1208591
1131178
1091352
1073092
1060341
1055429
1019682
1020740
1021330
1020308
1019078
1020402
1020969
1019379
1021250
1019694
1232453
1280729
1229250
1223441
1275665
1213236
1223338
1215534
1218845
1211736
1209252
1217881
1212411
1210458
1266774
1267751
1209915
1210709
1249292
1211025
1320265
1210319
1266443
1203313
1206739
1216115
1203750
1206061
1209764
1257712
1202167
1208606
1265545
1208277
1222028
1211850
1209006
1216008
1227957
1218431
1281248
1231280
1278842
1236825
1227760
1276845
1217394
1215595
1222364
1216688
1233103
1281616
1248738
1206984
1332121
1211417
1275345
1212327
1206548
1211995
1212369
1217745
1233752
1273874
1225388
1218485
1220590
1219102
1221063
1277300
1284107
1230032
1223432
1272991
1224017
1305975
1211796
1228409
1209718
1213406
1209652
1210506
1320417
1209478
1210771
1204681
1204388
1212443
1204259
1264161
1223000
1276574
1267932
1332857
1226614
1215600
1213594
1222265
1352273
1211200
1263577
1283033
1222509
1237024
1219893
1327872
1213154
1212596
1275957
1220581
1231385
1306217
1213590
1332619
1209623
1201380
1200553
1330154
1198803
1258894
1207973
1206685
1202716
1254578
1207860
1205698
1206617
1068809
1067798
1058927
1048898
1022779
1027201
1020425
1023224
1028052
1023433
1022557
1025010
1026112
1024225
1025349
1024986
1023246
1022852
1024914
1023866
1023037
1026228
1022482
1020059
1021819
1020679
1023851
1025322
1023087
1020079
1173477
1025756
1025103
1021960
1024610
1023531
1022412
1024167
1034218
1055471
1078146
1077403
1099723
1117909
1130615
1177315
1189524
1243073
1210063
1199393
1175420
1153111
1134827
1119656
1096556
1079430
1064201
1060149
1043370
1022139
1024769
1019479
1024428
1022524
1021282
1022148
1022029
1023484
1025905
1028593
1026602
1023507
1024541
1230108
1228742
1241487
1258130
1223715
1324043
1222522
1218976
1218886
1322820
1212618
1207789
1215792
1258683
1265396
1208342
1331363
1202826
1262957
1204549
1204329
1259346
1209267
1265604
1201068
1212191
1202903
1202380
1214039
1206333
1205344
1210815
1265232
1209509
1208404
1215487
1217438
1314472
1229779
1282611
1267823
1233434
1227200
1225404
1245041
1223317
1223779
1214918
1281527
1246890
1038080
1032118
1038763
1039103
1041074
1047697
1038904
1036101
1033158
1036278
1031946
1053896
1028919
1029368
1028537
1025051
1024332
1021367
1022798
1019067
1024198
1027234
1021492
1016768
1020733
1022412
1043980
1049516
1047362
1064476
1079112
1089151
1103277
1115023
1134860
1155042
1175904
1194481
1210494
1214135
1184420
1171523
1152737
1128914
1109986
1104990
1083003
1074356
1061614
1079706
1276918
1229342
1232311
1235537
1237979
1262667
1220343
1235349
1215819
1250087
1212056
1224313
1210023
1214307
1221662
1263536
1207415
1208908
1208093
1206092
1206134
1211023
1205913
1208307
1226523
1202107
1205828
1270791
1208582
1259382
1205119
1203649
1218189
1209525
1217776
1203850
1201331
1212695
1257946
1205469
1204362
1200824
1201147
1235020
1211524
1203294
1202538
1210807
1265331
1202550
1274840
1204691
1201325
1202967
1262690
1270023
1200655
1328181
1021018
1025861
1025290
1017239
1020825
1022665
1021140
1027463
1028668
1025326
1021186
1022613
1051969
1062556
1076321
1096835
1131493
1125477
1148676
1162890
1190578
1204571
1207346
1174207
1148845
1137662
1111757
1101343
1086256
1073231
1057005
1047537
1022550
1022860
1020226
1021221
1023584
1021270
1022909
1023797
1025924
1022935
1097835
1090245
1186067
1166323
1155694
1268986
1211126
1193167
1175984
1160687
1135191
1120786
1103810
1098946
1077145
1065826
1057024
1027681
1025993
1029274
1025936
1027523
1021979
1021503
1020680
1025600
1022566
1021793
1023016
1024986
1025388
1026676
1028671
1027036
1022924
1022368
1023820
1022222
1025607
1026728
1028706
1019860
1021679
1020226
1019182
1023393
1045420
1024613
1020355
1021385
1021537
1038832
1045951
1068321
1074671
1089701
1111115
1124681
1144546
1178533
1286838
1217455
1230417
1211172
1188419
1166221
1157090
1150316
1117358
1110249
1099336
1087266
1070255
1055823
1029795
1022370
1024277
1022623
1023113
1022589
1020996
1021737
1019971
1021765
1025496
1020310
1017332
1020322
1022723
1019193
1021806
1023610
1019517
1027240
1025645
1020485
1021535
1021244
1021824
1020035
1216017
1204214
1206964
1213690
1202232
1263018
1215818
1209519
1204258
1205507
1213141
1262045
1270680
1218372
1205789
1206306
1228769
1200885
1203377
1204135
1204983
1202451
1201239
1205449
1202899
1200644
1215241
1203142
1201127
1257808
1206301
1205540
1199963
1211325
1204378
1204713
1218460
1202293
1204481
1209387
1208573
1203574
1265850
1217878
1204896
1218192
1206549
1238285
1268882
1216700
1211361
1205283
1201590
1207130
1203612
1202935
1212773
1201973
1201201
1214653
1203911
1204827
1209445
1200598
1202985
1202831
1211257
1199661
1216894
1207225
1203836
1266611
1207909
1201621
1204489
1202637
1206394
1321618
1200594
1248368
1265614
1270859
1213885
1202647
1268917
1206378
1214407
1202619
1206498
1211710
1205801
1203099
1216387
1274860
1201050
1206010
1208169
1205752
1325875
1204494
1049056
1045733
1054370
1048093
1026642
1030192
1025828
1040537
1027248
1023186
1022525
1023499
1025437
1019577
1021062
1022964
1023472
1021723
1019174
1028066
1023935
1021019
1023321
1020405
1025808
1023520
1026004
1030997
1044357
1067811
1079218
1077108
1143395
1095060
1120818
1152753
1151161
1099202
1139529
1120594
1151967
1207451
1164379
1189583
1230845
1193100
1272759
1228874
1204669
1188048
1166098
1147508
1130742
1119939
1105177
1083067
1068525
1056382
1050990
1017992
1021942
1020230
1020524
1021868
1020722
1025415
1022336
1022394
1020572
1026196
1026917
1027071
1027804
1027723
1028883
1032797
1032849
1029684
1041027
1033635
1052108
1043248
1042014
1047812
1049526
1049898
1044018
1040175
1035386
1055666
1052975
1063834
1065612
1080015
1087072
1107472
1130702
1178777
1159046
1193622
1232525
1252559
1235608
1297064
1272266
1275777
1224818
1229712
1213372
1216125
1222596
1211713
1278726
1203718
1281622
1205454
1206144
1275294
1204786
1262802
1270687
1212693
1203887
1264430
1206383
1205708
1202468
1262383
1214708
1271342
1201790
1270534
1204803
1205074
1205167
1200611
1204203
1349149
1207226
1267435
1202144
1211852
1272457
1204658
1213774
1202125
1261435
1204095
1202891
1200061
1257718
1212260
1202964
1200889
1206835
1269953
1204361
1207709
1264294
1273761
1201333
1264553
1205987
1258790
1206354
1202627
1207700
1213874
1265107
1332781
1212935
1203481
1205649
1262086
1258859
1203902
1269148
1209664
1270668
1205909
1209328
1270425
1202518
1207691
1204054
1333630
1198014
1242450
1262467
1204258
1208467
1199756
1202972
1200814
1229599
1140236
1124468
1207704
1191295
1194090
1235298
1360396
1236466
1229062
1290152
1259937
1226509
1281708
1215753
1283195
1217807
1211147
1271320
1256720
1210583
1214752
1208629
1272299
1206968
1276252
1204406
1206187
1264840
1206176
1250580
1207428
1206424
1206719
1339266
1212298
1204293
1265765
1212754
1288672
1301335
1218820
1294400
1285803
1227577
1232941
1234017
1419077
1219753
1321994
1219067
1295708
1219204
1269253
1212864
1280023
1273767
1223369
1288548
1226827
1235559
1325724
1270577
1215316
1216677
1306753
1212962
1278342
1208504
1211116
1271206
1208656
1231475
1211328
1100773
1099572
1132958
1153974
1141640
1165348
1203004
1265076
1221074
1229158
1227724
1221335
1237627
1213012
1191161
1187936
1155795
1148667
1141022
1125438
1105529
1103907
1098206
1089114
1084277
1065544
1063446
1041990
1032670
1033791
1031717
1196934
1236166
1233448
1271206
1240008
1261647
1277994
1231386
1226403
1287633
1301651
1212158
1213879
1218910
1208268
1269336
1212392
1212739
1210434
1212788
1205137
1202357
1258317
1209655
1205375
1207200
1214297
1266278
1205969
1217056
1207846
1205382
1278223
1216843
1202562
1209898
1210755
1205776
1205384
1276594
1204797
1204526
1221315
1200009
1204288
1203686
1217389
1202946
1199093
1251134
1203574
1204233
1205444
1264624
1199348
1209687
1202350
1200622
1198949
1201248
1202734
1199945
1252120
1203145
1202075
1278566
1203198
1205285
1267149
1206097
1219720
1209724
1264937
1207885
1200632
1206211
1259932
1204094
1213537
1201231
1262311
1206264
1208972
1203723
1259340
1275726
1201228
1200613
1222087
1206340
1281252
1204971
1212446
1204728
1268705
1209460
1203140
1400602
1202081
1255612
1199894
1270448
1231341
1232159
1237828
1279605
1234114
1251069
1266124
1217252
1277501
1213785
1271232
1282690
1206380
1262359
1213548
1207078
1209746
1207308
1210971
1210188
1265363
1246606
1203277
1207997
1209917
1332233
1203158
1327219
1201424
1201594
1205743
1209774
1206162
1267847
1211879
1208182
1211286
1280290
1216534
1220596
1282968
1252890
1225378
1230340
1233595
1224123
1229943
1231058
1313106
1278186
1226508
1216243
1397503
1238695
1211729
1275860
1280270
1211880
1205682
1206350
1342656
1207729
1199044
1201033
1205451
1202218
1244936
1213550
1202493
1260728
1200687
1261336
1201400
1201759
1213587
1324858
1207999
1206870
1264852
1208612
1203337
1246215
1276693
1247481
1273246
1223101
1220465
1228472
1286797
1218171
1218765
1215562
1032920
1043416
1029105
1024176
1024137
1022153
1216619
1279132
1225759
1231268
1243453
1250043
1224047
1226902
1280238
1218007
1218328
1231535
1216760
1217448
1216780
1214539
1262661
1213539
1273744
1203414
1396438
1209508
1195264
1201948
1211346
1203594
1258122
1207081
1202209
1204158
1210328
1204280
1199960
1333657
1206916
1263267
1268583
1218942
1201409
1202743
1212099
1202028
1201428
1202894
1216144
1202398
1203485
1207714
1201042
1203176
1213076
1205939
1209332
1209639
1260698
1270276
1208091
1203814
1205931
1208480
1216508
1259400
1209375
1027657
1027729
1026875
1027047
1027583
1021148
1020648
1041703
1051038
1067159
1081926
1125185
1104601
1124685
1170103
1156767
1175866
1195377
1283795
1193559
1174657
1151940
1123338
1129188
1093671
1071089
1074158
1050572
1022034
1022779
1028062
1017563
1020870
1025475
1026369
1056617
1027909
1018553
1226934
1342183
1229475
1283509
1224114
1272595
1222036
1054118
1024737
1022563
1020427
1020408
1020042
1020839
1029265
1021014
1046044
1054645
1065982
1086295
1102734
1125126
1143418
1202106
1147619
1176691
1242891
1223064
1191724
1181191
1145782
1128189
1118256
1095199
1096573
1065413
1052164
1020295
1020484
1025974
1026449
1032466
1027329
1025466
1027228
1023821
1026858
1022164
1021141
1020168
1018784
1017633
1017455
1023303
1020613
1022225
1018334
1017553
1024090
1021261
1023594
1015577
1014824
1016651
1015645
1018812
1022420
1015512
1019699
1016813
1020695
1019325
1037878
1049446
1070972
1082896
1112845
1113878
1149491
1146775
1175281
1188622
1210731
1215154
1197274
1174578
1146804
1133818
1121248
1097109
1088698
1070563
1064837
1050013
1020294
1020301
1022228
1024637
1020915
1027783
1225816
1245843
1278069
1237134
1235461
1224166
1283192
1219977
1220415
1214651
1280697
1230972
1215887
1276851
1221853
1270248
1203701
1198027
1204091
1203819
1200792
1263084
1200336
1198455
1217451
1201565
1204866
1200410
1208928
1199402
1201175
1237491
1200455
1204600
1213252
1207461
1259627
1203514
1214248
1205686
1204932
1212342
1207665
1203159
1211211
1204160
1258331
1211648
1205303
1202084
1206262
1267108
1202702
1203483
1214409
1202058
1265006
1210214
1204277
1260744
1206782
1206095
1202242
1260116
1216425
1199651
1267170
1206947
1199015
1201074
1203690
1198134
1200365
1199490
1266179
1255739
1198028
1208631
1203201
1201733
1201846
1202598
1202226
1204545
1201483
1201188
1214174
1204577
1206098
1205781
1209384
1331656
1202023
1208708
1201432
1212187
1204484
1202850
1258154
1204628
1229181
1239817
1342467
1251423
1222570
1234714
1276385
1261364
1224484
1213588
1216666
1282146
1255188
1208159
1211882
1219001
1207098
1208721
1211623
1210866
1272131
1217330
1271430
1205761
1207976
1207144
1207584
1207860
1210653
1205152
1205662
1212311
1204961
1266110
1277095
1199552
1205109
1203198
1207626
1202864
1251407
1327218
1256620
1271508
1231609
1221421
1249538
1271909
1226739
1215239
1220740
1042800
1044105
1044345
1042390
1033377
1037028
1037806
1034859
1032646
1031368
1034773
1026923
1025813
1028592
1019345
1020709
1017477
1198159
1016632
1022508
1018051
1020150
1038473
1054731
1068634
1098876
1110047
1158049
1168492
1168719
1193016
1214436
1213269
1186190
1170049
1143487
1130025
1118836
1101109
1076968
1065046
1057092
1024443
1027506
1022187
1018756
1022325
1021453
1029388
1160153
1140444
1132223
1131853
1105725
1089132
1083878
1080468
1060729
1033971
1030077
1032319
1029555
1025062
1083894
1096632
1114712
1144701
1164392
1232647
1214129
1205707
1189192
1156017
1138862
1119206
1100640
1091315
1071842
1056354
1042349
1021985
1023596
1025186
1020173
1019551
1018385
1020945
1025615
1021635
1017428
1019041
1020437
1020125
1021568
1021325
1021661
1017100
1017046
1016426
1023056
1016291
1019949
1024978
1020610
1027203
1022284
1019624
1017672
1018206
1021124
1021340
1026362
1020695
1023944
1045572
1053823
1066260
1072981
1203634
1202506
1211701
1256655
1262323
1265117
1209547
1201060
1210500
1206811
1203807
1331408
1018526
1017928
1020893
1019416
1022593
1026372
1020691
1022235
1026361
1020675
1016457
1016478
1020244
1052267
1052545
1070267
1103578
1099760
1085820
1283223
1225998
1228691
1237062
1224848
1221166
1230714
1220157
1213136
1229741
1218351
1218427
1211891
1231584
1266990
1210951
1215616
1207199
1211099
1278241
1259841
1207462
1206409
1213551
1269176
1213901
1216384
1212143
1213990
1215273
1208806
1208493
1218083
1228034
1206421
1205241
1217929
1207885
1208944
1206757
1207661
1205835
1227902
1228635
1215720
1224006
1225023
1237302
1275917
1226104
1272868
1219787
1231791
1269251
1197759
1184973
1165003
1182025
1140728
1130742
1112686
1110011
1099145
1097318
1075025
1060672
1063789
1029093
1032141
1035907
1029232
1025477
1027426
1025924
1023422
1025222
1021970
1027195
1021612
1020422
1024093
1025947
1025673
1022116
1023123
1020774
1021074
1025901
1023366
1023220
1019581
1020390
1022623
1023955
1020131
1017475
1017566
1020936
1019601
1019053
1274234
1244826
1234719
1240304
1237448
1228956
1226454
1276641
1222339
1218281
1228683
1218482
1232714
1269636
1221342
1216220
1273072
1224401
1213977
1213285
1273777
1213606
1227125
1210085
1207412
1208948
1208521
1262126
1264244
1207047
1210952
1205028
1205012
1214875
1089802
1105755
1126579
1174601
1158007
1186454
1212467
1198995
1176786
1157292
1138735
1126560
1108977
1083625
1075626
1059396
1049965
1029287
1024719
1027194
1031731
1032466
1033097
1032686
1035738
1040866
1038855
1041060
1039475
1035444
1034587
1039489
1036339
1030622
1027581
1027936
1027393
1024942
1022060
1023406
1020273
1018940
1019202
1020066
1022893
1017382
1024558
1020957
1020464
1023863
1019000
1057114
1065969
1084479
1093432
1019052
1041852
1063668
1072982
1100953
1114638
1118982
1137976
1169356
1226234
1197964
1235067
1298180
1292472
1236782
1222615
1310644
1220596
1221392
1268860
1215221
1203624
1264198
1217141
1208119
1205182
1209211
1205032
1200934
1206857
1212838
1201461
1209171
1199303
1203604
1205216
1204957
1202621
1200230
1217368
1206924
1268243
1207722
1203910
1204831
1209744
1217690
1206055
1205599
1216112
1209026
1205423
1210262
1207462
1261324
1217111
1209760
1203595
1256661
1208390
1205600
1222500
1212577
1198766
1199294
1020874
1022769
1020041
1019031
1020636
1021667
1018860
1017973
1018088
1045869
1069516
1091162
1099984
1125668
1124605
1137930
1166247
1239252
1209835
1207018
1188911
1158088
1137706
1118882
1183425
1153443
1139733
1108949
1095316
1082880
1063133
1044082
1016995
1017238
1020258
1018469
1015943
1017879
1016430
1022245
1018143
1022861
1025161
1019424
1020599
1023390
1242277
1228989
1234231
1241886
1228786
1234503
1305934
1228838
1272106
1216582
1227062
1333816
1209903
1218080
1217356
1277017
1213834
1276860
1211748
1212506
1229052
1265453
1211203
1206241
1228516
1204808
1208402
1203341
1267924
1207903
1265596
1199607
1259406
1309128
1203624
1209331
1221908
1206238
1264830
1204246
1222002
1206452
1265501
1211440
1268367
1204936
1216753
1217992
1226555
1205834
1219483
1272825
1274213
1217725
1328736
1226710
1332658
1221105
1224582
1221278
1220294
1328460
1253187
1214528
1210557
1252993
1219463
1205911
1207081
1207253
1027740
1018845
1016849
1018679
1020950
1017249
1031537
1043773
1077861
1095831
1088931
1115291
1142295
1151509
1173000
1292679
1207870
1207182
1177655
1161258
1139584
1122798
1138218
1144161
1122410
1103710
1094300
1077220
1060721
1100156
1236311
1278185
1235029
1247761
1221187
1217901
1233784
1245861
1282827
1215945
1215600
1210980
1219884
1231817
1214857
1397543
1208500
1209929
1210796
1212977
1213062
1210003
1207959
1241357
1209129
1205902
1207207
1215555
1212625
1207785
1273200
1220894
1330372
1218560
1314745
1223823
1227608
1233970
1262832
1222967
1229657
1248669
1217684
1245041
1218240
1278781
1220717
1206921
1212567
1205025
1251590
1206437
1202025
1211367
1198162
1196796
1210970
1200795
1200055
1259206
1270431
1198895
1327570
1199223
1199169
1201360
1209007
1021651
1021178
1021256
1022251
1019058
1022534
1020572
1021459
1024313
1022134
1027131
1023315
1056287
1066088
1107417
1116351
1110826
1122833
1250137
1212229
1167216
1220096
1202013
1277084
1232387
1264273
1225609
1185111
1188051
1200952
1179488
1173408
1144376
1228476
1288282
1267787
1233849
1250575
1270618
1217791
1250301
1256616
1232587
1257364
1202807
1208153
1214169
1203062
1196176
1208654
1266612
1239415
1201301
1256534
1258425
1200809
1255591
1264486
1122373
1133191
1163135
1179225
1210030
1210762
1177074
1163953
1137912
1114329
1095419
1075374
1062082
1059053
1044171
1022298
1017122
1017191
1018121
1019930
1016052
1018845
1021642
1018095
1018231
1019816
1020194
1021499
1024811
1020701
1020394
1019224
1018230
1024130
1023940
1020482
1020014
1021850
1021117
1023836
1029159
1023397
1024153
1022873
1020200
1018458
1018291
1020772
1021425
1048993
1049745
1079402
1091255
1118845
1118518
1152819
1164181
1183772
1214660
1201213
1178077
1143711
1130126
1120383
1095429
1089754
1074106
1020217
1016802
1022375
1017884
1019078
1015730
1020793
1019724
1228598
1228842
1304770
1250054
1227851
1240046
1218347
1223401
1264582
1271435
1218335
1211176
1234149
1277117
1210179
1202265
1206152
1207727
1257802
1252941
1214573
1269657
1208227
1018523
1021277
1027612
1019504
1025404
1030638
1022749
1031217
1026925
1034788
1033890
1037238
1034818
1043058
1043062
1044807
1042758
1047451
1047982
1047297
1047015
1036883
1080191
1075018
1084481
1094039
1124171
1138317
1157499
1186180
1160114
1144853
1210089
1223716
1262026
1200324
1200678
1168660
1149215
1121654
1112826
1091362
1071962
1054483
1047191
1020106
1017661
1021966
1025545
1018896
1019240
1020846
1016210
1022035
1019208
1019171
1034804
1039038
1046530
1049091
1045898
1044674
1039160
1044926
1021296
1019613
1048064
1056930
1082265
1091403
1112306
1127596
1151204
1216749
1196670
1202375
1199794
1164521
1156305
1179989
1244752
1104526
1138082
1148635
1183954
1253457
1220676
1194212
1169276
1153687
1219081
1209597
1181930
1171529
1147230
1138556
1115675
1099869
1083112
1061848
1052382
1020794
1024700
1026449
1019102
1021370
1019829
1021923
1025031
1020629
1027034
1021747
1022955
1024567
1021289
1028284
1030184
1030212
1029750
1030801
1034884
1040502
1038813
1043404
1041644
1037902
1043687
1042217
1040544
1042405
1036787
1063885
1078469
1074503
1107036
1106499
1153710
1136704
1199432
1180006
1268541
1219297
1190335
1161468
1141460
1112035
1097874
1084128
1070383
1059257
1027801
1023923
1020529
1018959
1027279
1027586
1026145
1026831
1030695
1029576
1028736
1033184
1040146
1032375
1036984
1042283
1043826
1040431
1041934
1041743
1042037
1037929
1036305
1040817
1037091
1036707
1109531
1238416
1277836
1244087
1235372
1217136
1279225
1276497
1215367
1198880
1167182
1138942
1125101
1104294
1096356
1074796
1060920
1053798
1032277
1033763
1039241
1039947
1018653
1019969
1021947
1024570
1020749
1018522
1022964
1020231
1025968
1018097
1017617
1020175
1023073
1047890
1050668
1061225
1083002
1021464
1022566
1038594
1072112
1080104
1091804
1104347
1146164
1143243
1180441
1193904
1275164
1223030
1182485
1155820
1140499
1120380
1094057
1082499
1066994
1047244
1017764
1021294
1022119
1022292
1021741
1019702
1023514
1023759
1015780
1018948
1020028
1028728
1021999
1018736
1022816
1021650
1021978
1017512
1023593
1023146
1021590
1017396
1041774
1053571
1087092
1115958
1119566
1137564
1158574
1180727
1251561
1220746
1185770
1160973
1144943
1118861
1101726
1090155
1069589
1053836
1089361
1099294
1120608
1173521
1132432
1151552
1170634
1190658
1089688
1115367
1149770
1169775
1157951
1185919
1221338
1210305
1178192
1161783
1145570
1125656
1101175
1082752
1064880
1057151
1020483
1019880
1023517
1026602
1022776
1018569
1020488
1020666
1022762
1020739
1023630
1019717
1024699
1023868
1025138
1030633
1027430
1031677
1035119
1038194
1033270
1039198
1034467
1039010
1036497
1034849
1040508
1036314
1035492
1033581
1033485
1076831
1028199
1032726
1031460
1025272
1026632
1030590
1056237
1077539
1085595
1097149
1124548
1139820
1171991
1192173
1224630
1203643
1181963
1165282
1141432
1122561
1111647
1086047
1073496
1064839
1054330
1026590
1021445
1023399
1019961
1024201
1022806
1023131
1024611
1023104
1019051
1021683
1022403
1020051
1018159
1023768
1204753
1018752
1022531
1023502
1023000
1227214
1217360
1284825
1223672
1345267
1218064
1272648
1212276
1216099
1215924
1212097
1206881
1276522
1211259
1265637
1239892
1207850
1209077
1205474
1264562
1208343
1204111
1214151
1240812
1267275
1206903
1220766
1209114
1209937
1221181
1215538
1217670
1219675
1218967
1218188
1225233
1224011
1276813
1241061
1257566
1253308
1274445
1227805
1219295
1214785
1227943
1295012
1218303
1221239
1217216
1215332
1233244
1228647
1212786
1211181
1222686
1264887
1204227
1211485
1207913
1263882
1205999
1271620
1265013
1211165
1230932
1212667
1243905
1225793
1224005
1290311
1220555
1226165
1281567
1224475
1285241
1221718
1260045
1226209
1216655
1303537
1215962
1256159
1220685
1212244
1266882
1276263
1206774
1288084
1200674
1205711
1269747
1276259
1226314
1207325
1210098
1205927
1234987
1299591
1020317
1228942
1281038
1311649
1227920
1233443
1266599
1231091
1301899
1229016
1212645
1213360
1235287
1214500
1214646
1254021
1208806
1208218
1217120
1199996
1200046
1202943
1211196
1203550
1204603
1217292
1207043
1267388
1236533
1223150
1271054
1216152
1277629
1211552
1208684
1214843
1208707
1211266
1215089
1267302
1210271
1217317
1205986
1206594
1205431
1211313
1209825
1209444
1221923
1208121
1266109
1212309
1206683
1207140
1264575
1213814
1207632
1207485
1211940
1213950
1212558
1216645
1337840
1205249
1207527
1212972
1209585
1204575
1239676
1206174
1208171
1215312
1266545
1266122
1211612
1333934
1208623
1206541
1218051
1210542
1205170
1209607
1274596
1204860
1209772
1204122
1203061
1203652
1209436
1263796
1261373
1207120
1202445
1199004
1210640
1201709
1266164
1202737
1204968
1201668
1199763
1245653
1274173
1236737
1243938
1230270
1263290
1243532
1228476
1254918
1219643
1285202
1219459
1282363
1241338
1277941
1213676
1220761
1277198
1266442
1274975
1218611
1213197
1274923
1208492
1268447
1208026
1212974
1210714
1235222
1224502
1209331
1207969
1216695
1220829
1217241
1267520
1224665
1243230
1346917
1225190
1349098
1223020
1232161
1230120
1247749
1220264
1223659
1278302
1239011
1220258
1223115
1225068
1234920
1221528
1214780
1221331
1247637
1215922
1227249
1229745
1221716
1219071
1219939
1212659
1209998
1272383
1217755
1273090
1214618
1214725
1212565
1278670
1217708
1215473
1212442
1248774
1217295
1223817
1297042
1226939
1210855
1212259
1284768
1209348
1211986
1240639
1277316
1211318
1215451
1212971
1266515
1210410
1223594
1211491
1214199
1212217
1209449
1257542
1215337
1209962
1245460
1237572
1253868
1263353
1233417
1235918
1241045
1234650
1235473
1229416
1302102
1230551
1283405
1233786
1223755
1220044
1264915
1340590
1219599
1218413
1226310
1215612
1219907
1214807
1269293
1214169
1343160
1214686
1215639
1277214
1225611
1223631
1222302
1231457
1227641
1226054
1236189
1225990
1265199
1227006
1295881
1230270
1226952
1243806
1227179
1276219
1277696
1274269
1288159
1225148
1275600
1231175
1234665
1410985
1255339
1233800
1243675
1245746
1320584
1231511
1238561
1230272
1274450
1226794
1309747
1300013
1223768
1230751
1224315
1220244
1227728
1222644
1211196
1185526
1172847
1155879
1144657
1123220
1113953
1100729
1083820
1080526
1067687
1062930
1035542
1025770
1031403
1035537
1037732
1046562
1041657
1042882
1050188
1043909
1094325
1084413
1082003
1068544
1037026
1099148
1236882
1241324
1306339
1245695
1231242
1299151
1232804
1227683
1226990
1236550
1239501
1224239
1254531
1245009
1272329
1216595
1226786
1274979
1275487
1218725
1220248
1213695
1277586
1276561
1209380
1212455
1218409
1213369
1210212
1212369
1214604
1209241
1213207
1225358
1123693
1101560
1089611
1074290
1064400
1056619
1027315
1023753
1028048
1025177
1027122
1066481
1060833
1054461
1027939
1034340
1397070
1446127
1475020
1501400
1605408
1527778
1504841
1466540
1436107
1403020
1371620
1375236
1402196
1348079
1390769
1393215
1428357
1470102
1506273
1567296
1536999
1511411
1509192
1489887
1400086
1352934
1342278
1347294
1341110
1371111
1378386
1464117
1481783
1565475
1534828
1550399
1495074
1470397
1453387
1421406
1366128
1376060
1349589
1416689
1355278
1393800
1098955
1095486
1096420
1154738
1214038
1206087
1204583
1220509
1242451
1717597
1273744
1441889
1420103
1379091
5707312
1601826
21872708
12393802
86250246
1569060
32958008
1393613
99765949
1758100
1902131
1938982
1893415
2009411
2298830
1201418
1197687
1207841
1199625
1202111
1207496
1215694
1203494
1221419
1207055
1200279
1211855
1215769
1232621
1229691
1217866
1226000
1281252
1299217
1295230
1310933
1409797
1436237
49250371
8869292
1315867
1328642
1670563
270124418
1330844
1315227
1948734
1605271
1972252
1332109
1329232
1694065
1742862
1377653
1514839
1430931
1417864
1425004
1478612
2258898
1515358
1485651
1462976
1572976
4184560
2004184
1665122
1848700
2480692
14967360
20291532
1953933
1589918
120969949
2079911
1793402
2385133
44670386
2082228
2539435
2220116
33972797
1417827
1830265
1584343
1473292
1623236
1475146
1802400
1781266
1243541
1306204
1248889
1240875
1598273
1598946
1610614
1374812
1278162
1278122
1224573
1463722
1557103
1440659
1602340
1891449
1425658
1384802
1667377
1392005
3056146
2898428
6376051
5814672
4785258
1813776
1633017
2121623
1768368
30564480
2856555
1816672
2308360
166697366
133644403
1212745
1344056
1338843
1339254
1643159
1496832
1364023
1369428
1107022
1373876
1591305
1660376
1300276
1400732
1705035
210314321
1314166
1057049
1357552
1017830
991946
1014035
1016251
1007817
1010595
1010983
1042045
1422080
1018345
1071363
1398032
1128230
1117436
1056098
1149510
1051347
1053052
1062857
1517131
2653205
2653087
2107176
716281863
1566437
1400258
1250580
1597193
598618938
1546452
1558195
1568598
1569609
1541261
1370207
1542539
1497300
1208864
1485166
1206991
1212731
1201596
1204002
1795410
1200222
1208102
1276943
1240853
1248466
1580772
1623507
1619813
1735072
1850635
1846729
1971406
1361380
1465036
1360229
1559420
1520086
1491394
1400746
2024143
1425209
1559785
241034293
1574825
1599715
1526354
1768682
1531407
1456682
3398974
1405437
1607085
1593225
1995037
2015944
3084292
2413304
93140999
1596965
2130498
2273529
1784373
1603393
1618341
2644556
1590937
1575665
2064712
2705464
335777393
1418699
1412284
1425624
1725552
1814655
2103229
2369451
2059409
2051000
2115132
2584724
1884081
2074609
1659060
2538278
1559287
1480516
396218460
43086329
23053020
1555631
31269656
1719263
1849549
1468664
1391305
1332067
1424969
1324466
1599241
1183422
1159083
1205594
1424615
1214926
1426568
1202175
1204058
1183553
1200733
1228204
1193209
1219948
1218260
1219032
1260720
1195469
1195513
1199899
1197136
1209124
1207334
1073685
1243160
1265048
1365447
1337902
1375772
1417705
1236675
1318955
999195
1020580
1016718
1019995
1020616
1029257
1028838
1501727
1023767
1598987
1093555
1103594
1139096
1248099
1051966
1387831
1480900
1191354
1423274
1041786
2848255
1605158
1806876
101601984
4379513
5203211
7665546
23209540
2091111
111502195
1272832
1793783
27871203
5437255
7395389
1330830
1255327
1265806
1276253
2341619
1657350
1469156
1562022
1488992
12796496
1960836
19141231
11762006
44543471
1551842
1561393
1540827
1507711
1675874
2304094
2724173
1844561
1983497
2015529
1630688
1648080
1756154
2036147
1652181
1685921
2931712
1600745
1589789
38233341
1869497
2157313
22374156
1975539
2098772
2085560
2151070
2866479
2616422
1674599
31556482
1333370
1376140
1369245
1356434
1419036
1901031
269303414
1447860
104976910
1591103
1587578
1231730
1231637
1251466
1245590
1262896
1276946
1581969
1641264
1461115
1234213
1208652
1654750
1263836
1207589
1738511
1197505
1254436
1311821
1244419
1253252
1714468
2157197
1563498
2742762
1556032
3608724
2574599
3442122
3756908
1601710
1635148
1765865
1553636
1706090
74387846
1346794
1792622
1421129
1399364
1554978
1606646
1058540
1073549
1586991
1605041
1518367
1708159
1416815
1474336
1744318
1738544
1717680
1819255
1499765
1716363
1870899
1535852
1721617
1592467
1575433
1566507
1576891
2005053
1588540
26644483
1576726
1810919
1594660
1635023
1573012
1951183
1367205
1609877
1479825
268642189
1388322
1392807
1119639
1101514
1219708
1231397
1064886
1063424
1262900
1571012
1608418
2212098
2028980
1416526
1432920
1571942
1781757
1613605
1104355
1115645
272575357
1487561
32636533
1129242
1031239
1420165
2320346
1366960
1371572
1374627
1401649
