21882360
21822063
21828252
21662466
22036737
22152018
24221125
23628330
22549133
22434794
25892687
25866381
25802718
21862222
21823257
21860050
21835387
21823777
22004619
22198631
25733399
25827639
25805752
25828533
24155167
22749832
22548683
22559688
23056800
23647354
25805179
25840533
25836742
25832030
25794605
25841881
25767218
25791546
22562751
22241586
25800576
25844940
25806259
25845940
25816610
25827941
25842386
25799855
25091508
23727685
25722559
25821978
24220195
21847217
21859977
21871018
22087905
21812568
22081335
22772299
25790362
25840441
25867135
25902128
25807974
25793585
25872831
25830647
25566251
22253631
25801934
25879898
25864950
25777804
25891083
25839855
25829713
25861980
25976895
25912361
25787433
25820102
25824139
22523129
21838898
22053378
21876177
22126756
21865754
23404570
25736748
25877191
25833906
25845758
25810523
25835122
25866379
25793443
25831397
22847765
25789366
25893125
25859618
25843138
25825517
25866379
25809643
25803749
25050736
23457354
25752800
25828586
25816413
25816897
25855592
25799330
25843636
25838333
25090278
23789712
25783609
25890124
25823937
25912998
25811767
25841901
25891445
25860650
25773208
25273278
21825731
21893246
21899397
21876948
21878644
22018327
21856023
21917773
21881759
23011175
21866623
21904512
21930169
22069587
21878853
21869344
21843408
21886742
21873926
22545268
21874012
22152313
22076737
21922844
21847031
21907504
21939086
21888541
21896215
22996640
21785959
22104509
21915131
21845552
21861761
22409509
21855515
21922058
21898379
22315533
24123465
22714944
22505614
22679775
22916430
22457708
22497399
22616335
22674941
23544491
25862389
25859298
25787189
25814446
25830798
25775821
25859403
25500489
25283716
23662547
25723487
25823971
25872855
25835083
25822307
25799826
25782117
25892103
25039318
25075392
22500743
22513382
22509244
25417105
22453923
22424245
22531976
22483481
22752640
23869571
25746028
25902226
25876579
25840650
25842469
25819405
24931922
21846610
23707996
22352275
25750421
25893210
24703766
21833072
21878995
22109887
21899507
21893408
21906350
24822819
25783839
25899538
25778802
25836146
25900800
25929935
25804798
25788583
23837780
22133025
25752657
25815537
25905890
25878081
25848408
25823997
25851329
23135969
23522253
23069152
25773721
25872588
25796500
25886255
25816303
25889459
25829701
25853710
25869454
25937089
25785064
25876662
25880401
25831353
25892280
25832018
25832332
25864936
24710015
23758414
25765119
25878407
25820125
25854446
25799363
25816609
25836463
25840240
25842163
25989746
25820948
25898469
25784708
25843838
25780943
25804064
25804276
25794264
24865194
22748780
25810657
25883507
25855617
25854968
25893650
22105413
21919536
21913232
23005246
21896534
25830531
25871328
25805201
25851234
25787961
25910599
25818729
25842928
24209151
23576144
22867570
22683515
22596242
22452676
22443873
22689589
22612959
22642674
24454025
24835892
22394116
22427784
22465788
22461129
22440278
22701055
22672904
22666391
22434401
23406267
25769852
25817345
25756670
25788904
25785172
25814488
25777889
25869959
24472527
22725310
25744594
25853195
25776810
25827444
25830991
25793750
25864906
25800353
25718060
25782194
25871909
25800031
25851724
25850887
25849071
25828310
25779981
25834557
24762248
23255475
25818885
23442915
21893978
21897261
22126499
21872650
21887347
21894203
22106532
23665789
25789456
23218474
22433518
22552236
22424773
22023421
21808531
21826484
21838040
23313413
25801865
25828660
25780541
25829774
21845577
22094160
22048684
21850718
22210205
23395168
25772842
25832037
25800647
24490196
22490724
22507197
22447839
22454555
22401489
24269272
21895815
21837145
21887838
21878041
21961318
21868118
21880901
21937970
22108340
22280955
25855877
25885902
25822520
25885756
25840487
25847177
25921673
25851327
23794404
23561088
25769080
25845707
25795803
22567241
22513211
23172401
22524320
22703258
23614243
24529298
23668840
22459986
21910933
21894173
21836142
21856914
21857169
22105568
21877301
24117108
25767660
25823458
25844426
23583330
21864816
21863335
21880919
21884725
22196451
23075103
23321215
22503340
22514709
22442451
22476015
22554075
22552829
22536249
22453195
25197763
25815095
25822396
25806894
25844625
25778442
25866558
25831318
25806848
24714422
23957593
25831245
25826466
24284891
22470343
22436189
22545436
22479806
22485631
22744577
24527174
25797117
25839031
25811453
25900884
25854548
25979974
25915316
25878055
24527201
22926478
21884656
21843194
21877161
22091823
21862119
21922739
21872583
21960134
21886328
22739691
25851672
25908007
25843476
25837533
25886625
25882874
25862568
25857595
24671791
25703527
25795434
25880006
25797947
25882111
25866380
25853371
25871295
25800606
24354753
24196495
25774903
25821596
25774086
25812943
25819633
23417021
22414268
25165937
23608687
24326265
25806693
25840047
25851432
25861577
25831272
25855086
25838119
25838240
23503075
24147191
25837585
25804089
24941496
22508340
22419097
22454069
22282789
24695399
25682324
25716516
25868403
25959297
25830505
25796978
25775230
25789188
25835348
25787597
24693658
22577160
25855496
22854503
21842691
21868434
21992549
21928719
21887989
21891003
23049006
24367405
25842555
25881401
25837927
25875070
25826864
25854971
25890398
25902965
24945321
23173687
22451104
22483970
21833499
21802960
21995373
21812083
21870850
21862337
21839768
23231460
25838529
25847471
25797915
25820133
25769029
25808096
23224941
22444234
24237712
23883361
25809338
23885586
22452762
22853019
25827506
25772154
25745663
25859760
24259327
25182971
25790176
25349389
22587335
22634486
22495062
22464451
22493365
22464288
23240890
24758243
22450392
22443251
22490238
22454932
23185243
22856437
22555962
22510139
22514504
23666136
25806560
25835939
25774080
25808572
25760801
25775490
25905689
25814182
24581984
20755835
25807478
25883039
25794180
25909205
25812589
25180147
21862105
21884168
23403437
22452537
25825214
25845099
25855841
25821210
25844959
25879602
25844648
25909596
23847833
23706355
25870822
25880154
25832769
25861723
25787867
25808966
25830668
25929445
23772627
24246189
25863977
25869560
25828003
25870113
23268991
22099721
21851964
21848196
22773993
24994828
25822261
25885460
25803543
25835616
25758019
25834482
25767387
25847062
26692613
22992655
25871661
22742528
21855355
21922376
21885114
22134375
21855597
21853961
21877387
23507812
21898290
21870094
22140347
22119429
21931414
21946998
21886688
21894321
21896573
22437887
25835059
25840608
25813289
25822179
25752380
23041006
21261434
21861737
22472495
24473502
25819747
25826493
25858889
25873439
25827598
25874601
25807495
25831102
25275643
25060801
25835791
25875660
25816692
25880257
25834525
25850843
25874959
25896086
25294815
24036480
25813217
25857056
25835283
25899599
25793681
25888178
25828170
25913213
23350054
23099832
25869588
25816076
25801598
25837885
25850179
25890363
25884433
25831128
25785671
25881604
25894331
25874701
25827979
25894538
25818281
25850041
25847277
25872182
23324038
22847558
25803850
25910658
25849172
25933841
25815580
25867782
25782352
25899634
23072424
23180412
25815689
25891426
25834474
25865836
25862748
25848259
25854408
25814032
25025619
24261196
21856938
21848417
21875059
22075011
22140834
21873253
21920554
21859565
21864118
22771259
25853177
25862880
25860050
25865153
25847173
25808860
23768921
22171351
24374267
23441157
23841413
21950900
21889385
21898975
21921053
22101216
21945382
21885394
21907039
23506449
21924379
21895661
22101185
21898077
21904564
21933283
21888317
21850401
21915179
22808643
25828820
25820450
25862422
25824941
25778939
25797010
25862767
25812878
25579422
25321482
22547896
21920303
21896978
21866630
21916057
21872075
21848373
21905541
21894764
23334335
25904967
25849738
25772999
25844565
25789237
25778370
25873291
25387074
23088833
25147272
25949932
25867473
25853612
25854429
25832992
25852617
25775586
25806961
24484853
22736848
25801037
25838203
25803122
24297247
22440850
22440575
23383925
25737161
25253050
23667196
25824739
25819718
25793529
25855274
25822044
25853065
25772432
25838586
24856739
22558604
25868138
25874716
25778441
25845777
25826718
25840952
25831768
25905024
24593376
22189504
25827226
25856542
25803720
25884918
25896332
25830965
25838928
25856523
24591785
23117030
21923369
21862848
21890483
21999911
21873404
21907867
21878646
21899474
21901604
22436515
25851722
25827101
25838929
25854300
25829269
25869325
25853747
25828660
24823007
22260620
21910629
21921413
21899771
21900878
22087121
21923249
21869687
21864117
21895845
22861949
22508160
22487160
22486986
22452936
22448294
22495856
22455201
22442294
22560437
23516868
25836757
25834696
25891578
25862825
25888069
23360026
21891870
21915551
24529370
25440403
25842381
25860281
25841468
25864541
21885529
21968916
21898217
21927024
21909752
22707016
22126832
21877683
21919047
21928268
21918891
21903857
21851619
22142466
21876051
24240067
25860689
25882022
25941294
25892672
25886670
25866504
25889985
25780425
25809555
22429497
25875270
25837124
25821351
25916620
25800851
25937648
25852251
25870130
25789679
24734212
