1559401
1566709
1537571
1540810
1528737
1546882
1536661
1536475
1528227
1520075
1473965
1056774
1004864
1016062
1035734
1019458
991338
993921
997542
991726
994236
1019975
1027786
1017403
1022776
1011776
984763
976826
980021
981012
975950
975368
976711
978751
974184
975769
977081
976393
990238
976618
975808
985246
979677
980300
981344
979294
981321
984536
978209
980465
988871
978636
978422
978968
980417
981392
982935
978723
981305
984471
963700
962179
963044
957487
962859
968517
962048
960583
969404
963246
965585
963832
963488
957538
965210
959419
966333
963852
963764
962489
962165
962856
959372
961988
965132
963298
959599
957840
960617
964340
964505
964052
961412
964446
964196
965897
966170
962999
1011360
965775
1031796
1029268
1039268
1028762
1033807
1031422
1029588
1027356
1024568
1033457
1028380
1032566
1046384
1026113
1022693
5403561
1025075
1027722
1024710
1029937
1022102
1025166
1031305
1026285
1023478
1029451
968114
966795
965693
967827
966050
967431
968601
971928
972217
966699
973545
967280
965696
978218
967359
966743
1055036
963135
959415
966158
963073
964863
967614
961304
962713
965184
966348
960023
976516
961317
960271
974014
963976
963931
967447
964470
964288
970686
964917
968557
967319
966214
961779
963850
963849
960062
975556
967552
962871
980968
966945
961899
970645
969726
963923
966980
963624
960682
969821
965561
960491
967599
966204
962813
973471
963075
960776
971026
961497
972640
968020
966514
964215
965600
961131
968585
966260
964577
965378
968860
965491
968947
961451
957440
967013
959911
959871
959437
959633
963228
963682
960720
957220
969044
961311
964898
965732
967043
961559
1535459
960170
968263
956753
958958
963580
963551
960686
964551
961504
961865
969065
958953
959565
969379
955749
959437
970427
960394
957361
966094
959286
964778
964624
960637
951316
971483
959557
964185
968075
963040
953740
965956
962145
965374
962542
962421
957282
963368
961424
966263
954928
963996
961579
962662
960462
963148
958967
959713
968928
963045
959860
967004
956648
959049
964385
960652
955624
963644
958638
960954
966465
960830
958754
979777
963110
960844
960015
961694
959529
966299
957033
957031
972355
959964
1202249
1272896
1211453
1202506
1205021
1211532
1204967
1203875
1212107
1201440
1323193
1028546
1023646
1021337
1030388
1022502
1022067
1028753
1022312
1018618
1023058
1021124
1021683
1019700
1026078
1018189
1018188
1016386
1020121
1015830
1022886
1015361
1020948
1022089
1016972
1016188
1017485
1015774
1018312
1013869
1026876
1015568
1018582
1122143
959070
954726
962869
955427
960369
965216
953704
957576
964737
959045
952943
964037
954790
956362
964887
960771
954159
957052
956475
956734
964225
957602
955416
968354
956652
953345
961429
956353
956290
960036
952974
956443
964151
955011
954553
960251
954633
958907
963911
951852
958864
961652
953008
954196
963556
953645
957285
957376
953622
955998
974248
953626
956952
958664
957025
955343
1023802
1020684
954517
961689
955735
952282
961826
956559
957281
961711
958158
953817
975005
954019
958811
959236
960162
953289
967423
953354
956274
959952
955206
955405
960918
954762
956439
959844
955674
952973
964701
953263
954841
957919
957500
957412
968017
955875
959881
955095
961482
956274
963124
954348
954813
967849
957721
957299
955442
956562
958051
964270
957035
954802
964238
957655
960689
965609
952829
956902
960951
959770
958997
963359
957070
954925
958888
957013
955115
958877
955629
955754
965292
955238
956322
961342
954732
960313
961410
956282
954449
965908
955172
958548
951343
961897
956344
955719
954215
959350
952597
959224
954743
957616
953437
956670
955077
960636
954870
958131
1022287
1018639
1019973
1018001
1014946
1016327
1017437
1017557
1015747
1021721
1018392
1022723
1023587
1018659
1016495
1026516
1016042
1018560
1019028
1018484
1016376
1019802
1019658
1018615
1018193
1028456
1014631
1018719
1020243
1020519
1015720
1025716
1018274
1018056
1017459
1020162
1017980
1129050
1026013
1018388
1021098
1026662
1016239
1021873
974003
962904
957939
967082
954881
956273
958952
958181
954787
966795
960129
958382
960967
955201
954249
962523
958368
959953
952803
956975
955855
959759
952837
958886
954976
957812
951420
956043
951027
956127
952023
957507
952170
954911
957583
956001
952468
955531
955244
950954
952304
957084
959300
954560
956068
966288
955668
958609
962940
954636
957622
957534
956473
956739
961551
956746
1015960
1017096
1017093
1017463
1027978
1016667
1018261
1022098
1018334
1018083
1025351
1018022
1018612
1026877
1016989
1015871
1019590
1015185
1020460
1013189
1028533
1015302
1019253
1021084
1018635
1015131
1017647
1016354
1017344
1013226
1025134
1015534
1018287
1020396
1021660
1016715
1022505
1021513
1018176
1026874
1020087
1017810
963168
958266
958848
963066
961069
962090
956836
954222
961424
954385
952532
965165
959632
954041
962936
954624
958277
957112
955470
955208
957840
956032
960183
953009
957498
954967
955699
957457
955201
960396
951935
958755
958025
954381
955592
954902
956696
956208
958801
955105
966537
956332
960684
960404
956793
961503
963600
955334
956361
959283
955624
955857
965963
955114
952646
968024
954375
952444
1019897
1016906
1025392
1017159
1014567
1015861
1014849
1019250
1013679
1033481
1015231
1017771
1019622
1019272
1016166
1026603
1015872
1020207
1022872
1018739
1017242
1021064
1015985
1020320
1016370
1022860
1016940
1019143
1022383
1017307
1015351
1022141
1013849
1014868
1014989
1022602
1019519
1018315
1020494
1020499
1016022
1023758
1016062
1016353
1013933
1017913
1017276
1017500
1016034
1021617
1013845
1014673
1030413
1014143
1016339
953660
955945
954883
957448
1014100
953347
952493
960676
955966
956859
952887
951784
954978
955603
953368
955651
953187
954949
957385
956044
953040
959568
955021
953878
957717
960434
955682
953629
950841
952735
953761
953377
956506
952050
955516
953919
952380
953918
957350
954079
956119
952887
956139
954224
954455
1013500
1018896
1025944
1013908
1020246
1018158
1015364
1015613
1034299
1016174
1015988
1029674
1027036
1016698
1020408
1022674
1019538
1017821
1022965
1015997
1016630
1024762
1016967
1016743
1025901
1015524
1015775
1018894
1017959
1018092
1017093
1033572
1019953
1018360
1027655
1017522
1020294
1023657
1015935
1015319
1016293
1016866
1023650
1014638
1017916
1016244
1134982
952128
963933
953689
958680
960554
955773
953272
960492
952068
957862
959960
955549
956845
958306
950358
958846
955393
954911
954144
962681
950445
957227
957619
955029
950999
959047
954155
953661
957845
953472
952112
961577
954167
955062
956234
959484
953546
964301
969517
955513
953190
955657
961625
965596
956273
954429
959341
952882
954110
956173
955145
952677
962452
1202097
1197112
1197888
1264163
1204999
1270875
1196968
1271667
1196341
1197506
1207363
1205603
1353330
1197322
1202222
1200023
1193640
1210209
1199162
1195446
1202295
1272615
1264906
1206434
1195218
1200467
1266147
1026080
1013471
1019150
1018306
1019027
1013937
1021015
1023326
1017128
1014711
1190018
1016705
1018228
1014501
1020782
1015667
1017827
1016460
1015824
1013580
1023870
1014462
1016294
1018857
1015803
1014413
955190
954892
952432
951694
953780
952960
959913
952045
952980
959990
953632
954341
967447
953662
955723
961230
954557
953551
964572
953060
955593
970480
956152
956140
961762
957278
958940
957499
953181
953598
961127
953219
951846
962586
953980
957872
956966
954334
955939
962238
951904
956029
959734
953167
952042
957064
953406
1198354
1013712
1017121
1014584
1016610
1016294
1021051
1016266
1016747
1018913
1015369
1013398
1018592
1015624
1020293
1022924
1018481
1013256
967254
954755
953810
964522
957064
953131
967762
955967
955502
959565
956322
954811
968170
954235
958049
955259
958260
955729
971330
952683
957534
958366
957704
952496
964769
953588
955402
960056
959585
961039
963737
954787
956314
962304
956049
953405
960237
954494
954029
955828
958594
956235
960844
952124
951944
963287
952179
955164
954162
953641
953897
954742
957924
957496
954036
959548
954110
960981
957208
955383
959305
956245
953856
963108
951690
955408
954419
957876
955342
963531
951607
955401
956257
955556
954922
956989
952015
954269
960516
959417
954043
969581
1039269
1016887
1016704
1020489
1017759
1019587
1024716
1017137
1014587
1016638
1014245
1016922
1014483
1031651
1020197
1021630
1022885
1019367
1014891
1022045
1015849
1017361
1022635
1021956
1018726
1017791
1013853
1021179
1016213
1022431
1015379
1016414
1020384
1018969
1013887
1031221
1015506
1039048
1014512
1017742
1014482
1016888
1015470
1022420
1014526
1022195
1015987
1019528
1021625
1017157
1033829
1020867
1021004
1013829
1015448
958678
960265
955276
951996
968251
953733
955139
960157
955448
953231
962869
960206
952873
962168
953929
959381
1150009
956943
957329
959198
953825
955375
952584
954327
953051
968711
965173
957495
975948
960496
955354
962697
959084
954279
969916
951356
956428
959261
954742
954954
963902
951885
955057
954782
954804
1199279
1202603
1269797
1193953
1202339
1194370
1276056
1209693
1197976
1192541
1204658
1268309
1199304
1270926
1270768
1015280
1019812
1013883
1019597
1016727
1020817
1027080
1018535
1014727
1020993
1017266
1018752
1025456
1018788
1016728
1026793
1015721
1024525
1015408
1021868
1013762
1017162
1019656
1018445
1015254
1024840
1017378
1021988
1023069
1017602
1015089
1017606
1025066
1017537
954384
955636
954033
959507
955752
959623
957027
955379
958244
959064
957948
954148
959271
958244
953898
1021964
955848
957341
954907
959162
964859
973660
958118
966836
957998
956416
965221
956809
956083
967316
956343
953282
963547
952834
957377
955167
956242
952008
954715
956559
959061
952633
956678
953128
955124
954541
956480
953176
957803
953676
954618
1021047
1019630
1025332
1020997
1020006
1028177
1017813
1019868
1018733
1025424
1018037
1020915
1025834
1019736
1020108
1024614
1015407
1018954
1021833
1017851
1014451
1023019
1014247
1017479
1229192
1019380
1015206
1014198
1023219
1013912
1014645
1020217
1012097
1013946
1018816
1013068
1014441
1020412
1014734
1015265
1015490
1015539
1014754
1013527
1021437
1013648
1014483
1016983
1015789
1024592
1021528
1011657
1015097
1019384
1014438
1010978
1014759
1012955
1014166
952362
954415
950586
954449
948038
950925
953436
955757
951208
956011
951832
954644
952189
960954
952676
956399
950885
960774
949772
954307
958948
953756
956498
962821
952053
954692
957976
953844
952498
959007
950913
956764
958166
955962
949976
967240
952052
951758
954771
955959
955308
1024610
1019135
1014543
1024062
1016470
1016058
1024284
1016693
1014328
1015271
1013869
1014454
1019835
1018264
1017767
1017269
1014599
1023227
1013821
1023824
1013259
1092825
955582
956990
953933
954317
957722
954405
951134
960895
953562
951592
958846
951576
951520
967142
951457
954117
959710
954982
953861
960026
952419
953282
958666
955202
951066
965754
951042
953260
953545
1007017
949132
960650
953924
953695
958870
955513
949344
952188
952007
954278
959469
953332
953732
957439
951724
952061
957979
951841
953820
961666
952517
954106
956055
956571
952597
956294
951875
952821
960875
951789
950887
952673
956017
957230
960518
953182
953643
962139
955047
952564
961056
953388
959283
963494
951946
953663
961051
953544
1202819
1192785
1262605
1202414
1197868
1192380
1204177
1265928
1194737
1280894
1199561
1265224
1196364
1278256
1197191
1194864
1206148
1195811
1214670
1217364
1196139
1260872
1197928
1196049
1020175
1010845
1016379
1019938
1018814
1010355
1017029
1011543
1015604
1012558
1021426
1013207
1017716
1019966
1016577
1012625
1018889
1014327
1014910
1019933
1017082
1012824
1017678
1015170
1015546
1013544
1018577
1018154
1019606
1023952
1019276
1020331
1025916
1019498
1015078
961332
952718
953219
955905
952215
954865
952176
948602
952777
955794
951808
951432
953892
951590
955843
953728
1150150
952355
963290
957712
953053
957124
951376
949913
961115
953864
952206
957851
955398
954506
962046
954970
952916
956929
953012
952604
957375
949250
951398
956658
951262
1029195
1016187
1020637
1017317
1015948
1020768
1014056
1018228
1014985
1023796
1017053
1019371
1023697
1019907
1018304
1027047
1015051
1016963
1022201
1019177
1014348
1022813
1018446
1017064
1019877
1017088
1016020
1015920
1016867
1015572
1017535
1017066
1015904
1016496
1027066
1015252
1015805
1024216
1015921
1017441
1017683
1017325
1019194
1014317
1021207
1013421
1019300
1021323
1015735
1016339
1021091
1014025
1018157
1015334
1019771
1013781
1018484
1021940
1019472
1018492
1028972
1013904
1016494
1013993
955556
954345
1039159
954036
954842
952560
954516
954425
956489
955550
954834
955657
958767
954767
958942
952147
954148
956860
955039
956636
955193
951072
962398
952550
958247
956423
955644
954230
957626
994479
954722
959675
954146
955585
961457
951378
1203574
1263355
1212093
1198413
1270225
1207297
1272731
1196437
1205171
1197383
1196534
1202803
1208182
1197896
1201061
1206723
1194792
1197392
1205588
1199048
1270067
1198276
1207390
1200591
1199573
1206830
1195867
1206388
1272865
1199480
1200829
1199848
1278765
1201294
1273396
1016921
1012871
1023164
1017004
1016701
1021029
1017152
1015003
1023302
1013480
1017504
1014613
1015633
1014691
1019661
1018579
1018711
1124172
961626
963949
956695
954771
960679
953714
958847
959221
961109
1021173
975544
952374
961383
954972
963843
954168
953613
959693
953485
952943
968576
953384
960878
959844
959193
952418
963507
955576
955529
955006
959883
955854
961363
953976
956881
959414
952873
954913
958636
957326
955028
959432
952330
952336
960338
951565
953712
1203805
1197047
1199501
1278731
1198149
1270644
1200470
1202450
1199693
1266089
1205284
1197508
1270506
1206824
1196836
1194317
1204215
1206038
1270225
1198462
1208038
1200747
1203345
1200619
1196022
1021724
1016294
1014525
1020703
1014925
1016515
1023485
1020624
1014736
1018989
1018803
1017433
1016405
1018411
1011782
1019502
1017681
1018361
1012842
1028673
1011147
1019153
1022706
1016998
1013754
1017466
1015993
1018021
1016872
4260374
1013481
1026371
1014333
1016984
1188020
958232
953549
955985
954247
957153
951420
954219
958978
954983
955693
962493
956042
957102
955585
953411
952426
955837
955620
954063
960227
955610
952050
958671
953981
955950
958051
975121
955384
955867
958134
951962
954907
956139
955448
961967
953800
955091
952984
953987
955033
1018866
1015210
1013278
1017219
1023904
1017015
1012539
1020789
1015095
1015012
1016699
1017677
1013846
1029700
1013626
1018518
1021221
1017942
1018336
1014409
1012730
1017419
1011766
1018480
1017226
1015328
1018960
1014464
1010226
1021324
1013532
989365
952392
956372
951874
959016
955828
953919
952920
961484
952537
954969
954576
953885
950519
963253
954838
952170
956708
954330
951867
952055
951059
955106
952080
957209
954536
953817
951162
952420
953304
954317
951816
950455
951176
950095
956552
952531
953253
953342
955184
959855
951894
953455
961211
953051
953510
958493
952375
949190
964020
954121
953705
960602
954394
955495
1048456
950149
952772
957598
950387
952558
959364
950358
956158
950251
954370
953837
963162
953524
1199027
1192716
1205083
1199787
1196077
1199530
1194699
1267035
1208711
1197031
1193242
1205733
1194907
1265634
1271225
1209707
1194203
1196547
1200917
1195707
1262602
1271919
1196707
1264701
1193019
1199383
1194356
1194912
1204798
1273199
1198461
1202451
1269492
1197069
1198758
1267938
1193997
1342339
1212346
1269164
1197632
1211503
1198493
1192795
1275914
1202057
1195843
1194331
1206808
1270182
1194481
1224223
953238
954331
956335
952804
953965
951784
959430
950842
962833
955521
952893
957790
958940
951457
959662
949707
956261
961058
954499
953707
1030634
950649
953716
951162
952829
957056
952223
948787
958113
953661
953154
956575
953842
951981
962234
952259
953390
967740
954407
952787
964916
952161
956032
960775
953179
951248
965966
952487
1015328
1015656
1016854
1015599
1023284
1015041
1014561
954481
958061
951236
953941
959359
956587
954530
957876
955102
956869
959508
955121
953798
962025
952655
952231
958958
953725
953780
957805
951143
952611
960943
952809
955980
960418
953343
954341
962200
953493
959062
966178
957052
956812
959640
955385
956679
957158
955237
953858
959323
952892
957485
954233
956709
956843
954146
955054
967956
952582
955502
957523
954081
953261
962724
954017
957843
962157
955497
957401
959976
957797
958152
956538
1141119
954970
964205
954884
954789
957236
958708
955922
966189
953068
956880
964628
957348
954656
959164
953829
956131
959321
957965
953604
965612
954143
952921
957040
954334
955658
959812
958311
956033
1018644
1025391
1017023
1014586
1024828
1015797
1016528
1020726
1017881
1015551
1016421
1014875
1016679
1016146
1029786
1016601
1017199
1026547
1021124
1015238
1024676
1012379
1016419
1022070
1019534
1017334
1017624
1017696
1019614
1017775
1023742
1016695
1017738
1021722
1019593
1016950
1028521
1013828
1018087
1020688
1017550
1012111
1018595
1014821
1019247
1013742
1020407
1018162
1018968
1022446
1017893
1015358
1026992
1015294
1016183
1014875
1019459
1013186
1017373
1014845
1018468
1017750
1021821
952058
957747
959007
1017328
985913
968985
955390
960540
954245
958533
956650
956820
955201
963928
954582
954482
1159711
955336
955114
955070
954984
973291
954471
953691
955286
950073
955495
960925
956685
955874
969520
955021
956323
955699
951464
953672
967474
1222461
1030967
1017240
1023312
1026319
1020511
1016008
1022549
1015168
1019654
1020237
1020586
1020245
1028811
1019056
1018352
1017091
1020169
1017236
1020830
1020093
1015492
1015825
1023942
1013930
1018210
1018380
1014911
1013788
1022250
1014207
1019327
1021393
1017414
1015753
1021119
1012589
1019118
956123
956613
951777
955936
954908
954667
956270
954933
951486
954349
951205
957609
952658
953889
952177
954218
953797
954331
953670
955943
956707
954998
958696
966144
955289
961174
960543
955705
956823
958351
955567
957015
966340
955269
951430
961303
955820
953184
995266
955600
956405
961265
953192
951716
960732
955718
962197
957326
954876
954253
962451
955244
955619
957245
953246
954244
958903
953592
959492
961126
959363
952856
1020757
1024393
1022359
1014449
1018517
1014067
1016375
1020597
1011789
1011291
1023711
1015539
1015964
1017726
1017135
1014390
1011948
1021876
1016762
1015050
1023616
1015393
1016704
1018765
1014252
1014503
1021725
1014916
1015341
1023435
1016790
1013652
1014222
1013123
1013668
1014650
1024443
1016086
1018719
1015976
1012892
1014413
1023491
1016247
1012298
1012707
1015322
1015502
1011730
1024152
1015151
1015475
1026816
1014958
1010896
1023323
1015269
1020606
1021595
1017109
1012694
1181654
1012158
1016570
1011402
1019590
1013597
1013261
1016870
1015499
1011547
1025411
1011557
1016487
1014195
1015160
1014039
1025456
1014562
1017506
1019797
1013789
1011520
1026615
1012654
1015013
1011021
1015336
1012138
1015786
1018048
1019222
1024972
960047
949805
954172
960164
955494
952660
960087
1018570
1022174
1017195
1020818
1020636
1018698
1015415
1025941
1019290
1017555
1019662
1020108
1019886
1023745
1027205
1018232
1017729
1021496
1018372
1016996
1026178
1013694
1013041
1026606
1017960
1015291
1016445
1013271
1017955
1017897
1028271
1017952
1016265
1020870
1015924
1014930
1024424
1013047
1016210
1021680
1020120
1014473
1017904
1011988
1019042
1016679
1025284
1014961
1016901
1020203
1017429
1015433
1020395
952980
959506
955530
953385
960349
954046
952174
954823
953151
952857
961857
955188
950907
960731
947008
953675
951844
958280
952729
956761
951586
952230
969332
953095
951195
965388
949068
953912
956117
953589
952742
952342
948663
955816
952446
954860
953134
955851
950441
951108
954954
950837
951383
955035
953689
959440
950233
1015268
1019456
1014125
1016102
1017533
1013112
1014227
1011497
1020026
1014626
1013012
1024390
1014654
1014981
1020577
1013855
1016378
1025018
1018471
1018199
1021063
1014162
1016560
1016369
1014358
1014753
1013804
1018814
1012319
1017788
1031428
1013725
1014542
1022839
1011451
1014321
1015275
1016471
1018724
1020716
1013911
1013761
1014611
1022405
1016776
1016776
1019817
1017583
1015047
1018955
1015441
1015442
1020549
1016660
1013476
1020138
1020190
1019928
1022076
1025519
1015216
1017326
1017863
1018831
1014603
1017529
1014808
1014970
1016787
1019823
1018079
1016839
1021242
1016559
1014699
1018196
1019072
1016192
1018536
1023066
1017058
1018055
1028023
1020115
1017433
1028062
1017875
1016532
1022406
1019806
1016641
1017661
1017826
1015143
1031945
1016687
1016740
1018357
1017134
1015499
1018020
1025761
1017602
1016101
1024223
1014993
1016799
1018452
1016879
1014434
1025147
1015717
1019726
1014214
1019715
1017462
1016953
1024295
1019663
1015789
1020788
1015444
1019952
1024463
1017157
1015188
1025757
1013846
1018728
1018557
1020978
1015642
1017177
1015800
1018222
1015108
1024057
1016401
1017256
1021598
1017180
1014464
1022446
1014491
1017253
1020847
1015934
1014478
1015562
1014584
1012868
1013399
1025674
1015465
1017252
1015844
1016564
1015509
1024364
1015861
1014906
1022082
1015917
1013826
1016274
1022055
1017711
1014451
1019740
1014507
1014432
1022324
1014528
1017203
1021211
1016997
1015847
1035363
1016942
1012635
1014270
954490
959733
953148
954385
959639
951031
957208
958444
955261
956574
955119
951891
954057
960666
956876
951451
961080
952352
951106
1194905
1270006
1197994
1199850
1260616
1195897
1199124
1194440
1267767
1236633
1198980
1256875
1202063
1196532
1195065
1198989
1204560
1195868
1270627
1209202
1266991
1197348
1197405
1276814
1194027
1268848
1213326
1341205
1268209
1201531
1196411
1267712
1257539
1194703
1267871
1195574
1201993
1198204
1193469
1202292
1263587
1195712
1280198
1191666
1195209
1197028
1204533
1261722
1193799
1242494
1200319
1267352
1198392
1259924
1192804
1249996
1263852
1192136
1194355
1198876
1193288
1219755
1014498
1012033
1012527
1013509
1015106
1019373
1015367
1011648
1030100
1013583
1015970
1018085
1014188
1011900
1021595
1014192
1014546
952373
956670
952602
959347
949944
950777
957277
955340
950255
962438
952581
952546
952256
957625
950424
998395
947884
958168
949476
953217
957188
1195221
1195874
1266981
1192030
1247241
1192508
1195502
1278538
1203587
1192247
1197188
1248057
1268526
1194187
1205901
1191770
1196093
1226669
1194395
1269728
1197154
1200843
1196758
1268220
1197910
1191848
1193008
1275638
1193512
1266092
1197073
1195624
1193122
1270720
1204466
1195947
1192804
1201052
1268945
1192843
1265809
1206242
1196277
1199073
1202371
1193199
1189887
1357436
1203093
1314427
1014882
1014246
1015201
1016935
1013001
1018737
1011616
1012356
1014534
1021673
1013708
1012930
1013660
1016532
1012791
1026473
1014380
1012664
1011956
1013664
1010489
1014586
1019568
1016323
1012273
1018865
1013774
1015272
1014296
1018422
1012096
1023729
1011429
1013542
1214210
953760
960622
951120
951618
960326
952118
951888
954957
953891
949342
959757
950156
957927
953383
952671
1012950
1020612
1012547
1013071
1018473
1012858
1009684
1021399
1012380
1015966
1018474
1015082
1016046
1023708
1018582
1013925
1013973
1018216
1012661
1016944
1022104
1014981
1015838
1022145
1010581
1013516
1016194
1015123
1015226
1018744
1015972
1015779
1024679
1018846
1015594
1012507
1015115
1014458
1013812
1013394
1015130
1014814
1022368
1011772
1014928
1016953
1015818
1009877
1017272
1018425
1014737
1023075
1013220
1010911
1021000
1012282
1015791
1010853
1013956
1012511
1013125
1015425
1016171
1014556
1022402
1010672
1014701
1017932
1017257
1010575
1018659
1009250
1015132
1010471
1017985
1012586
1016344
1012232
1012887
1012204
1018706
1017410
1015935
1015817
1016997
1010663
1023346
1013547
1040914
1019841
1018224
1011510
1015573
1015983
1013286
1015527
1015614
1012539
1013793
1024266
1020621
1017993
1019820
1013980
1019761
1015967
1017556
1023344
1015498
1017032
1021749
1018914
1017623
1026039
1016985
1015599
1013783
1019826
1013115
1013069
1022962
1016101
1012428
1025186
1015629
1015941
1015341
1014314
1012393
1016183
1011101
1015700
1013633
1020698
1012647
1017139
1019653
1015838
1012260
1020303
1011107
1017277
1021252
1016546
1012182
1021599
1012161
1013652
1013177
1015043
1016760
1020066
1019419
1017746
1012226
1027197
1014761
1019219
1016430
1014807
1012932
1021073
1012682
1015857
1018322
1016639
1015586
1017352
1015603
1013268
1014345
1019279
1016097
1017216
1019750
956273
961375
953097
951807
964762
953419
953374
955883
958475
950308
958461
953303
956183
962008
951291
954624
957667
957207
959338
959285
955517
956553
959496
954324
954954
1021109
1018475
1020549
1020622
1018467
1019388
1018150
1014100
1024392
1016186
1017083
1022678
1018463
1016677
1022784
1017835
1020127
1020114
1017322
1019391
1016515
1028025
1016949
1018048
1027781
1015212
1017393
1019240
1019759
1018498
1026124
1014308
1017180
1016882
1019781
1014559
1014877
1020309
1018397
1017394
1022183
1013428
1019915
1023157
1019744
1013440
1017789
1015295
1018964
1015318
1022573
1013471
1017674
1017591
1016412
1015744
1021025
1014293
1016566
1016161
1016689
1015284
1015217
1021479
1016343
1017208
1017449
1015871
1015437
1027309
1022133
1016982
1017465
1016737
951825
954133
956147
954602
952744
966307
956914
953844
957750
953701
953689
957135
951023
957941
962522
956569
954029
963941
952074
951430
958765
954363
955293
958657
952250
960818
1016210
1025633
1013842
1015789
1014311
1014941
1016917
1016249
1013721
1017560
1016100
1023771
1017939
1018333
1025011
1020714
1019430
1024814
1018166
1019132
1015192
1016475
1014793
1016440
1017173
1019436
1016051
1032042
1014560
1016551
1019192
1017108
1016491
1016386
1012679
1014990
1014119
1020302
1014765
1015112
1027127
1016640
1017198
1022573
1017441
1020123
1021608
1013952
1017134
1016362
1018580
1017548
1015922
1015694
1015159
1013714
1019577
1017255
1018096
1020560
1014130
1013031
1021223
1013330
1019190
1019091
1020404
1012918
1016917
1016596
1015126
1152792
1016795
1018289
1015121
1019013
1014819
1018692
1016480
1013157
1015548
1011027
1022639
1015539
1018806
1014683
1017238
1012547
1024011
1012545
1016079
1015954
1015824
1013864
1017592
1012256
1014728
1012669
1016762
1012722
1023960
1009876
1014140
1018718
1016598
1011185
1023363
1010395
1015667
1015283
1014185
1013013
1023549
1016150
1018398
1014441
1018957
1014789
1019196
1018205
1012444
1014719
1019730
1015458
1016717
1021371
1012803
1014475
1020957
1015007
1016186
1015673
1012780
1015621
1014257
1014803
1012228
1015723
1012027
1017573
1013573
1018988
1014637
1014065
1014543
1013069
1016657
1022132
1012765
1019088
1019380
1016562
1012939
1017124
1012328
1017462
1012547
1014135
1013470
1014866
1015549
1015302
1013529
1021381
1014125
1019072
1014239
1016678
1013506
1025084
1015592
1019427
1021903
956719
957418
951667
951806
962815
953185
951936
961394
955152
950023
960749
951375
952301
954551
960163
952189
958923
953520
952981
958109
953385
950482
955098
950956
956378
958589
955915
1197756
1204144
1271803
1201499
1206662
1197243
1198479
1204075
1198949
1198384
1276928
1198221
1196301
1203487
1206961
1193272
1199942
1203942
1197478
1195714
1206373
1193455
1195825
1273590
1196613
1194532
1270302
1207185
1199468
1196397
1202102
1193715
1198751
1274878
1196031
1306969
1195600
1195194
1196074
1194155
1203947
1192096
1275701
1208651
1200404
1199142
1208862
1270020
1276903
1271759
1210379
1272478
1199591
1204073
1199768
1196811
1275684
1193597
1200044
1270723
1209250
1011262
1015082
1017189
1015270
1012507
1044593
1014495
1019608
1034790
1016579
1015674
1021480
1017451
1015678
1018560
1017395
1015440
1015954
1022243
1013856
1013208
1021576
1011066
1013231
1027442
1016896
1012769
1017825
1014799
1014399
1015693
1016837
1015103
1020529
1026986
953682
953894
952748
953352
1203088
1208032
1199898
1197487
1273488
1200192
1192088
1344618
1203305
1193211
1192562
1202640
1194939
1199616
1199133
1196997
1195109
1206300
1198972
1197559
1264882
1204659
1265636
1197727
1208613
1197719
1199890
1203320
1193872
1195613
1194656
1210987
1194130
1197923
1200151
1196677
1198207
1208542
1263628
1194365
1204189
1197144
1193668
1199240
1206467
1197214
1270986
1207483
1194857
1200013
1270927
1197570
1194534
1204124
1289944
1195983
1194215
1204818
1215098
1196163
1014214
1020946
1012953
1015066
1024341
1018440
1014822
1023395
1014928
1015413
1017092
1014984
1015616
1016793
1013961
1014918
1012951
951666
953473
957974
953594
955393
955826
953555
955597
956190
956397
952614
959540
953189
954350
955467
956698
954275
956493
951446
956848
954071
957694
956316
1206455
1194958
1196101
1199226
1198838
1197896
1211559
1269552
1199568
1205281
1199973
1196255
1201209
1209347
1270738
1197678
1208914
1197109
1199457
1273259
1204742
1196184
1198256
1205626
1201371
1023021
1022962
1015287
1027017
1015120
1019593
1016648
1016363
1014031
1020801
1027723
1021193
1020135
1027531
1019857
1020630
1028800
1021442
1019597
1021184
1019675
1022614
1018510
1028929
1018893
1018522
1030587
1017757
1015655
1023946
1016349
1018285
1027635
1018143
1016521
1015625
1021757
1015585
1013822
1024531
1018568
1053873
954407
956419
953349
954102
961384
958252
992681
952478
956868
957916
957740
957683
959390
971893
958496
959782
955832
957862
1136145
958042
959599
955056
955100
953017
955333
954680
957159
956726
956496
954346
957738
954837
956035
957025
957398
955962
959756
954982
957343
961915
959128
953581
959125
954707
959426
959544
962361
953425
961701
953206
956204
957890
953806
955110
961774
952875
956334
963009
955846
954172
960064
953016
955341
957253
953337
953690
960332
952297
956730
956218
965127
953366
960976
956634
953647
960043
953532
953955
971367
953767
957238
962105
955219
951934
961569
951762
955915
957769
954536
951722
955785
954991
957196
964792
953058
953431
956178
954329
955362
962590
957744
953804
955983
952778
951521
953189
951345
957022
956436
952171
948786
962394
950098
954667
953364
951014
952261
958824
951882
955581
957935
953621
953009
958065
949770
955511
959724
952883
948965
963041
954871
954577
956077
1130037
954877
953796
955038
956891
951285
957634
953962
957435
954698
952320
953928
964051
949012
954552
966080
955487
953231
957315
952738
956304
1023631
955978
949688
958487
952716
955522
955444
953905
952571
962055
953982
954308
959996
952560
953347
957039
954966
955082
954754
949306
953013
961209
953626
949645
955009
950506
955657
960170
952564
950853
961629
951029
956187
952068
953642
953612
958326
949742
954382
959381
953338
950907
954733
952976
952620
957552
953612
949541
964434
949342
958301
957045
953257
950502
952587
951337
957453
951992
956186
950232
955483
949953
954273
955475
953030
952737
954298
960052
955875
951637
955464
949974
956904
952365
954879
1014038
954279
953666
959074
1201905
1199628
1196283
1207177
1262671
1196985
1201808
1194015
1255679
1274532
1199549
1264697
1196135
1208204
1200970
1197650
1204209
1198448
1253927
1204738
1264390
1195128
1270289
1261569
1196209
1194890
1207200
1194676
1199686
1223733
1218444
1267293
1197951
1203551
1271531
1193113
1205407
1193330
1268558
1200171
1270504
1193974
1269898
1199440
1268488
1195621
1208796
1195161
1274277
1203753
1197716
1192547
1354637
1200551
1198949
1230205
1208879
1347217
1199877
1205053
1194466
1262810
1198664
1204914
1197345
1195672
1014590
1013579
1021290
1012231
1016408
1022185
1013903
1013167
1018073
1015508
1013554
1016073
1015814
1014101
1014678
1024006
1016259
1109973
956383
956597
956079
954581
960181
952991
952267
955966
951532
954750
957498
954043
953318
953249
962606
954111
1021288
1017152
1015607
1023261
1016426
1014640
1015180
1014859
1013678
1016141
1016944
1016004
1014015
1029147
1012984
1015991
1023091
1016915
1014013
1019063
1012819
1016662
1021398
1014909
1013020
1015986
1015632
1016768
1015610
1024728
1014631
1015878
1017259
1017583
1017327
1024417
1012837
1014446
1012698
1017257
1015204
1013674
1016581
1018312
1011668
1015659
1007916
1015496
1024742
1014584
1012299
1022593
1012015
1016569
1021073
1014944
1014771
1020837
1012691
1015771
1016190
1014507
1013213
1013735
1014207
1014021
1017711
1017875
1014732
1014407
1022698
1015160
1015592
1022865
1015086
1013568
1023913
1012662
1014238
1020864
1016988
1012104
960247
953415
955414
963651
953555
950538
964785
956201
955740
962462
951407
951387
962591
953322
955270
955452
960592
952821
1027611
1018229
1020729
1022037
1017233
1014710
1017824
1015864
1015739
1014665
1024889
1014030
1020056
1015824
1016678
1014819
1028527
1017666
1018145
1021348
1023291
1015481
1023972
1017601
1022554
1019185
1019805
1018574
1022458
1028181
1021056
1018368
1028961
1019604
1020135
1022843
1018603
1015995
1021777
1017079
1020400
1019202
1016597
1016421
1015140
1036126
1016665
1019846
1019556
1013552
1017154
1023693
1014196
1016750
1023571
1014668
1014982
1018976
1021284
1023366
1020017
1024662
1021065
1019801
1028922
1021073
1020507
1026130
1019354
1020012
1023828
1020563
1021964
1025634
1016596
1014027
1030570
1018865
1014452
1017612
1014597
1014457
1017057
958915
952349
956158
956306
957786
953377
964649
953399
956403
953518
954047
955419
961703
953595
958991
962384
959728
1022842
1021318
1026158
1022630
1015504
1020523
1017167
962378
954576
961607
952317
956900
965091
958773
959158
964846
953836
952847
958487
959135
953524
967883
953869
954029
959761
953921
957472
954689
953779
958192
957001
955185
952901
967588
952765
957222
956430
955462
954173
963663
956777
957340
963925
952957
953516
960461
957209
954163
957544
956247
956415
959543
953778
949467
958311
952845
959392
959066
955054
952926
973846
953819
957568
954771
954009
952556
961209
954068
955765
960030
956117
952668
958553
953720
952959
959663
954536
953141
964221
950890
956083
957487
957719
951246
957887
957529
957262
962920
956723
954056
957931
951804
955903
962858
954558
955685
961430
951925
953351
957253
1027290
1017050
1018912
1024767
1016858
1016376
1017131
1027878
1017108
1014744
1020634
1014876
1017155
1023637
1018950
1018704
1022405
1017265
1015628
1016763
1019146
1017635
1013645
1024489
1013467
1016199
1014808
1017278
1016840
1021647
1014294
1016414
1019219
1017456
1017131
1022489
1013327
1019396
1020169
1023399
1019591
1018341
1023862
1018073
1017970
1026820
1014041
1021677
1018816
1018505
1018287
1025950
1017313
1021507
1023008
1019429
1014343
1017340
1018100
1017340
1015742
1019046
1015212
1018448
1025670
1019294
1014305
1023354
1015782
1019145
1021801
1017799
1015608
1015548
1018094
1019461
1015524
1024323
1019744
1018891
1019628
1017050
1014153
1024208
1020304
1018305
1023587
1015569
1017316
1026472
1016660
1017080
1017584
1015227
1014014
1019138
1019606
1019738
1015923
1032791
1023380
1023045
1029341
1019903
1019657
1017039
1017510
1018035
1018688
1024476
1017684
1019828
1026143
1015948
1017535
1021778
1018014
1015954
1029584
1015324
1021423
1031417
1019499
1016733
1017682
1018417
1020235
1017311
1022200
1013767
1017831
1026580
1022191
1015694
1029343
1015907
1022083
1017843
1020431
1019986
1032138
1018553
957343
953288
960880
951623
958775
966009
959197
951509
957583
954659
959206
961138
956444
951685
966871
951488
955386
954834
960803
953465
957144
953748
957192
955500
959042
956281
955063
953504
953228
954703
956848
954672
958716
954239
954553
953234
954570
954098
956619
955159
956254
960370
955069
956907
954828
959902
958565
953311
954714
955866
966839
952392
958583
961680
955925
959289
961198
955192
1205514
1205904
1201368
1196775
1196004
1261204
1193351
1202658
1204161
1201674
1195288
1239906
1198925
1199680
1198430
1201171
1200622
1238641
1207374
1198274
1196701
1215325
1265182
1272733
1197269
1204489
1269789
1272033
1207476
1275400
1196888
1209000
1266748
1199588
1357171
1199743
1195056
1272647
1201436
1204280
1198719
1207513
1196315
1275482
1208745
1200960
1199883
1207672
1199389
1200297
1270688
1208186
1351840
1200745
1213468
1198779
1194441
1278500
1197273
1264652
1201873
1206173
1197447
1198559
1201131
1197240
1269105
1210222
1195954
1263477
1204425
1028105
1016342
1017030
1016402
1013827
1019842
1019135
1030812
1016709
1017701
1019336
1022948
1016393
1028969
1017422
1020221
1024267
1018487
1014160
1019890
1023039
1019159
1016271
1019063
1013254
1017846
1129550
1016488
951676
1020247
960833
954282
955312
963803
952435
957663
960160
954861
954793
955066
952157
955168
958286
955249
954013
966323
950788
957456
955658
956479
952918
961123
953318
956856
963069
957105
956263
964309
956529
959956
962109
959045
955217
974473
955603
956262
958910
957578
954736
961658
954598
961315
957996
958348
958697
959942
955594
951991
961718
956349
957417
960532
957326
958154
959889
955493
954614
957707
955788
953518
963254
956318
960559
958123
960367
953273
964430
952356
957302
961532
957353
951427
961097
954402
960279
961426
962268
953015
964093
952026
956710
959541
959217
956709
964184
953577
957538
953881
959399
957120
956488
1016896
958566
956322
994396
955502
954329
950985
1006399
1030089
1014621
1017500
1022079
1018467
1014313
1015902
1015960
1018732
1014770
1021396
1020237
1021553
1022862
1021865
1015944
1030525
1015608
1017059
1018650
1015722
1015650
1028993
1014990
1020026
1017427
1017764
1013949
1021094
1014015
1019897
1020134
1025261
1015734
1019949
1020564
1021028
1016381
1025363
1014400
1020326
1020906
1019797
1016874
1020633
1015638
1016057
1017382
1018601
1013915
1014758
1025011
1021166
1016093
1021882
1016368
1015953
1018086
1018557
1017254
1024488
1017721
1014424
1020604
1018102
1014926
1012795
1020635
1014720
1018230
1016881
1016585
1019742
1026931
1021454
1018873
1021180
1018977
1017345
1021521
1015742
1018317
1027508
1019728
1013565
1016347
1014654
1019733
1016844
1024404
1015802
1017229
1021391
1023362
1014657
1024990
1013929
1016321
1023623
1018225
1027663
1017825
1015812
1018317
1013774
1018015
1013574
1021727
1013550
1018473
1019062
1016924
1014832
1030561
1016229
1019534
1022410
1016665
1014469
1019855
1014037
1018548
1017167
1020060
1014767
1017074
1029272
1017695
1013677
1022469
1013604
1016223
1021230
1015872
1018885
1024233
1016493
1012676
1013730
1016329
1013824
1018778
1024287
1012850
1015255
1018545
1016978
1018519
1026641
1015120
1015001
1019628
1017135
1016065
1013588
1015470
1020097
1015130
1017566
1014086
1016807
1022661
1015305
1012697
1021458
1014201
1021329
1017785
1015686
1014108
1023555
1015328
1014961
1012943
1017041
1014259
1015748
1019375
1016397
1013731
1022730
1012695
1019264
1019826
1013600
1014829
1017373
1010732
1014518
1012407
1015003
1014088
1016370
1027980
1013510
1013604
1023208
1011650
1015814
958205
1016309
1020279
1016157
1013664
1015770
1023535
1015508
1017755
1022292
1012479
1014159
1019254
1016147
1014337
1017622
1012820
1017518
1014760
1028909
1018692
1016890
1027632
1015569
1016134
1021119
1017377
1015507
1021230
1021421
1014051
1019690
1011865
1015371
1017628
1012222
1014693
1012456
1018422
1015722
1017418
1030719
1015158
1014239
1023210
1018125
1018449
1014755
1016963
1015422
1017034
1011450
1014937
1013811
1017151
1014225
1015644
1018061
1014284
1014310
1019080
1013077
1014786
1019901
1017899
1013376
1023728
1013473
1015596
1016538
1016221
1014169
1017958
1016978
1016370
1017064
1025706
1012672
1014864
1017645
1019178
1012566
1022258
1013299
1016281
1021789
1015053
1014134
1014357
1011096
1020079
1011803
952754
949498
954514
952170
962414
951673
957799
955129
956502
961181
954733
955564
953968
951952
953593
1026117
956645
949199
951524
955878
952289
956998
953395
958133
955142
952530
954574
952557
950679
953958
952698
954575
952702
952940
951147
956322
950761
955241
953812
957025
950533
954375
949969
951946
949939
951219
952793
953857
950228
953354
951072
958234
946799
952448
962054
954623
954846
957526
948541
956613
956280
957506
950587
960198
954125
956949
952912
953869
952312
952215
951428
954815
964387
956052
951187
955206
948635
950825
956944
954422
952322
964738
955933
951337
958414
949543
950288
957195
955097
949318
1023094
951366
949165
952915
951263
953921
956914
954001
953110
957836
950092
951346
957109
953106
953283
951237
949304
952254
952136
960561
950039
951751
952761
952225
947371
949916
949139
954288
948562
954969
948508
954321
952120
954854
954050
952088
946880
953748
952446
953688
952354
951591
954390
957914
955906
954816
953816
958360
952067
959347
949845
953778
953957
957447
951843
958862
953528
950619
952543
955087
952732
952298
954013
957797
962674
952641
955338
957208
951359
952637
958798
955167
955904
958287
953072
955523
955690
952853
949947
960785
955598
957212
958923
952389
952307
955720
953447
953685
959381
955567
953932
959125
954308
952775
958141
958318
955605
956121
952373
954507
961493
953264
953777
953952
952971
954544
967589
953679
951563
967632
955313
956284
960235
953211
954945
963344
958642
956042
955356
1013471
1014164
1111013
1210679
1024887
1013686
1019064
1013958
1015408
1128187
1201268
1023197
1019018
1017374
1019266
1015286
1136255
1188526
1024460
1015950
1016786
1013167
1015801
1158478
1169329
1022567
1017004
1019474
1017529
1020769
1017556
1014236
1021738
1013919
1015987
1014824
1016888
1013427
1016200
1015338
1016334
1016395
1023026
1019936
1016345
1018174
1020946
1012996
1020795
1014983
1017244
1021883
1018049
1014573
1016851
1016062
1016917
1014702
1019333
1015728
1020009
1016581
953263
952477
989291
954099
964712
952450
982344
984066
954335
954733
953352
991993
954515
956412
1021138
952164
1003726
955460
952487
953024
953923
1005265
955481
955879
1000674
953173
958568
958528
951665
956403
952037
954308
956832
954644
952284
959496
956124
953581
1018135
1019062
1020083
1017912
1015481
1023296
1017401
1019146
1022655
1019947
1017461
1019417
1026106
1017161
1015037
1025704
1014999
1019091
1015606
1016139
1014282
1028218
1014429
1017207
1017271
1015864
1014416
1015889
1014649
1014635
1013818
1018188
1013555
1014686
1018988
1015714
1011053
1019310
1012755
1016797
1016927
1016424
1011686
1013352
1011061
1014035
1013259
1013858
1013071
1011450
1016509
1013819
1015162
1015056
1012825
1012078
1021085
1013991
1011295
1016380
1012079
1012406
1015621
1014091
1014152
1019586
1014649
1015069
1016845
1014466
1014511
1014870
1019986
1011603
1014639
1015683
1015899
1015739
1023992
1012588
1014163
1016093
1015983
1016342
1020116
1014083
1016339
1014061
1016847
1013114
1018852
1011903
1015933
950644
955107
952515
951835
953999
955835
953001
1201946
1203666
1205531
1197698
1210842
1195789
1199131
1270154
1198366
1195517
1199810
1203670
1216034
1195147
1204930
1195441
1268766
1270585
1198218
1265752
1197664
1259347
1194027
1192446
1206313
1194194
1193857
1204559
1194101
1266773
1206825
1269439
1194454
1199007
1207728
1212874
1197637
1203740
1262466
1197333
1207565
1280055
1196210
1233892
1207129
1200413
1201537
1206767
1198170
1352087
1208586
1196994
1262819
1194302
1202810
1194833
1270761
1212362
1268437
1196772
1206539
1198164
1200224
1351658
1206971
1350382
1197343
1211136
1196485
1198195
1272759
954815
954457
954770
962483
956282
954519
958612
953902
954166
956767
952819
954223
962118
951753
952795
954360
954633
949411
956837
958319
952956
952830
955275
950559
959162
949527
953815
958883
951330
1022195
1013424
1028435
1016568
1026397
1016870
1014266
1020361
1015730
1015968
1017042
1017196
1015194
1024767
1015343
1013711
1023754
1017609
1019465
1013602
1013960
1014055
1017241
1015153
1018664
1012808
1024986
1014845
1015055
1021571
1017165
1012633
1019920
1014024
1014859
1025220
1013798
1014851
1022710
1013538
1015232
1010792
1015289
1012820
1014322
1016406
1017180
1013198
1024918
1013395
1017575
1017700
1015229
1013321
1020015
1013626
1015582
1020638
1014912
1013144
1022319
1008814
1014150
1013001
1016693
1009159
1015431
1011297
1015457
1015616
1029977
1010717
1015483
1020582
1015423
1013758
1018711
1013804
1015804
1021826
1014528
1015341
1021007
1019803
1015953
1013552
1016388
1015129
1014866
1018836
1015989
1016334
1021905
1013516
1014182
1023848
1013432
1015022
1019031
1017169
1206428
1196027
1345934
1202379
1193494
1196846
1202923
1195864
1262381
1197099
1200675
1197745
1198538
1203750
1196306
1196069
1203541
1198407
1346169
1202987
1195966
1197983
1198819
1201356
1269910
1196392
1202428
1196032
1194751
1200986
1198354
1262211
1200337
1198753
1194138
1200638
1199827
1198742
1201847
1249359
1196635
1199126
1202193
1200506
1193765
1252992
1272683
1199606
1197011
1206242
1195222
1199731
1202059
1197195
1193773
1206062
1196597
1274842
1203096
1199134
1197036
1198363
1203376
1199393
1200691
1209189
1197516
1198168
1203883
1100565
1014782
1019875
1019931
1020582
1099205
1015558
1100225
1014929
1016408
1019860
1014549
1077079
1016666
1115171
1015608
974038
953397
956902
954579
957413
960544
950995
953838
958084
953891
954917
955854
952533
953616
962181
1030907
1019430
1016967
1020299
1020409
1019608
1020321
1022791
1023530
1018458
1026709
1017970
1021446
1029679
1025441
1019014
1021490
1016491
1026658
1016388
1025739
1017141
1017143
1020359
1020802
1017690
1038568
1016181
1024692
1021476
1023136
1017564
1020957
1017525
1022693
1018636
1021140
1018353
1019388
1017846
1022344
1015150
1022566
1019283
1017879
1018149
1018676
1011599
1021227
1015818
1015733
1021054
1017870
1015277
1021168
1014011
1015312
1015361
1013222
1014319
1017952
1023102
1018444
1014996
1021926
1016775
1015930
1018894
1014604
1014491
1023631
1019266
1015154
1018859
1012398
1018121
1016261
1014876
1013079
1015641
1017275
1016744
1017589
1024422
1013680
1018535
1017568
1017128
1015239
1018501
1015512
1017934
960812
955958
954424
1005317
955015
962852
954845
959555
955220
957557
956693
952800
957578
953195
952568
958814
953539
954712
956583
954503
953111
965098
957357
956552
957360
960028
954000
979836
952093
953940
961517
953055
955740
955703
951772
954275
957539
953251
946098
960219
952479
954719
962735
952162
950367
959737
953541
952859
957381
951663
953590
955402
949892
955297
958285
952667
952215
961716
953849
950178
952902
952446
952736
957732
954701
955986
971384
952191
952459
953494
953855
952189
962743
953622
952623
967343
953176
954695
963264
950565
952249
958706
955976
950500
961260
952658
952993
952091
957786
951920
955442
949294
953987
958208
959358
949480
953228
951971
957254
961232
952400
950452
958596
950388
956414
954878
952122
953217
953339
958109
959366
953629
956891
953509
955065
961587
954200
955134
958297
949573
952309
957582
958651
953087
960422
952193
953666
957533
953508
949397
961343
952566
954513
960635
954309
952696
961036
950896
957085
955375
954207
952047
959988
951395
951988
951608
954948
953449
961260
954097
954059
955654
954522
950698
957998
951154
955164
957628
956702
953945
959781
951597
958605
955284
955778
952461
968032
952689
952198
960578
952138
951887
955409
951037
956399
959099
952266
953213
960202
952486
955186
956947
954775
950536
959410
951228
955509
961747
953180
949244
956212
949586
955745
956810
949801
950171
961688
954979
951891
953731
952702
953917
960532
952191
949496
960426
951592
951379
954134
995901
950656
952259
952728
951787
998497
954531
947672
959471
951793
1014880
956765
957451
1070378
956044
958462
955219
950820
963318
951080
953326
952663
955187
952932
959298
950615
958130
958115
953480
951142
957699
949696
954508
959246
953211
951721
961774
953390
954420
953769
957557
950257
958039
953641
956647
956137
953064
950097
956181
952021
952919
955712
955599
951723
964321
951978
954122
953857
954064
951516
960989
952990
949494
961463
954504
957311
956132
952815
954477
957215
953356
953595
956979
999492
954128
957503
952878
954407
959501
951885
952402
960755
950792
953147
960446
952792
951383
957120
951416
955355
959014
954789
953388
961088
954843
954385
956005
954921
952325
1199453
1205956
1198301
1201389
1207521
1198535
1196167
1199547
1012213
1021388
1015424
1019473
1024642
1017497
1017100
1015573
1018278
1020660
1011253
1014439
1012720
1017428
1017551
1021238
1011970
1023260
1014406
1015888
1014697
1016408
1026391
1013760
1011578
1016133
1013834
1018499
1013139
1014380
1018917
1016253
1012020
1019597
1013837
1015709
1014016
1017795
1010891
1023750
1012529
1017154
1016904
1014990
1014956
1017374
1012889
1023234
1013771
1018786
1014223
1016139
1023747
1016499
1015660
1022568
1013463
1018987
1019827
1014246
1021472
1023496
1015721
1015701
1013611
1031691
1016914
1015104
1019316
1015515
1019386
1017899
1016241
1015050
1022516
1013909
1020505
1027659
1017763
1016327
1015896
1015189
1018667
1017497
1019794
1016076
1018819
1022236
1018729
1015847
1024307
1014879
1198262
1198145
1202243
1193959
1269780
1195146
1019174
1015955
1022632
1014158
1018840
1021065
1018057
1015941
1026564
1015140
1019947
1019547
1019365
1014149
1023302
1016971
1021614
1015433
1018105
1014029
1018086
1023125
1018685
1013514
1021033
1014552
1019146
1022991
1017618
1015057
1022916
1013267
1019075
1017935
1019352
1014601
1015757
1013324
1015581
1017169
1017423
1015665
1017781
1020248
1017143
1016009
1023363
1015387
1015749
1022298
1016051
1015305
1024349
1014142
1017021
1019830
1017913
1016879
1016009
1016632
1020412
1019002
1027864
1019116
1019455
1030043
1016196
1017506
1018313
1016330
1016721
1025106
1014110
1017249
1018586
1017029
1015779
1027281
1015002
1016995
1013030
1018570
1016321
1020684
1022628
1018374
1014299
955936
957001
957177
970176
956138
955338
958466
1016897
1015098
1020065
1019140
1014719
1027996
1013440
1018696
1018486
1023336
1015182
1021648
1022450
1019756
1017458
1026545
1013896
1021729
1024316
1017519
1015699
1020256
1014986
1018878
1015178
1021261
1015552
1017608
1026350
1017428
1016342
1027277
1014259
1018108
1022295
1015952
1020204
1024647
1013939
1017742
1015509
1016301
1014102
1016877
1021889
1015281
1018305
1017751
1014591
1016686
1028044
1016180
1019138
1024965
1017994
1018070
1020750
1015318
1013887
1017087
1020704
1015542
1016793
1027524
1019488
1018118
1026866
1017535
1015880
1024557
1017564
1016363
1019378
1013435
1018620
1016140
1021101
1015751
1020444
1019757
1018758
1014083
1022043
1014413
1014317
1025705
1016797
1016201
1028177
1013792
1016494
1012705
1019298
1014781
1014806
1017706
958629
952676
955655
950972
955003
961751
953754
954041
960579
954402
953750
955811
954136
950873
956841
953100
955505
962783
955617
953098
962982
954046
954518
962605
956831
954938
957718
953726
955592
958266
953449
952472
959626
953308
954609
953459
954921
953792
957317
953549
950839
960178
953122
952491
955030
952638
952053
962225
951269
955431
959589
955172
951908
955323
952758
952361
961042
955567
953158
960039
953981
955145
953029
953689
955848
960049
950229
953770
958537
955529
948414
955507
953382
954972
959404
955558
952001
960585
951815
957055
956213
955110
949205
962613
951199
954587
958034
951642
954048
960899
952395
952838
955570
954731
953141
963864
950912
953673
955925
953319
951005
964944
948479
954475
1033345
1014191
1015905
1024750
1013425
1013617
1016203
1014236
1012615
1017351
1019357
1020021
1016643
1026279
1016999
1015837
1024864
1018073
1013636
1019515
1012963
1015866
1015798
1016557
1013456
1017133
1021289
1017163
1014119
1026537
1014156
1018056
1024467
1015395
1013821
1025867
1015662
1016105
1020243
1019903
1012353
1017612
1013670
1020054
1015728
1019572
1013765
1016601
1021655
1013860
1013894
1023704
1013106
1016948
1014505
1011483
1010617
1023457
1014469
1017148
1011400
1016233
1012653
1016980
1017621
1016131
1011534
1017105
1014361
1016682
1019292
1014082
1012593
1021846
1013400
1015869
1020342
1013445
1013309
1016772
1010679
1011722
1014967
1021247
1015053
1013734
1019760
1016994
1018050
1019140
1015377
1010054
1021360
1014745
1015740
1015771
1016409
1012460
1013981
953589
1017066
1018419
1016158
1013698
1013704
1027694
1014276
1011481
1021633
1015836
1018193
1029494
1015823
1014201
1152668
1012740
1014370
1013463
1016102
1013100
1015472
1021338
1013377
1010624
1022298
1014409
1015404
1014832
1014694
1010714
1025824
1013039
1014083
1020465
1022221
1013527
1017586
1009614
1018884
1011751
1015412
1013857
1015439
1018406
1014451
1012680
1022683
1011949
1013528
1014996
1015841
1012938
1024999
1010628
1015315
1029381
1015839
1011758
1015150
1015972
1018262
1014539
1019450
1012849
1013476
1022073
1013332
1014102
1019943
1017277
1013792
1015994
1014684
1013620
1015565
1016788
1029903
1021190
1016573
1020569
1016531
1017389
1026223
1018766
1016135
1024857
1014889
1017421
1017204
1017370
1194439
1082596
1016211
1021166
1022202
1019993
1014299
1017675
1015129
1020778
1013771
1016344
1019584
1020144
1016917
1026623
1015053
1018917
1014348
1017601
1016360
1020787
1022192
1019018
1017493
1020590
1015373
1019006
1031268
1020255
1013325
1020416
1016210
1020463
1016593
1022920
1016966
1016635
1017035
1018307
1017100
1028376
1017481
1016088
1022277
1017121
1018044
1017031
1014779
1015413
1016153
1020397
1013289
1017389
1023018
1014581
1013866
1027309
1018115
1019042
1016426
1014702
1018010
1021772
1013386
1015151
1015016
1015523
1018448
1015866
1021474
1014322
1015656
1016497
1017674
1017050
1025684
1019160
1016306
1022423
1018047
1016770
1015533
1014807
1016502
1014576
1020457
1020827
1016203
1022557
1016131
1015081
1020851
1015173
1016488
1014970
1017375
1013344
1028958
1014336
1017447
1020072
1016516
1014355
1018280
1020483
1015906
1010602
1022585
1012367
1015520
1011351
1023161
1012260
1014736
1015608
1014140
1011914
1021417
1014049
1014045
1018760
1015803
1011779
1015355
1020541
1017105
1013308
1016849
1013487
1015366
1021921
1014801
1011808
959940
952264
955574
956548
951595
950618
956572
952814
954683
957380
951873
950927
964492
950078
953716
960019
954276
953257
958187
952495
953636
960875
951439
953158
956702
952906
951669
965871
955100
955852
958448
951768
950161
960791
951917
951151
956165
952704
952498
963688
955188
953862
955072
953137
952731
960681
951049
955180
963416
955713
951164
959522
954947
957088
953517
951258
951944
962232
950831
954261
963429
955651
948881
958018
952937
956334
963051
949298
948428
956549
953706
956454
954708
953184
952844
961455
1018485
1017932
1016883
1018710
1017990
1022100
1018289
1017405
1024078
1015516
1014732
1022606
1015721
1016086
1028761
1013522
1014084
1013557
1020971
1017509
1016589
1018261
1011642
1017030
1020831
1015730
1014340
1012498
1015089
1012730
1016088
1018198
1013700
1013344
1020626
1014082
1016747
1022246
1017348
953784
954076
958022
959928
952604
960497
952567
953170
953973
951009
956777
959747
952395
957333
955265
954627
951755
959590
947896
953621
959085
957668
951934
962152
948371
956815
954112
956243
948186
963614
955973
955414
959640
954980
950857
957329
952714
955884
962188
959402
953777
964786
954164
955042
955957
951835
951439
959783
951737
950426
956715
952820
953320
960731
951772
953984
958924
953520
951641
962352
950976
1026534
1016147
1013675
1019994
1012601
1012823
1018642
1013780
1014656
1019831
1011124
1015978
1013688
1015580
1016363
1015519
1022748
1016931
1012944
1021666
1010959
1016996
1019355
1021291
1011767
1021921
1012594
1016275
1011204
1015243
1010862
1016897
1018941
1017743
1010930
1021003
1010292
1015091
1020336
1017065
1010119
1020946
951843
958953
951438
955282
960670
953057
952890
955618
951399
954031
959947
950449
949372
965631
949805
955503
955021
951746
953091
956414
952278
955350
961526
955226
953143
956013
952888
954824
957100
952229
950070
957984
953123
951526
959758
954002
950413
957955
952069
954640
956946
953565
952628
955067
953788
952339
959657
954324
952098
963214
951788
948891
954751
952383
952870
960039
960996
950244
1196462
1193288
1272369
1193445
1194325
1204745
1196993
1266941
1206530
1193592
1201038
1216072
1261141
1193584
1345372
1202769
1267356
1198119
1204246
1269539
1198532
1271125
1197792
1269612
1197256
1274679
1197207
1193210
1200875
1195002
1208957
1276233
1023187
1013089
1014994
1020626
1018502
1015566
1017411
1014496
1019781
1017563
1019255
1014625
1017164
1017469
1018015
1011376
1024777
1011978
1014203
1022244
1016156
1013106
1019375
1011747
1016688
1013903
1013877
1015265
1017104
1025102
1014966
1014943
1020577
1019036
1013972
1016520
1015890
1015296
1018408
1014070
1017864
1022879
1012643
1012655
1014979
1017487
1014741
1015554
1015012
1015815
1010765
1024837
1016367
1015751
1019321
1018212
1018991
1027417
1014304
1017230
1022246
1020050
1016122
1017082
1014202
1017419
1014461
1024615
1021360
1027592
1013053
1016479
1014079
1017153
1011984
1031218
1015814
1017112
1017822
1021694
1018648
1017862
1015306
1018960
1017036
1027406
1018065
1020980
1021166
1019273
1012344
1020993
1023495
1018389
1014912
1020661
1013040
1018895
1022328
1016367
1018260
1024812
1019449
1017955
1028190
1019789
1022697
1021178
1026486
1016319
1015781
1023016
1015928
1018047
1022702
1015452
1018884
1015759
1017078
1014995
1013668
1020017
1017267
1016233
1025852
1016620
1016481
1022772
1019364
1019625
1024096
1016787
1016919
1015558
1016015
1014501
1014628
1021908
1016749
1013280
1024517
1014972
1014868
1019805
1018201
1015540
1025820
1011382
1015270
1016340
1021472
1019281
1017732
1017950
1016064
1014878
1019404
1013246
1019135
1023255
1017612
1013860
1026481
1015695
1019628
1017429
1017141
1014459
1029490
1014926
1017236
1022975
1016796
1017740
1022563
1014921
1015961
1011973
1015906
1018113
1021027
1022228
1016825
1018104
1023787
1015815
1017670
1020385
1016626
1016928
962028
955150
958903
955102
957600
953513
960300
962126
954475
962215
955064
955963
955901
954470
953749
960685
953741
955279
954351
955775
955511
955270
952750
954798
954417
955027
953824
955411
955142
957587
955020
956496
954234
955305
953020
959071
954555
956263
953160
957151
953212
954105
952223
954750
952819
955295
954021
955541
955674
956334
951635
957894
954496
956890
952360
955077
954270
960541
952793
953033
953457
956011
952546
954231
952469
954007
951601
955291
957427
953728
952032
953257
951631
954914
952931
951358
951367
956608
1018316
1014893
1015289
1011515
1015568
1015875
1013313
1012137
1017751
1013403
1013448
1019626
1013372
1012700
1018700
1018399
1018994
1017829
1016389
1014620
1015377
1021894
1014314
1011060
1024395
1013477
1015775
1016718
1013821
1010381
1029927
1015088
1017013
1011853
1015777
1016337
1015543
1013482
1016782
1011362
955809
957388
960255
955402
957849
954790
955524
958351
953663
949801
957336
950972
953163
956909
954867
952851
960829
948856
952907
951907
955243
950684
959578
949983
952922
960062
953293
953659
955360
949248
951238
957890
952639
950936
957374
950827
952584
954231
952949
952120
965079
951882
951973
957718
954544
949759
954062
950841
953365
958205
952419
949444
1024139
951856
951498
954807
950770
953468
959396
954712
951355
951462
952212
951824
961316
952992
948695
958183
951799
950838
952467
951321
955538
953442
951073
952847
951173
955508
952535
963579
948432
953418
956548
954983
949866
954494
947878
956472
953227
952814
950615
958616
952465
951746
954300
955783
950097
956365
1012261
952632
956927
955149
950946
957421
951672
950796
957045
952505
949657
963391
952219
955281
954063
956303
952934
951639
954250
956450
950183
953394
949734
955117
951168
950864
953666
952700
952164
951565
950332
953290
952058
950948
951331
954309
954910
953477
960816
953723
952255
956218
953079
950203
959637
952150
952181
961305
952103
950808
956804
952091
951236
957755
956034
957235
959643
952028
950808
951816
950373
952663
1198476
1265757
1195891
1192199
1193860
1194244
1202955
1193279
1193840
1011259
1018279
1010909
1042727
1016510
1014705
1009998
1019221
1010945
1017837
1012648
1028016
1008975
1017355
1013202
1015093
1014144
1017355
1011139
1013906
1011463
954623
949233
954750
951032
951049
957800
952562
951860
963069
952757
955234
963796
953698
953978
961272
951525
953104
957303
957012
950341
961084
951215
955680
956789
953526
951816
955412
952691
951563
962784
951680
955743
960268
954401
951574
1156760
954651
954678
956479
951023
950780
951643
951228
954870
953710
956548
952653
953543
952822
953106
952310
959462
953093
954305
951572
954547
953581
953426
953031
959986
951015
951691
952613
953448
951819
961878
950475
955052
956906
953906
1012854
1104038
1204858
1022190
1018053
1017525
1013235
1019255
1118292
1213833
1024960
1019945
1017639
1019706
1019339
1131600
1198385
1085959
1014309
1021228
1013485
1018888
1088366
1023061
1115499
1019955
1016733
1018041
1014773
1077892
1013257
1112072
1021821
1016945
1012561
1013827
1016757
1016284
1014497
1022588
1017721
1015367
1022135
1014249
1013290
1017349
1016215
1014942
1017920
1017724
1014251
1121178
954998
953786
953067
987764
984979
952422
1023400
954948
958788
955279
956876
1020652
957506
1001786
955045
955003
998500
954634
1026700
954691
957710
953860
958462
1027496
956560
983770
981795
952356
1024412
952721
962277
954737
956909
1019418
954927
1003304
956807
953555
956614
952845
1013795
951341
957044
996098
957628
961612
953554
956423
1208588
1194760
1202675
1266107
1198491
1199431
1197906
1198983
1210275
1069855
1016346
1015078
1021283
1045426
1016628
1200046
1105806
1016276
1020049
1020300
1018372
1015802
1188356
1013657
1016704
1016396
1014591
1014848
1021238
1043924
1015044
1017214
1013442
1018455
1014306
1016730
1023501
1016336
1116629
1019439
1017042
1017777
1017969
1016384
1012881
1211680
1013733
1015768
958760
956556
955522
960508
952882
953092
956362
956500
953001
961836
956076
959874
958918
956913
952042
960997
952920
957319
953886
958484
951603
956051
951791
955199
953958
955729
953693
955397
950875
959976
952251
955823
952802
953865
950948
953012
950364
954983
954008
952818
955993
956228
953882
951563
954641
953492
949155
953953
953512
951840
951962
955074
1022577
1020764
1017988
1014653
1024556
1016676
1015730
1016906
1016267
1012678
1017193
1022269
1016108
1138810
1018673
1014398
1013413
1023315
1013686
1012635
1018938
1012373
1013273
1014259
1017026
1008572
1015953
1011321
1015398
1015443
1022883
1012588
1021170
1018758
1018131
1011408
1019729
1013979
1015788
1013186
1016302
1010524
1018288
1019976
1016993
1015631
1019854
1014283
956809
954230
956332
950690
954534
986015
952351
952089
958624
950011
955740
955032
954098
948917
958965
951165
954816
957924
952257
954248
958018
952915
954160
959769
952919
954043
963864
951314
955231
957507
955803
953192
957696
951272
956924
959028
953016
952094
957804
950488
955826
956753
952711
954988
957801
958942
954414
959053
953237
951382
955234
953928
1198904
1345303
1159310
1017990
1012934
1013907
1020723
1015797
1011982
1018800
1012443
1014432
1015632
1017399
1014747
1014975
1017131
1015866
1020901
1017056
1012322
1019436
1009889
1016566
1011479
1015931
1015575
1016908
952192
1022311
949547
957919
955991
952534
950813
951190
1007650
954327
949937
999160
952224
958407
950098
953748
994584
953239
1159745
953514
957833
952328
954489
1025307
953629
1001050
956442
955976
953323
956225
1005784
950481
950871
982252
951907
1020844
953858
999719
949884
953694
1006167
955470
956714
953733
954955
1002576
954355
1019203
954601
959079
953273
953243
1023492
955512
979711
980827
953625
949066
957059
988160
978613
953088
1019745
952184
961154
953692
951480
1016893
954063
1001005
959626
952215
1201995
1271008
1206315
1271433
1198054
1278843
1196338
1014424
1016362
1086064
1181889
1131157
1053129
1014099
1015805
1015498
1015130
1022118
1078376
1044290
1015245
1013567
1012846
952396
955905
1007410
954146
946319
1019781
950925
958754
954180
959319
952455
952762
1025315
953760
976406
983193
954016
956589
950084
954937
951416
952619
956518
952812
950616
958028
954947
953660
955625
969741
953180
957549
952712
954748
960511
953443
954001
956737
952961
953927
957405
951855
955097
960545
953843
950896
956261
951047
958642
957029
953655
952872
964009
950779
953860
952439
953888
953076
958388
952799
957163
956967
953239
950933
957211
952599
951434
958884
952969
950428
962564
950957
955934
956170
952861
955218
961659
1029721
1017467
1159260
1066691
1010572
1016297
1013708
1015835
1013680
1203456
1018581
1018072
1012360
1017654
1013008
1182661
1084498
1018124
1012869
1020614
1013061
1015856
1022525
1017713
1015235
1020618
1017447
1019161
1015361
1019043
1013137
1017562
1018525
1019635
1014779
1025338
1012527
1022689
1020091
955929
959315
960382
982469
981953
955117
1024381
954637
962364
955863
951164
1023576
956170
1000723
955438
959114
956302
951957
1026910
954866
982634
979492
952022
954457
954215
991119
980359
956554
1018207
953716
960102
953965
954508
1020457
953883
1001734
955531
955531
954979
959290
1014899
959152
957269
996604
954269
962940
957486
958859
993636
953956
1028834
954783
959817
958396
951897
1036095
954425
990324
972407
956018
955108
1025878
1017305
1023786
1014607
1022855
1023670
1018086
978264
951224
951874
955710
986875
977358
952452
1021976
953060
964178
952840
958147
1013846
954970
1009338
958124
951750
955242
951460
1016570
1017253
1015929
1015697
1016694
1018524
1016585
1015499
1017284
1015905
1017446
1024961
1020849
1014527
1022077
1013175
1016156
996040
965673
953846
1009157
955741
958842
954322
955012
1007319
955150
959632
951101
960939
954836
952697
1020912
952461
959043
956390
951762
953778
948740
999689
952889
954111
1001861
951491
957917
955491
951317
1003145
953314
1019193
949358
963403
953465
953873
1019878
955299
978113
983722
950973
956632
952328
983746
981711
956096
1018363
959436
958742
953706
949883
1020421
949830
1000515
952163
954345
1012579
1013684
1021006
1015633
1015311
1021020
1013681
1015783
1016864
1014897
1015142
1023990
1015646
1015914
1013707
1016237
1011209
1016254
1013670
1015492
1018426
1013993
1013661
1021128
1014313
1011696
1016758
1014499
1015487
1090982
1018402
1012716
1012551
1013891
1014402
1014800
1021953
1011047
1013632
1022548
1014657
1013185
1014600
1013306
1014351
953262
958475
1003270
956497
954288
997014
955064
964445
950923
958343
978214
952472
951399
953776
991613
956641
951087
1001680
945372
1023663
950229
954400
950812
951403
1019791
955652
974494
989389
948843
954063
951740
983230
978687
957443
1020910
952450
960436
954238
950972
1023814
954595
999815
952326
954442
951810
952120
1000093
954745
953930
995385
953116
960475
953267
954672
995150
1126537
1042378
1012990
1014896
1015463
1016257
1215649
1019144
1013877
1013652
1014289
1050750
1014544
1151318
951335
977383
982649
955719
1015397
954458
957276
953431
949933
1009091
953586
1015183
951560
952846
952022
952329
1010148
954081
957977
954962
954111
950527
952258
1002601
951678
951607
1000825
954147
962594
954701
951039
1006287
948798
1023477
952971
958621
951122
953315
1022987
956087
998533
953154
948938
955151
950997
1003081
954366
954119
1000874
953142
957905
952151
952190
1101787
951398
1016259
951314
958614
953239
954475
1029384
955834
995502
954455
952432
949594
951812
1000430
952136
956605
1002958
956288
960475
952204
954238
1001432
953669
1017992
952154
962585
952945
952587
1026156
951394
955327
952356
1201605
1206159
1193084
1011876
1015591
1021023
1015209
1012767
1023497
1013053
1016111
1019099
1016160
1011178
1025045
1014724
1017597
1013795
1030869
1010520
1019630
1011316
1018402
1010408
1020988
1012882
1016539
1017379
1014817
1011950
1024317
1010610
1016844
1026460
951131
956513
955820
954539
957148
950572
953124
956935
953696
953562
961282
951136
956383
954485
959498
951772
962216
951799
954963
951349
952891
951805
954324
950703
954068
955123
952240
950798
952257
953866
952754
951795
953675
951980
953730
953295
964345
955611
957578
960267
956766
953954
962037
954688
959489
960773
951281
953809
955127
955657
954863
961209
952023
953455
961261
953710
954611
956929
953159
952701
962512
952611
952599
969401
952186
951741
1199270
1201935
1195677
1196466
1203541
1197674
1191698
1201632
1192233
1266455
1203909
1196166
1016015
1017500
1015726
1016275
1010342
1018423
1014428
1018302
1020629
1017158
1016551
1024256
1015007
1018266
1014324
1017176
1013149
1015596
1014475
1017929
1012807
1025459
1014840
1015887
1018869
1012642
1013722
1018153
1015096
1016833
1021896
1018259
1016162
1025844
1017577
953553
952412
958388
956155
958901
954971
954007
955458
959450
954506
954635
959870
955606
959845
959284
953589
951260
955919
953873
956726
962425
954860
954900
953912
953777
955806
951354
953941
954752
954405
952552
953716
953136
956696
952995
955636
956176
956069
951749
955388
951241
960427
951235
954618
951859
957043
953198
953815
954457
954116
953571
960116
954020
1209681
1016794
1015445
1019479
1017966
1015679
1021737
1015283
1016132
1017971
1017215
1010966
1020106
1014719
1015586
1026267
1015762
1016226
1029856
954912
953450
1015511
956379
953047
975217
954221
955870
955741
999219
971081
953950
1012125
957513
1035253
962061
952727
1095582
954887
956415
953871
952926
963132
952746
953247
956556
953004
950852
963985
955746
952743
959093
953329
954731
954551
952219
955058
957648
953136
952309
963209
970835
951462
961689
951501
951401
957515
949078
954980
958430
957823
950332
954809
978811
952913
953440
954681
951468
958238
949866
953690
954932
955142
948395
962655
950806
955841
956974
952221
952106
957121
954292
956732
955305
953555
950698
959649
951255
955281
954576
954222
1023783
1014997
1014357
1013556
1067611
1017091
1109613
1016506
1013661
1015359
1014898
1012490
1022022
1062706
1016048
1015148
1013057
1013232
1014128
1028037
1072585
1014089
1015464
1010806
1057900
1015039
1024611
1015189
1013441
1015235
1015564
1061829
1014390
1134704
1047248
1013778
1015392
1013604
1072549
1010744
1123766
1013586
1014557
1011186
1013464
1016000
1020658
1012968
1015779
1015490
1016652
1011089
1016199
1013561
1011647
1014094
1017699
1013681
1020535
1017418
1012945
1013117
1022703
1011188
951338
948463
965353
954135
956303
953082
957946
952587
957142
948337
954671
960369
960446
953902
958994
952003
959736
958632
952492
950732
961301
952413
955576
956881
952199
953831
956053
951086
953700
960854
950858
951349
957943
952905
955932
961520
1199506
1195707
1196573
1208792
1196141
1193401
1190908
1203939
1267334
1196862
1207369
1195936
1197452
1209897
1014328
1026279
1009411
1012562
1016237
1016322
1014604
1015939
1013165
1016386
1019624
1016234
1060739
1016130
1020248
1019839
1015739
1019625
1012393
1018374
1019783
1017903
1015099
1015261
1012042
1017773
1015742
1024229
1013216
1016759
1019510
1017124
1014474
1023919
1015082
954376
952182
955881
947978
951891
952977
952199
954148
952902
952204
958671
953664
955785
952591
954973
952030
951896
955413
953322
952479
952510
947913
958293
951144
951943
952941
954013
951973
953967
955131
951879
953333
953359
956109
949045
954183
955324
952524
951837
952497
952441
952425
956959
957590
955177
955434
953510
953992
957018
954090
955141
1019944
1017965
1026989
1015069
1018477
1020948
1020771
1020685
1022129
1014804
1016819
1020942
1018691
1015947
1021035
1014527
1018340
1014474
1023799
1015410
1014041
1019337
1016110
1011073
1026427
1011093
1016700
1023020
1022203
1013863
1016965
1013075
1016962
1014896
1022306
1011928
1091151
951373
957583
954580
958599
962368
952853
952839
956665
952547
951435
962055
957639
951078
963523
951501
955395
955553
956313
952757
956702
954500
952865
960086
954875
956041
953057
953333
957701
961522
952829
949844
961205
951702
952744
955234
954239
951071
968146
956798
955591
957769
956017
953170
958134
953105
955578
959749
953497
951559
958654
955847
954242
958896
953017
953271
959565
954218
951398
959816
954815
955854
958003
955123
1014066
1016030
1021047
1015672
1013438
1023135
1012453
1017835
1013215
1015933
1014419
1026183
1017471
1020833
1018257
1020014
1016673
1019382
1019644
1017660
1013019
1019886
1013461
1016924
1019312
1017461
1017213
1026001
1013377
1016499
1019695
1016434
1012668
1143258
1012721
1016342
1014146
1015760
1016672
1014567
1027444
1017006
1013623
1020814
1015338
1018850
1019419
1016347
1013204
1024361
1014493
951191
951896
958403
954108
951432
960028
955549
953530
954380
951277
953601
964737
953422
952324
964639
955595
952036
960423
955800
956533
959954
955034
957045
960061
953521
957983
960678
958103
952234
959493
955354
955629
962400
955706
954490
960076
956615
957933
955119
955313
948831
965030
954430
958613
958074
953612
953343
960899
956006
1019831
1014000
1020196
1015034
1021151
1015328
1017056
1022243
1018149
1016860
1024676
1014172
1018447
1026839
1020393
1013911
1026927
1017213
1023712
1014426
1025437
1015122
1017404
1023912
1018009
1014917
1201348
1022166
1015575
1013790
1015662
1015829
1013036
1023518
1017380
1014500
1022249
1015246
1016174
1021141
1012200
1017356
1014617
1015988
1014265
1017814
1023570
1015453
1013864
1023167
1015059
1017257
954482
954931
950699
963986
953767
951819
958748
955413
951370
958629
951645
951659
961458
954248
955208
966005
950969
953899
957516
954171
952312
960947
951393
954244
957215
953711
949861
959477
949499
952681
957999
952746
950632
961847
951736
954877
952852
955702
949940
956494
951203
953160
961521
953933
952891
958727
952823
951944
1013551
1024686
1015425
1019413
1024013
1013325
1011891
1015717
1014870
1012622
1015119
1018369
1013756
1017146
1026197
1014091
1013688
1022955
1014678
1014483
1019133
1015354
1015144
1199867
1017306
1013747
1016228
1023859
1015393
1014859
1014115
1013156
1016320
1021640
1018848
1011439
1021056
1011814
1014060
1021384
1015122
954052
962833
952105
956451
950407
957313
952276
953773
951723
957158
950162
953519
951861
956706
954281
952698
952050
956529
951006
955447
962273
954820
952442
965259
951006
956231
954444
955096
952111
957490
952230
961841
957631
954707
955226
1053125
954471
951621
957316
956703
951076
962377
952823
953395
955216
954707
954862
962365
952790
955994
961147
955085
955461
956693
954925
953024
957046
954987
951319
1194762
1277940
1191625
1195127
1194605
1203483
1198777
1345218
1207084
1197576
1194578
1202047
1240742
1259975
1194493
1274003
1193613
1195540
1199207
1268904
1195242
1203872
1195214
1210183
1204486
1197963
1192483
1017631
1014760
1015808
1015229
1015706
1012151
1023141
1014135
1017062
1018273
1015817
1011405
1017620
1014284
1020156
1022521
1018317
1009321
1015619
1013039
1015881
1010328
1025222
1014480
1016908
1015399
1017936
1013362
1024226
1011323
1015572
1019514
1013760
1012932
1022360
953805
962464
953017
954308
969184
954699
952240
958309
952138
953195
961324
955753
955729
961757
954256
955703
1048659
955997
951636
957812
953312
952456
958685
951412
954270
957315
953216
951978
957841
953024
954707
962140
956106
956931
958627
951745
954047
956086
1202591
1245634
1201074
1352700
1204465
1037826
1016014
1014227
1015152
1016140
1016559
1019763
1016771
1012170
1021208
1011973
1016692
1021721
1016313
1017373
1025410
1013600
1018715
1020111
1021524
1015523
1021421
1011206
1016102
1013373
1016316
1015139
1012559
1020113
1016500
1013656
1018307
1010934
1014413
1016531
1015517
1014504
1013071
1012244
1014348
1011811
1023211
1013675
961040
952618
956095
958251
953902
953637
959463
952180
953329
955838
953402
955650
961598
955230
958283
958114
949678
955630
957357
955930
955451
954603
955104
953652
953290
956331
952319
954670
951454
954839
952652
953561
952717
953849
952130
950758
951098
951882
960958
953770
955066
960247
952333
953771
955076
953705
949147
960653
953466
951293
962522
954696
1115764
1014317
1011571
1019972
1051344
1013790
1021418
1017054
1012691
1013870
1012931
1102930
1015712
1102735
1014246
1018254
1013010
1015783
1098165
1016230
1093654
1018048
1014330
1017045
1013462
1160563
1158078
1021741
1014860
1014710
1012958
1015020
1178978
1140291
1020243
1016140
1013548
1016511
1012567
1016693
1012762
1013314
1013050
1021856
1012782
1011895
1013913
1014760
1012943
1015664
1014788
1010841
953818
957448
988570
972115
950037
1012096
952243
957660
953973
948209
1011524
951245
1012126
950562
951106
950315
954570
1009833
955258
960992
950507
953026
960849
954351
953608
953215
951961
952529
956302
952948
952275
952718
952669
951427
973320
1139278
953616
955589
954562
953933
958400
952090
954617
956043
954210
955769
954561
954369
1207128
1200350
1202162
1201987
1202861
1195466
1254387
1012396
1013917
1017370
1022750
1012590
1018772
1020631
1015408
1014810
1018926
1013345
1014620
1014506
1012700
1018498
1012304
1018066
1013535
1015077
1015477
1016562
1012683
1017257
1013396
1013089
1020504
1011721
1011004
1013840
1012626
1013191
1015034
1018494
1016365
1014970
1017046
1013405
1012492
1020850
1013682
1014321
1019187
1013508
1011980
1019826
949406
1029265
949415
978697
984862
956925
1010728
952158
961192
957866
951809
1015918
947941
995329
960725
954271
952933
953945
994818
955446
950438
990152
951673
961458
949408
974673
982567
953677
1013799
956936
958636
957061
950769
1017998
951991
961685
952475
951373
1000458
952875
1012889
957426
952792
989022
948602
958562
953455
972888
