1925737181
1667726855
1747341190
1672238405
1700229899
1665929086
1663541227
1674593647
1688028791
1686644617
1649751197
1677139820
1705643812
1688317727
1636452021
1662584335
1687403725
1684653009
1663405490
1688806521
1688438515
1688226390
1684339402
1674061072
1711186125
1652255354
1714067713
1673479977
1689885192
1669060292
1660025278
1674288640
1681856867
1661196825
1661038360
1682713833
1678469302
1679590694
1649401011
1662460097
1685731281
1708209617
1707919054
1653578927
1652813199
1710045140
1641183083
1669202680
1682901360
1697095780
1656929263
1679310772
1671664344
1680336352
1670781403
1657487272
1668435618
1660528343
1687861956
1695299744
1687191423
1676946259
1649882082
1667143497
1646077586
1700420184
1676450563
1677704155
1668087309
1711231915
1664996477
1667963043
1622979478
1678163245
1641444057
1634547820
1677120131
1682955961
1668501369
1680344467
1642930629
1639337003
1657250128
1673425294
1709372633
1700765658
1674751000
1633933820
1670465011
1661542172
1675269646
1648854768
1629708793
1644956431
1676609575
1692892173
1655310690
1642649786
1636912945
1644400883
