1588837560343159873
1588837562016667544
1588837563701110053
1588837565284513445
1588837567099326911
1588837568901135597
11938182804
11617532517
11583683005
11724296311
11893248885
11808140415
11841846012
11834238363
12233737902
12212165373
12093271445
12216951870
12354622586
12440526904
12568050436
12390713165
12621433448
12774955896
12708724890
12727674100
12674314176
12674255944
12845187005
12763926834
12793743979
12919850997
12845572424
12782095704
12895436958
12726122606
12907096974
12894607512
12820621155
12845825473
12923871992
12828291304
12927863086
12860067638
12851601616
12874964379
12825458311
12797449489
12717369195
12681307874
12562527182
12595175217
12560921253
12558397211
12488485482
12460836459
12542235391
12534339945
12546036736
12623063026
12648416046
12706419970
12816587557
12888979761
12968645278
13018261236
13013590954
12986067437
12976545754
13018500291
13076643729
13129283218
13078982353
13090222150
13172474987
13263539189
13284919472
13266429683
13323099098
13464467242
13403259958
13547306504
13566936213
13736462867
13805205158
13918133168
14054933035
14043390242
14054345946
14078466989
14102080304
14081390790
14032346629
14033007186
14197559949
14176011781
14179815712
14253227979
14241588812
14265797278
