1697396090
1552052672
1529006498
1458542195
1528316368
1511138102
1466223216
1506624978
1483552204
1548608938
1547695607
1541094281
1556695850
1620525830
1593605377
1501039104
1511151966
1572099039
1611328721
1590109071
1589493885
1582721831
1525951054
1546057263
1545082023
1503688741
1614719478
1570942112
1552648720
1534428728
1625674303
1567997018
1559505677
1557383828
1503986164
1514928533
1539180283
1535441086
1561932115
1561444103
1505006556
1595492043
1518029812
1544119174
1544616230
1554786373
1558311922
1559793403
1559647157
1450921422
1531721780
1506301524
1527060428
1551397598
1554300030
1540960936
1519255608
1540930033
1504193889
1564166114
1536315664
1528527556
1513965077
1507851031
1495192454
1576663478
1527153778
1583537352
1505116930
1566336621
1532485874
1570609793
1530360656
1500728804
1551951273
1554162965
1507796765
1470263902
1573768800
1467999246
1542757917
1560735257
1586971527
1556295203
1517091254
1467995354
1543328310
1583019510
1527407598
1584638480
1547265973
1549116616
1583014171
1574539126
1520275385
1566366695
1558228006
1519138601
1555242374
1499307858
