1588837749370371401
1588837751335347090
1588837753355533489
1588837755294005858
1588837757240139019
1588837759208279560
13595460872
13758267446
13801125472
13754221394
13854396015
13823124370
13788000698
13753472014
13659317670
13693746041
13727345991
13732942172
13803065045
13879786023
13938583567
13970577953
14046540813
14174746231
14333502815
14488297702
14641359047
14729393020
14848686198
14827898129
14775303980
14665155184
14573924077
14582440285
14591681320
14622009094
14646713345
14693657639
14826185877
14959110278
14970600056
15064356119
15131203939
15305501910
15451075244
15574016301
15580231533
15732595315
15747304386
15719561274
15702428148
15721843319
15761557605
15717468615
15751653696
15846779401
16021791302
16110123216
16138759421
16201304107
16321557063
16256665805
16285957864
16203396815
16190102062
16175077649
16157633065
16104002436
16182984782
16205869263
16143748986
16031767602
15982966066
16002601500
16042951818
16060434277
16015354945
16193363470
16354196630
16469597752
16529709952
16637898394
16639251856
16778750661
16797675165
16865165896
16904429452
16891144170
16918705250
17048481750
17064222741
17168108076
17150561660
17140865011
17169051053
17218538542
17202661129
17205918609
17171195924
17139687306
