3355449045
2328581499
2458519618
2326344147
2361650820
2371613472
2236704166
2315259851
2415476246
2269463551
2423502268
2258761969
2241200642
2201814841
2226392491
2295251457
2632462721
2243859104
2252958635
2258983908
2276760359
2268789462
2289664687
2172403866
2189382462
2215841042
2262323303
2185337447
2187895259
2208338656
2210619787
2233121458
2276099816
2194716544
2230065653
2225240816
2240973097
2394783058
2289916327
2268823626
2250227784
2244639473
2276657718
2401593032
2271593096
2236475353
2255240609
2295657517
2259034100
2225142594
2236396417
2254631048
2230831482
2289185053
2311715420
2218391185
2224273866
2225842913
2367000106
2242496668
2246345043
2236758247
2229183897
2237509256
2369888455
2281914582
2231353108
2246297599
2202222015
2221561382
2216201774
2193075136
2250503689
2201171270
2246794602
2282191919
2246368581
2211703355
2209339930
2218073090
2379711484
2234521953
2215193756
2236462750
2232797674
2239573077
2441746321
2273580044
2353895021
2266306368
2315230835
2299592560
2258891184
2260613131
2220683401
2245786245
2284481737
2301342408
2285531590
2261893271
