1588837222080466312
1588837223737290908
1588837225371394146
1588837226829595054
1588837228637582345
1588837230426279430
11588696338
11537840058
11350640213
11209578003
11340296481
11124140870
11076509139
11219436670
11200428171
11527416981
11590523406
11844746623
12044994920
12004906543
11902505770
11591486235
11382729571
11353522936
11082945877
11062026213
10929050420
10861277051
11097736154
11051744500
11123263546
11309989371
11105501592
11180495648
11260707276
11244109496
11390271802
11499642921
11291906756
11191492095
11130037185
11169411134
11209825152
11192566288
11242624924
11344693342
11574455723
11684200594
11560008035
11525998253
11472712891
11456233642
11348735213
11184757633
11228542710
11459625092
11536851056
11598753742
11752540960
11747807434
11835397655
11785181989
11590074082
11665541209
11562791666
11541035724
11767700928
11853759357
11878522931
12004297083
11956634266
11858510644
11868669508
11743832852
11627384416
11669360218
11728869367
11717590726
11862821652
11779134769
11758299045
11755568989
11732695470
11568829227
11347718040
11325575939
11318442040
11440710367
11637803205
11692654611
11750286183
11900364532
11990012711
11838055034
11954439552
11999910687
11907586763
11964639705
12029482293
12025473896
1588838460862226310
1588838462212940064
1588838463360272146
1588838464693522201
1588838466053409032
1588838467697594212
9799128527
9928938072
9952195996
10330015711
10672069617
10581149612
10284858381
10276665881
