2270415429
1973151228
1867028547
1875411368
1896747667
1801549956
1888784671
1770378300
1810923141
1854742684
1853845335
1812598926
1802897717
1800581332
1842182861
1802062514
1773568014
1833702872
1808246478
1802145876
1792880766
1841492221
1803744560
1828779097
1786096226
1792138551
1817085773
1800794910
1797736292
1804268129
1771470456
1828429895
1758363135
1769327928
1779933586
1824650636
1804506122
1809011801
1799316411
1790103611
1809753517
1776152859
1772640755
1788334615
1791351600
1830689269
1784889250
1797075082
1796237532
1765849889
1789037937
1795969094
1796882659
1778010240
1786432867
1774648697
1796982465
1745626264
1811173574
1760496888
1798488443
1800126795
1846113611
1765394557
1811421890
1760457565
1823879728
1790811826
1777229776
1763002197
1772206682
1880920886
1770814356
1751097047
1763588189
1784730321
1753758154
1799125174
1780072982
1751425838
1757426652
1769184585
1791306693
1769729590
1760294246
1791411472
1793263427
1799090179
1775174339
1772721298
1761021444
1793251802
1840609359
1758991522
1786774982
1796424256
1782963728
1763601737
1776609865
1790050811
