1588837390629496623
1588837392015475369
1588837393761863336
1588837395493838658
1588837397106126587
1588837398947715108
11531977567
11636704977
12020929496
11921025691
11954755248
12059466429
11686341048
11624680287
11627690936
11370564525
11436759037
11385379862
11367830986
11518709424
11559029888
11444295262
11492053097
11372834593
11329211859
11218397469
11347198991
11383696826
11345795806
11476439767
11409326310
11390977475
11471943894
11522547492
11547843768
11429423349
11416385178
11571285395
11631593831
11703878399
11642343447
11567750746
11628641023
11570087173
11541395895
11482794363
11462791721
11309596575
11262268729
11174822119
11309680062
11475131340
11392451610
11433222286
11532482222
11722633788
12004077612
11922389197
11825131842
11819940245
11812635061
11739641174
11722424121
11548794684
11461644790
11601640071
11581033877
11564915641
11578841925
11517872575
11529739360
11662233558
11486382229
11559182623
11565652352
11586070815
11640746106
11666979538
11514306850
11636994048
11679291850
11756088714
11743909257
11790291111
11758441849
11923570753
11918701397
11991156977
11924598879
11928137822
11883053523
11958035516
11855696637
11844573451
11760885050
11739619497
11768378372
11671929988
11707980404
11763758701
