1588837975722324705
1588837978103405949
1588837980460165148
1588837982788598164
1588837985162573104
1588837987551560793
1588837989944570776
1588837992469363492
1588837994986051713
1588837997529045520
1588837999920034011
1588838002373954164
1588838004870471436
33869282032
33967091928
34177389248
34525251108
34871006228
35266523577
35613549948
35798873382
35810553614
35947578883
36072485236
36267163680
36363313429
36537735628
36742428737
36875519900
36969768086
36936277951
36971457731
36773951252
36585288357
36658186730
36715941305
36761860922
36801474215
37106011266
37333006406
37406330028
37618323790
37701936326
37915519685
38283841428
38418725810
38848218431
39384967813
39919131808
40506034810
40740264126
41145527591
41363879267
41570545182
41846144153
42034176458
42481407734
42744485095
42898843273
43485337280
43547152485
43795286237
43615982116
43694986415
43962466286
44222650965
44295582887
44613218802
44902461818
45149921451
45289696562
45337630590
45413007392
45289417403
45587386643
45641700621
46193233832
46403537226
46609909089
46608462854
46740906915
46853455040
46914056063
46899576446
47128311069
47237170205
47444749993
47643201439
47841852478
47893885983
47765158084
47782092073
48009054656
48191249009
48415464871
48745522724
49005093246
49336233053
49411837718
49772458514
