2455968579
2204251144
2120248544
2158803952
2068713558
2022258099
2069680761
2083079846
2057898677
2023697743
2019283838
2002475257
1995755272
1994256380
1956587908
1996960256
1976840827
1974725658
1964726328
2053596216
1980642516
1973441733
1996903730
1933724650
1981039378
1955306596
2040866474
1923578995
2026796753
1956940629
1972472247
1948555647
1948518551
1953511327
1977804363
1953070600
2022624195
1971637237
1973003179
1944551414
1965686041
1956879651
1981461033
2057003290
1923147319
1920198655
1949353090
1945267930
1948944789
1939129717
1917384323
1915564717
1933162515
1950002837
1971948658
1989197652
1972766921
1958701588
1950212448
1960807328
1956293447
1986984070
1976820041
2022573561
1978884172
1967803574
1956544865
1974625597
2071831246
1961824635
1940253535
1973748122
1963633883
1957593796
1935510766
2116102785
1981508683
2007646595
2012738437
1978148232
1950174672
1944789810
1950221363
1953647906
1983361643
1969474730
2000046300
1981730052
1994462922
1971960554
1951769850
1950902401
2097417013
1945764114
1922241992
1962692774
1934694379
1931998618
1938040919
1970137175
