5026901
2227255
2227817
2227177
2222357
2236746
2222261
2227939
1481580
1497560
1651955
1338772
1333411
1333350
1333410
1333371
1435246
1333397
1333352
1438871
1722017
1481499
1481548
1487187
1481524
1481500
1487881
1488190
1481499
1481528
1904838
1904831
1481522
1481548
1489894
1481500
1481595
1489708
1481564
1481567
1904834
1904850
1914760
1904834
1904800
1481567
1481548
1544497
1481522
1767769
1722372
1481525
1520584
1481542
1756028
1595056
1481642
1481521
1489128
1485800
1712831
1490175
1481564
1481502
1487924
1481569
1481586
1486040
1481669
1481508
1735308
1485835
1601939
1481534
1481516
1481521
1719284
1489770
1607164
1481560
1912443
1904821
1912526
1491523
1481568
1481518
1486366
1491173
1481548
1481565
1916378
1912506
1904837
1913377
1909817
1904890
1904812
1915477
1904797
1904857
1904835
1911846
1915601
1904814
1914672
1910336
1904842
1911344
1912553
1904814
1912139
1912846
1904821
1910496
1920869
1488555
1481524
1481594
1489786
1481523
1710355
1491153
1481589
1481506
1486787
1481518
1481518
1487453
1481522
1481594
1702489
1481568
1485830
1481542
1481546
1489557
1481525
1481636
1491957
1481588
1744363
1481534
1653511
1486085
1481502
1481545
1489695
1481500
1481553
1485915
1709818
1481501
1481521
1573676
1481548
1481623
1490046
1481555
1481562
1486876
1904857
1904825
1909826
1904819
1904788
1915158
1904814
1904871
1914512
1911896
1904835
1916249
1910410
1904924
1909889
1915057
1904851
1481568
1481501
1613805
1724364
1481523
1485752
1481553
1481523
1485990
1481641
1481502
1489991
1488052
1904909
1916350
1904862
1904814
1909951
1904836
1904814
1910324
1904864
1904808
1702669
1333418
1401385
1383898
1333416
1478396
1333418
1383271
1405865
1333356
1904841
1904815
1910048
1904857
1904812
1921233
1904812
1904821
1913136
1904818
1911961
1904817
1912468
1910005
1904816
1910760
1915046
1904813
1904870
1912920
1690197
1486707
1490615
1481517
1481593
1486294
1481506
1481556
1491557
1481508
1702394
1493189
1481518
1481548
1493777
1481527
1481518
1486425
1481504
1481699
1912945
1904804
1904785
1490270
1488484
1481529
1481547
1490208
1481524
1481567
1641593
1344827
1333375
1333420
1339704
1333368
1333369
1342364
1333446
1333356
1916894
1904813
1904821
1911920
1905011
1904808
1911066
1914872
1904787
1913881
1701164
1486584
1481520
1481522
1485926
1481500
1481546
1495763
1481528
1481500
1919528
1910311
1904813
1910187
1917419
1904793
1904820
1911322
1904812
1904817
1699423
1492622
1481534
1481564
1490270
1489828
1481570
1489075
1490149
1481538
1723155
1481534
1485910
1481525
1481520
1486228
1481522
1481628
1489626
1481519
1729849
1481517
1481525
1487288
1481571
1481501
1488170
1481525
1481517
1491015
1916373
1912515
1904816
1909260
1910100
1904816
1912855
1917406
1904922
1904855
1904846
1912217
1904786
1904873
1919806
1904785
1904861
1910694
1904813
1904853
1725356
1486333
1481532
1481544
1492857
1481520
1481604
1689112
1481517
1481547
4472821
2222251
2230702
2233255
2233657
2233175
2222291
2229463
2222260
2234960
1904912
1933980
1909976
1904799
1911411
1916731
1904793
1904799
1485591
1481510
1699600
1488354
1481502
1481513
1488449
1481502
1481510
1486662
1481510
1481521
1904906
1904801
1912898
1904817
1904797
1910772
1904796
1904813
1908649
1914749
1737073
1356503
1333355
1333370
1333349
1432085
1357298
1333372
1394268
1333372
1904917
1904834
1913416
1911785
1904817
1911803
1909820
1904817
1904797
1913939
1911308
1909327
1904817
1908778
1914755
1904813
1904800
1912241
1904787
1481528
1849822
1481534
1485529
1481521
1481500
1488829
1481501
1481500
1488593
1489877
1728231
1913535
1904795
1904817
1909389
1914335
1904816
1915691
1908619
1904814
1696642
1489462
1481505
1481528
1489507
1481507
1481527
1488358
1481502
1481502
1911425
1913641
1904817
1904808
1912693
1904814
1904817
1908733
1904817
1904793
1703435
1481523
1637099
1486794
1481522
1481524
1484828
1481524
1481520
1488805
1916171
1909297
1904816
1917571
1908772
1904808
1910388
1917352
1910925
1904819
1731386
1481518
1481501
1491186
1481518
1481506
1487677
1481528
1481518
1481512
1709489
1489839
1481522
1481524
1485134
1489077
1481501
1481528
1490875
1481525
1905312
2567318
1910924
1481524
1488753
1481517
1481500
1487799
1481522
1656542
1712937
1481510
1481522
1486893
1481521
1481524
1488629
1481518
1333366
1333368
1911472
1913108
1904787
1904787
1909895
1912121
1904784
1914849
1916077
1904809
1915342
1908723
1904812
1904811
1908601
1915745
1904796
1914746
1481517
1481500
1904934
1910258
1904809
1904796
1914135
1904808
1904800
1909115
1904811
1481522
1905084
1481528
1489039
1481520
1481500
1488124
1333373
1339648
1333351
1333350
1712577
1491767
1481518
1481521
1489413
1481520
1481518
1488837
1481520
1481520
1916160
1904823
1904817
1912110
1904817
1904810
1910268
1481518
1753718
1481513
1694030
1481527
1481525
1629987
1761598
1663953
1488968
1481507
1481520
1620781
1712460
1489830
1481522
1481512
1490025
1915054
1904786
1488064
1481529
1481524
1679681
1489984
1481521
1481531
1481523
1489968
1481520
1481521
1488889
1481507
1701876
1416325
1377730
1333369
1473285
1333369
1343856
1333371
1417494
1371959
1904816
1904825
1909107
1904810
1904819
1916231
1904815
1904815
1640758
1481524
1904848
1913326
1904824
1904820
1915957
1909522
1904817
1913005
1909670
1904817
1904850
1913611
1904821
1904808
1481508
1488928
1481524
1481518
1489226
1481525
1904869
1904817
1914207
1904821
1904821
1909851
1904792
1904817
1912906
1904799
1702987
1489867
1481518
1481525
1485688
1481504
1481524
1490495
1481505
1481504
1687491
1344441
1333353
1333350
1340738
1333371
1333390
1338219
1333372
1333369
1644140
1345676
1333372
1333368
1341216
1333358
1481523
1481520
1488903
1481509
1904850
1911183
1909591
1568999
1490436
1488415
1333367
1333372
1338377
1399968
1904958
1904822
1909147
1333372
1471847
1333371
1339982
1333372
1333372
1475657
1915629
1904812
1904808
1912107
1904808
1904813
1908665
1916588
1904817
1917296
1693125
1481529
1481511
1485621
1481520
1481519
1488945
1481522
1481524
1702639
1915882
1904815
1916319
1481504
1481501
1490152
1485673
1481519
1481510
1488697
1905031
1912753
1904788
1904812
1916633
1904808
1904787
1912305
1910666
1904808
1912003
1904822
1904816
1910786
1904786
1904817
1915963
1904816
1904814
1911867
1916237
2318470
1905008
1904819
1912322
1904814
1481509
1481518
1481522
1485955
1905010
1909134
1916757
1904807
1916261
1908771
1904823
1904820
1908976
1904817
1696960
1481517
1488310
1481501
1481522
1485241
1481500
1481501
1489632
1723081
1912130
1481527
1481525
1481519
1487841
1481501
1481524
1485774
1481518
1481526
1678289
1487225
1481528
1481510
1796983
1486326
1481520
1481510
1502797
1388754
1693709
1333375
1337027
1333373
1399917
1382552
1333368
1340215
1333373
1421295
1727574
2500077
1333369
1461106
1333368
1337004
1333364
1333374
1338413
1333367
1915976
1909075
1904816
1904818
1909247
1904799
1904808
1915054
1904816
1640555
1912081
1904808
1904821
1916638
1904786
1904821
1909964
1911861
1801171
1490183
1904901
1913494
1904787
1904819
1912367
1904787
1904813
1915152
1908512
1904786
1905003
1904817
1908826
1904812
1904816
1913146
1904828
1904787
1922379
1488325
1728212
1481528
1639768
1753507
1488358
1530208
1481510
1481528
1490064
1485335
1864191
1333376
1333367
1337779
1333369
1333372
1339937
1333371
1333370
1336834
1904896
1904825
1916562
1904807
1904817
1908968
1904786
1904817
1754738
1481518
1911500
1904822
1904814
1909152
1904809
1904793
1913083
1904817
1904800
1909150
1904925
1911064
1913413
1904802
1914659
1909164
1904800
1904795
1908654
1904817
1713015
1481502
1481520
1486126
1486359
1481501
1488135
1486348
1481520
1481500
1713233
1408521
1333372
1473232
1333350
1340131
1387610
1333351
1467524
1333371
1767263
1333378
1333372
1341501
1333369
1380535
1403044
1333373
1336814
1333369
1722553
1490654
1481521
1481502
1489458
1481529
1481524
1485203
1486393
1481523
1702497
1618241
1488496
1688017
1556838
1481522
1481501
1554698
1682552
1488937
1904807
1908312
1904784
1904786
1914221
1915408
1904809
1916582
1909116
1904816
1635445
1333373
1471028
1333367
1418679
1365257
1333356
1333368
1333370
1443997
