1481685
1763791
1481506
1666699
1481727
1669942
1481736
1481797
1764440
1354339
1711299
1497407
1481622
1489639
1497587
1481624
1481667
1635912
1429044
1333528
1904977
1920628
1905090
1905057
1904910
1915204
1333684
1347645
1437782
1333656
1649294
1497888
1481862
1481846
1482026
1497109
1481870
1571152
1375817
1349180
1693569
1481664
1481809
1517587
1488617
1481630
1481665
1918530
1487188
1339814
1917856
1922509
1904984
1905017
1912477
1905022
1905072
1384318
1333539
1481862
1668160
1481742
1481714
1488458
1495265
1495352
1481736
1523541
1732966
1333522
1918519
1904934
1488033
1481695
1481623
1481640
1487294
1449111
1333527
1481802
1734598
1488707
1481704
1481806
1482159
1487437
1481806
1785763
1481679
1333586
1904992
1905018
1918996
1912000
1917830
1905275
1923971
1826812
1496781
1345642
1692281
1481735
1497269
1481766
1481693
1481685
1503954
1471128
1447836
1431860
1916521
1904989
1915526
1911187
1916977
1904976
1905088
1481959
1482741
1497576
1923060
1905023
1911480
1905019
1920874
1905003
1912680
1333534
1333557
1348638
1690326
1497841
1481963
1481861
1481680
1496619
1481831
1813079
1365751
1333582
1718725
1481717
1481848
1513183
1497432
1481828
1481870
1596788
1357036
1360326
1584742
1333595
1333594
1333619
1333538
1333502
1333847
1333555
1407198
1333695
1923754
1912023
1905222
1905026
1923488
1904992
1904972
1944477
1481683
1481953
1583832
1481716
1358600
1348141
1333517
1333469
1341280
1721092
1481819
1333693
1904970
1905158
1481767
1498489
1488621
1494151
1481834
1482252
1481685
1333554
1905563
1921104
1905027
1481666
1481687
1481811
1500430
1606778
1333851
1333572
1906033
1914157
1905129
1905025
1924058
1904976
1905099
1517449
1491356
1912533
1905839
1912082
1905137
1905116
1904911
1481787
1540458
1529204
1482042
1481954
1917890
1913950
1905094
1905309
1916029
1905068
1904991
1715908
1395993
1333582
1681340
1497946
1481721
1489258
1495853
1497389
1482086
1843374
1481751
1356015
1681605
1481719
1481609
1488724
1495731
1481680
1481890
1407981
1333921
1333587
1904971
1916184
1905020
1905133
1912381
1905086
1905131
1799448
1333526
1771768
1676295
1481727
1486574
1379055
1398102
1338986
1338476
1695427
1386246
1333576
1716704
1481780
1493785
1481721
1481708
1732224
1707575
1905293
1904972
1339634
1916667
1913659
1905084
1905105
1916012
1905016
1905037
1906784
1408605
1432453
1906047
1910213
1904976
1911866
1904907
1920032
1481666
1767614
1481873
1338534
1727314
1489680
1481849
1489296
1481684
1493440
1510563
1787163
1578395
1333584
1713259
1481681
1481600
1496570
1481774
1777274
1487733
1568156
1705601
1333672
1923129
1904967
1916589
1912039
1905179
1916459
1929637
1793659
1493357
1416281
1917075
1914423
1481735
1488966
1495938
1498729
1481716
1502032
1726170
1350032
1916440
1904965
1925638
1920808
1917537
1905146
1917289
1776885
1333456
1364303
1717653
1481726
1486836
1487603
1487533
1499731
1845421
1579629
1396803
1399051
1627043
1516546
1495584
1481829
1481727
1495241
1481888
1481680
1345976
1333591
1717796
1481677
1778722
1481732
1687310
1481812
1771015
1844991
1333696
1427841
1654279
1481683
1481693
1611429
1481734
1651871
1481728
1851045
1778133
1333590
1905511
1905090
1915534
1912646
1925813
1904916
1916562
1481747
1481684
1481722
1654736
1481735
1481725
1511088
1489390
1481744
1481732
1747962
1915219
1341811
1915780
1905006
1915451
1905030
1916807
1905038
1919522
1481677
1333527
1333594
1926322
1905005
1913549
1938431
1913621
1904994
1920172
1541089
1481705
1912749
1904966
1905011
1917325
1913080
1904908
1919127
1333837
1728239
1333599
1469863
1925584
1904948
1911125
1905195
1918007
1905214
1905122
1912684
1333533
1905034
1809068
1489880
1481735
1499830
1489601
1482012
1482227
1901489
1492998
1346126
1680242
1482019
1489301
1481873
1481690
1703874
1481753
1675967
1342365
1333594
1905103
1913393
1905028
1905129
1904988
1923210
1923259
1764817
1350145
1494229
1657957
1481924
1481797
1518723
1489406
1481717
1481851
1905114
1489545
1333529
1905488
1904981
1923258
1911145
1904941
1912046
1920675
1481809
1333626
1654307
1905018
1911393
1905025
1905150
1904973
1920947
1921401
1924912
1481680
1481783
1916044
1921167
1904976
1905003
1911089
1904991
1544732
1333569
1489757
1358347
1905031
1905015
1917167
1933708
1357837
1340634
1333688
1333529
1341581
1343853
1825682
1584489
1592531
1481851
1652389
1481698
1770601
1481680
1481788
1333591
1688085
1481729
1481621
1551653
1489782
1481657
1482021
1481873
1678355
1340520
1703148
1481725
1481729
1493199
1486736
1481626
1481734
1481681
1646440
1333586
1616771
1333572
1333527
1333503
1333505
1386396
1363236
1333570
1743333
1333585
1905286
1905051
1920279
1919088
1916289
1905018
1905031
1347716
1445646
1346882
1666250
1481678
1481780
1518856
1489610
1481756
1481759
1903336
1490302
1340595
1905628
1916997
1905050
1916974
1905302
1922733
1925426
1847020
1491166
1488319
1686241
1498137
1481857
1487871
1495563
1481682
1481833
1905133
1481728
1481844
1923703
1904962
1916673
1913853
1925402
1905013
1905000
1488336
1493051
1333634
1665149
1333543
1440142
1388165
1338846
1391656
1401609
1333539
1440694
1495794
1700146
1481720
1333564
1333688
1465172
1481620
1481737
1778034
1490055
1481669
1916486
1913199
1905053
1905085
1905007
1924282
1905192
1517732
1482073
1481957
1657525
1481738
1481788
1481740
1489039
1481848
1526468
1918448
1481618
1495562
1660788
1497033
1481710
1481803
1481621
1495727
1482032
1915810
1777561
1333693
1678058
1494749
1481761
1488621
1481706
1492254
1481964
1943578
1674053
1333584
1915330
1921594
1904973
1905570
1916259
1905039
1905069
1481707
1333527
1392431
1905354
1935582
1904980
1904965
1905009
1904914
1481719
1428541
1333536
1704920
1917578
1905003
1915551
1905018
1917840
1905070
1333716
1643696
1478415
1348612
1698642
1487717
1487037
1481836
1481677
1481682
1481866
1333563
1490304
1333541
1672366
1481679
1493988
1481742
1481617
1481616
1766428
1761855
1868682
1696519
1918243
1630759
1481679
1481790
1481770
1487932
1418713
1333531
1493505
1496382
1723431
1481683
1489211
1481796
1613746
1481785
1481681
1954676
1450929
1333594
1725329
1488035
1481687
1481756
1481705
1489305
1481816
1551508
1491321
1433871
1772877
1551886
1488398
1481767
1481688
1481757
1515902
1847397
1527438
1333577
1699862
1482083
1481874
1489855
1489995
1481734
1490214
1774171
1489733
1333532
1922756
1914241
1905022
1905035
1923260
1904976
1914600
1463252
1333601
1344955
1904970
1921427
1905049
1905018
1905033
1905187
1905233
1943484
1556575
1481857
1916551
1905008
1920181
1944996
1913418
1905012
1905382
1638374
1376225
1915068
1720605
1481732
1481680
1481732
1481700
1481838
1508608
1481799
1333640
1333632
1907000
1920636
1905077
1905067
1904957
1905072
1905019
1492023
1481732
1481792
1905497
1910890
1904999
1904950
1481659
1481547
1488279
1374612
1771031
1355246
1720526
1667500
1481618
1772947
1702939
1481686
1503326
1776698
1656951
1338041
1917096
1905006
1921742
1919130
1917451
1904888
1905014
1481685
1658616
1827368
1916230
1904997
1914823
1905126
1492669
1481624
1489593
1492785
1906046
1333789
1661283
1481730
1481705
1535980
1497856
1481733
1482014
1488054
1333469
1333582
1916621
1905093
1914407
1905251
1916237
1905099
1905228
1934338
1481939
1333573
1906084
1910385
1905308
1917759
1904954
1929035
1917979
1652421
1492355
1340305
1916129
1905108
1914471
1911296
1916768
1904913
1905117
1616038
1346288
1333694
1905295
1911498
1905115
1925536
1905053
1912170
1911427
1434493
1333529
1916354
1905455
1481681
1496372
1481754
1481799
1481736
1513221
1850681
1333528
1333533
1905533
1905022
1915632
1910395
1904977
1914549
1916775
1669764
1481785
1905055
1906027
1918764
1905129
1917492
1481679
1761548
1481667
1758610
1438460
1333591
1915177
1913811
1905076
1904943
1904909
1905038
1905076
1481737
1481672
1482186
1680893
1764844
1481721
1489893
1489039
1493739
1481821
1911445
1820202
1449521
1905039
1913975
1905091
1913385
1904974
1922548
1923259
1333527
1497801
1349630
1666524
1481712
1487777
1481728
1481739
1481727
1520026
1502603
1515216
1339274
1905347
1913698
1905074
1905196
1904915
1904915
1905111
1347804
1369756
1905234
