4890663
2234501
2226458
2226789
2222300
2228804
2222301
2236281
2222303
1333381
1658307
1333432
1476438
1333380
1418314
1362223
1333380
1441510
1333463
1415099
1710737
1481533
1484557
1481533
1481534
1488602
1481533
1481530
1484915
1481533
1916797
1908440
1904870
1908137
1911645
1904827
1911507
1915527
1481534
1481533
1727216
1481534
1333378
1342024
1333380
1333379
1339921
1333380
1333380
1339532
1655988
1442499
1333383
1425407
1360312
1333381
1333380
1333380
1407531
1375227
1703437
1481532
1488454
1489488
1481532
1486642
1487223
1481532
1481532
1486213
1734358
1481533
1481536
1491465
1481532
1481534
1485770
1481532
1481535
1485458
1913197
1904828
1904826
1908634
1904827
1904827
1914547
1904827
1904829
1908454
1747704
1481565
1481533
1484220
1491228
1481533
1486887
1484153
1481532
1481532
1654307
1342708
1333382
1333380
1333380
1337743
1333380
1333380
1341140
1333382
1726220
1477487
1333378
1382772
1399772
1333380
1471651
1333379
1338947
1333381
1719143
1333379
1339091
1333379
1333380
1444560
1333379
1336005
1333380
1333381
1904845
1586577
1481533
1484497
1581700
1481534
1481530
1734652
1764333
1484637
1647626
1338243
1333410
1333381
1338726
1333380
1333379
1333380
1336166
1333381
1733276
1481532
1481532
1544901
1657853
1488007
1679416
1565645
1481533
1481533
1915292
1333379
1407580
1357560
1333381
1425610
1333380
1339282
1333380
1366162
1481584
1496181
1487856
1481534
1481533
1488893
1481532
1481533
1488074
1481532
1604808
1333381
1333380
1338213
1333378
1349654
1339288
1333380
1333380
1339588
1729799
1333379
1341776
1333380
1333380
1338949
1333379
1333379
1337369
1333380
1914471
1904828
1904831
1917573
1908590
1563781
1481532
1481532
1573778
1481533
1717614
1594156
1481534
1729352
1607840
1481533
1904830
1913302
1908360
1904831
1627988
1489098
1489456
1481532
1481534
1487524
1481535
1481532
1484482
1481535
1652491
1333381
1333379
1336832
1333378
1333379
1336523
1333380
1333380
1339094
1685753
1481533
1481533
1487839
1481534
1481535
1485634
1481534
1481529
1484293
1779129
1484819
1548583
1481532
1481535
1481536
1481534
1481532
1763880
1754163
1904944
1910685
1913108
1904828
1914555
1908974
1904830
1909129
1910392
1904827
1481691
1365218
1413759
1333380
1448515
1333379
1373963
1333380
1333376
1460933
1696568
1481534
1485543
1481532
1481534
1494486
1481534
1481533
1487917
1488923
1646805
1333380
1356101
1336030
1333379
1333380
1339552
1333381
1333380
1340414
1904866
1910180
1908359
1904829
1909266
1912257
1904828
1904829
1908304
1904827
1449495
1473507
1333380
1337002
1333378
1333380
1343183
1333379
1408763
1376070
1481561
1486615
1490080
1481532
1481532
1484303
1481533
1481534
1487795
1481533
1443590
1454164
1333379
1337083
1333380
1333381
1477911
1333381
1399450
1377446
1441416
1340494
1333384
1333378
1341101
1333380
1333379
1336822
1333379
1333378
1481551
1481532
1481533
1487737
1481531
1481534
1487997
1481532
1481533
1481532
1437670
1333375
1342254
1333379
1333379
1337430
1333378
1333379
1339681
1333380
1916734
1904829
1904830
1908143
1904828
1904829
1908506
1904829
1904828
1912358
1689098
1481534
1481535
1488899
1481533
1481533
1488263
1481533
1481533
1484819
1628992
1333378
1342345
1333380
1333380
1339608
1333379
1333379
1336030
1333380
1567832
1481531
1481562
1628778
1403300
1384226
1333382
1337159
1333383
1342508
1594042
1342577
1333380
1333380
1336182
1333382
1333378
1339630
1333379
1333381
2222432
1420048
1349312
1382240
1386391
1350451
1438050
1333380
1339045
1333380
1685330
1484672
1481533
1481534
1487792
1481534
1481533
1485697
1481533
1481537
1492654
1481533
1481533
1484543
1481534
1481533
1481533
1487723
1568354
1481532
1439055
1333384
1337038
1333380
1333379
1337159
1333381
1333379
1338947
1333380
2231434
2222300
2236984
2222301
1481535
1481534
1485962
1487863
1481533
1481534
1912792
1904865
1904833
1910916
1904826
1904830
1912091
1909584
1904828
1910026
1693928
1762519
1605145
1481532
1481533
1481535
1623936
1484674
1487395
1555061
1637399
1659770
1481535
1587479
1720272
1763351
1689211
1550551
1481535
1481534
1622274
1481533
1486005
1481534
1481533
1488723
1481537
1394308
1487640
1481528
1904888
1904866
1912506
1904829
1904827
1908172
1909662
1904829
1912006
1919008
1481544
1481537
1488849
1486821
1481530
1481532
1487995
1481533
1481534
1488300
1481570
1489451
1481533
1481534
1489607
1481533
1481533
1488330
1481533
1481534
1532394
1363590
1333381
1436426
1333380
1442022
1333379
1339149
1333380
1333381
1734106
1481533
1481553
1487682
1481532
1481531
1485810
1481530
1481530
1487535
1453091
1333379
1476483
1333380
1422938
1333379
1374573
1408685
1333379
1453664
1713653
1481534
1703450
1753800
1487362
1484709
1481533
1481533
1566370
1481533
1904946
1913883
1908228
1904831
1908410
1909607
1904828
1910165
1912239
1904829
1489404
1481534
1622593
1481533
1481532
1481535
1489939
1481533
1481532
1486205
1492795
1481532
1481533
1486219
1481532
1481538
1485727
1481533
1481533
1484322
1453758
1333413
1333380
1333379
1338641
1333379
1333380
1335984
1333379
1333378
1493143
1486776
1481567
1481568
1487418
1481533
1481533
1761970
1490128
1481534
1913005
1481566
1529180
1660239
1487604
1640081
1485677
1481533
1481535
1616134
1904839
1531092
1671243
1544196
1481532
1481532
1481532
1481534
1740392
1753601
1904874
1904833
1911302
1908273
1904977
1908377
1481534
1768638
1754449
1484582
1912316
1908430
1904833
1908327
1913132
1904826
4011300
2222303
2231434
2222301
1481575
1488955
1485593
1481534
1481532
1486489
1481532
1481534
1487970
1481533
1447695
1341766
1333381
1333380
1333380
1341301
1366383
1333380
1335908
1333379
1450932
1333383
1333382
1337061
1333380
1333394
1339503
1333380
1333380
1341159
1647866
1333379
1471253
1333380
1339032
1333381
1333380
1456205
1485572
1481533
1911532
1904833
1904825
1904829
1908438
1904828
1904829
1915101
1910860
1904826
1706281
1487294
1487580
1481534
1484291
1485875
1481535
1481533
1484310
1481535
1911901
1904827
1904828
1908536
1913463
1904831
1913741
1908336
1904829
1904830
1904972
1910287
1904828
1904829
1912481
1904831
1904827
1911584
6232704
1904828
1904962
1904828
1908515
1913274
1904830
1481532
1481535
1779956
1753636
5159423
1786428
1481535
1481534
1481534
1700717
1753292
1487665
1481534
1481535
1481531
1905024
1914115
1909510
1904829
1904828
1908314
1904828
1904829
1914254
1904827
1670661
1481535
1481534
1486217
1487286
1481533
1481532
1590686
1481527
1481532
1488107
1373846
1333379
1431777
1333378
1339108
1333379
1354785
1425964
1333380
1804431
1481565
1481533
1487864
1481533
1481534
1484474
1481532
1481533
1481532
1654560
1481565
1593294
1481533
1728454
1603314
1481533
1481534
1481531
1481535
1663391
1481534
1484392
1481535
1481549
1484410
1481535
1481532
1488724
1484517
1915880
1904831
1904830
1908315
1910585
1904828
1904830
1908426
1481532
1582104
1724171
1481532
1481534
1484501
1481532
1481532
1481533
1484180
1481532
1481533
1915708
1909764
1904832
1909801
1908395
1904828
1904828
1912385
1904828
1904828
1688408
1481533
1488351
1481532
1481533
1485681
1481532
1481533
1488492
1481532
1481679
1481533
1484608
1481532
1481534
1484344
1481534
1481533
1487482
1481534
1481670
1754229
1710250
1487997
1481533
1481532
1481534
1632847
1484706
1484481
1706522
1494229
1481535
1481532
1485383
1481532
1481534
1481534
1487885
1481535
1913257
1488324
1481532
1481532
1488997
1481532
1481534
1487772
1481532
1481534
1646798
1333380
1340044
1333379
1333380
1335882
1333380
1333378
1337304
1333379
1912309
1908432
1904828
1904828
1912021
1909057
1904829
1908462
1909659
1904828
1911395
1481534
1481535
1487811
1481532
1481532
1485560
1487283
1481534
1670245
1530165
1481566
1481537
1481534
1481532
5540575
1487820
1503747
1481534
1481533
1481671
1481535
1487733
1481532
1481534
1484354
1481533
1481532
1489418
1481528
1905530
1912385
1908282
1904828
1908260
1904926
1904829
1481532
1481532
1484907
1756448
1488061
1515516
1481534
1481532
1566995
1481534
1763439
1635834
1481534
4749387
1439267
1333379
1336129
1333380
1333380
1333381
1333380
1450169
1333379
1905050
1614913
1481533
1481533
1488900
1484568
1481532
1481531
1487695
1481532
3271355
2222254
2231446
2222353
2228470
2222252
2228010
2222252
1370331
1341486
1705723
1481518
1487618
1481507
1481506
1484327
1481504
1481521
1488938
1650206
1703358
1493440
1489798
1481507
1731285
1333356
1340815
1333369
1333354
1336201
1712061
1488759
1481501
1481507
1484378
1481506
1481506
1488049
1481528
1481507
1904809
1904803
1909349
1904815
1904794
1908253
1904824
1904818
1913444
1904795
1904809
1481506
1481508
1488057
1481524
1481521
1488127
1481506
1481501
1488277
1721219
1481504
1488016
1481522
1481505
1488863
1481522
1481514
1486260
1333356
1654573
1333373
1340434
1333356
1333356
1333357
1335880
1333355
1333355
1474604
1654796
1333358
1333352
1341018
1333371
1333355
1337194
1337421
1333355
1333354
1731146
1492100
1481502
1481530
1487718
1481502
1481502
1484937
1481502
1481503
1904805
1904793
1909765
1904796
1904815
1912040
1913886
1904814
1914724
1481507
1650106
1333354
1333370
1341022
1333352
1333364
1339724
1333370
1333373
1336012
1751686
1486308
1481502
1481524
1488775
1481523
1481501
1488573
1481522
1481525
1744925
1484693
1481522
1481506
1487381
1481509
1671369
1484325
1481501
1481501
1904809
1668142
1491413
1481501
1515001
1481504
1767006
1696919
1484401
1481522
