3204095
2222448
2232395
2239595
2233461
2222294
2229063
2222560
2235309
1910624
1916514
1904792
1918840
1910972
1909683
1904813
1915888
1923881
1904801
1904789
1911905
1914849
1904808
1911473
1919376
1904790
1904928
1913606
1906295
1905641
1915463
1910781
1904817
1913077
1912365
4454840
2227907
2222264
2227933
2224840
1905170
1904836
1481558
1481547
1481500
1589771
1765143
1764400
1486804
1481560
1905005
1910574
1904826
1904821
1910484
1918220
1904817
1921858
1916993
1904838
1905383
1910526
1904819
1904894
1910827
1914668
1904979
1914608
1911473
1636383
1904967
1904822
1909123
1904816
1904932
1912899
1904815
1904847
1915602
1911487
1905526
1904846
1910475
1904789
1904874
1911188
1904847
1904876
1920371
1481527
1905154
1911385
1904817
1904789
1916735
1911577
1904856
1911669
1910823
1905462
1904837
1911382
1913421
1904816
1910092
1913999
1904816
1904868
1910240
1904792
1905139
1909360
1904854
1904820
1919224
1904826
1904789
1910353
1911631
1904820
1912585
1904817
1904828
1911445
1917849
1904825
1916665
1912135
1904825
1904817
1912798
1904815
1904992
1915300
1909735
1904789
1909347
1909781
1904808
1904866
1912942
1904816
1904789
1913517
1904817
1904824
1909045
1909283
1904817
1912891
1904959
1904814
1909227
1904805
1904799
1910282
1904799
1904907
1914348
1909788
1904958
1904793
1909734
1911130
1904815
1910140
1914142
1904802
1904820
1914110
1911815
1914290
1904814
1904823
1914402
1904815
1904892
1909926
1910045
1904815
1905103
1910522
1913943
1904827
1904880
1910607
1904819
1904883
1916354
1904794
1912567
1904791
1910146
1910611
1904810
1904816
1914227
1904828
1904892
1909452
1911999
1904814
1904959
1908782
1904820
1904821
1914206
1909914
1904818
1909601
1904956
1914561
1909552
1904833
1904981
1917018
1904817
1904827
1914459
1909926
1912442
1917732
1904829
1904817
1910971
1904820
1904908
1909431
1913865
1904789
1904845
1912051
1904828
1904895
1914512
1909725
1904791
1909573
1909354
1904820
1911878
1904817
1904900
1910244
1904829
1904790
1917737
1743212
1756582
1770974
1917720
1904790
1917116
1910099
1904820
1904894
1929162
1904838
1904816
1914397
1912405
1904892
1909143
1910271
1904789
1904816
1915615
1904827
1904817
1910199
1913142
1913604
1904805
1904815
1908248
1904817
1904829
1914126
1917778
1608979
1911513
1904867
1909349
1910291
1904898
1904788
1914488
1904946
1718489
1742372
1912284
1904820
1904870
1918416
1904820
1904790
1909613
1909880
1904792
1909654
1905003
1909598
1904840
1904867
1910592
1914037
1904908
1904823
1909591
1904820
1913031
1913663
1904816
1904802
1913295
1904820
1745740
1724774
1715298
1800405
1911938
1914311
1904911
1911711
1481524
1481512
1481517
1481526
1481523
1481524
1904979
1909580
1904824
1904944
1915353
1904816
1904816
1914681
1913740
1904828
1917664
1914811
1904898
1910792
1910895
1904817
1904815
1916512
1904831
1904815
1912319
1913559
1904892
1904834
1914598
1904789
1904790
1909812
1909275
1904816
1905033
1913787
1910603
1904894
1913652
1913955
1904816
1904804
1913760
1904815
1913251
1913426
1904898
1913780
1909053
1904822
1904896
1910558
1749346
1481537
1904981
1904896
1913769
1910249
1904820
1910624
1913469
1904815
1904816
1914545
1914904
1916011
1904790
1904811
1910842
1904789
1904815
1910438
1904873
1904867
1917452
1904817
1905098
1910813
1912469
1904894
1911513
1914032
1904816
1904854
1904838
1904899
1917440
1914150
1904831
1914922
1910667
1904789
1768086
1769964
1904953
1595615
1610719
1629281
1650830
1666251
1677677
1706119
1706149
1725214
1917514
1914970
1904815
1904816
1909849
2303831
1904817
1914360
1944774
1904816
1905128
1909733
1904813
1904836
1910035
1913996
1904817
1904829
1913848
1904820
1904977
1904890
1910320
1904881
1904812
1914504
1904790
1904824
1913111
1912838
1713730
1481563
1481565
1481535
1481502
1563112
1606933
1627607
1650046
1904878
1920853
1912794
1905024
1910955
1910861
1904830
1904817
1914597
1904789
1904834
1904957
1913983
1909313
1904902
1909797
1910452
1904820
1904861
1915021
1904820
1904966
1904814
1910558
1912866
1904816
1912979
1918125
1904815
1917095
1917745
1911835
1914463
1904815
1904813
1914713
1481524
1481585
1481530
1518620
1481584
1911534
1904812
1904963
1915034
1904868
1904791
1909953
1910150
1904906
1904816
1917957
1904820
1904815
1910160
1911824
1904820
1908885
1917355
1904829
1905326
1904958
1909866
1904794
1905027
1910763
1913896
1904972
1913748
1910261
1904788
1905111
1914862
1912444
1904896
1927556
1912758
1904815
1904914
1914387
1904831
1905073
1910589
1904846
1904789
1914350
1910664
1904939
1909392
1481523
1481569
1904990
1911220
1904825
1904907
1914436
1913610
1904894
1909321
1910480
1904789
1912057
1904794
1905051
1926262
1916407
1904826
1910107
1909553
1904817
1904815
1904853
1916742
1908954
1904894
1905112
1909800
1904818
1904933
1914547
1481523
1911747
1904820
1904788
1913616
1909717
1904820
1904973
1909942
1904827
1904854
1904953
1904793
1913589
1904831
1904790
1910373
1904817
1904866
1912685
1914408
1912273
1904816
1909946
1914713
1904816
1904815
1909983
1904860
1904788
1912704
1916435
1904816
1904982
1910605
1913494
1904833
1914259
1910436
1904821
1904820
1914670
1904815
1909733
1909852
1904855
1904816
1917567
1904815
1904883
1909517
1912551
1904817
1904907
1909297
1904815
1904817
1912718
1912128
1904820
1909228
1904783
1910938
1904815
1904856
1910218
1904816
1904816
1914774
1914091
1904816
1917907
1904789
1914416
1909440
1904789
1904815
1911623
1904912
1904817
1914493
6148215
1904827
1904969
1913479
1904898
1904791
1911235
1909675
1640221
1664038
1918106
1904824
1915189
1911247
1904827
1904837
1909776
1904790
1866683
1625582
1917266
1904865
1913554
1910802
1904815
1904897
1909853
1904889
1904817
1917953
1912282
1909424
1904805
1904829
1914124
1904817
1904892
1910641
1909830
1904897
1912052
1904814
1909826
1910448
1904821
1904789
1914436
1904820
1904813
1910091
1904950
2207488
1910070
1909467
1904790
1911666
1914348
1904790
1904788
1910307
1904957
1915717
1910179
1904835
1904816
1910849
1904789
1904824
1914303
1904815
1917666
1904826
1904835
1909621
1910408
1904824
1910247
1914558
1481523
1509379
1917347
1912501
1904789
1904827
1909331
1904815
1904817
1915387
1910577
1904820
1916047
1904816
1904815
1909335
1904815
1904895
1909840
1904871
1904819
1915150
1917235
1904816
1904888
1909394
1909469
1904840
1910708
1915391
1904814
1904816
1911653
1914392
1905048
1910346
1915102
1904788
1904791
1910483
1904827
1904816
1929180
1914476
1904817
1904885
1908824
1904815
1904895
1914435
1909695
1904815
1912813
1904792
1904977
1909969
1904803
2296531
1915667
1909417
1904894
1910434
1912777
1904823
1904817
1912739
1904815
1904914
1914135
1909650
1904791
1909604
1904966
1904816
1909640
1913574
1904906
1914899
1909698
1904897
1905342
1909271
1905106
1904815
1910036
1904830
1904867
1916458
1913886
1904841
1909410
1908809
1904952
1904825
1913930
1909736
1904803
1909448
1909551
1904793
1904882
1914991
1904824
1910466
1909102
1904896
1904791
1913336
1904815
1904815
1909953
1904815
1904951
1910683
1909808
1904816
1904956
1917726
1904853
1904821
1913546
1904899
1917485
1913015
1905053
1910902
1910213
1904860
1904816
1913668
1904814
1904877
1905099
1904972
1915412
1909518
1904902
1909478
1910026
1904828
1909744
1913188
1904971
1910729
1904815
1904982
1917612
1909377
1904833
1904828
1910665
1904815
1905202
1904815
1909222
1909821
1904820
1909505
1914089
1904833
1904789
1914778
1905011
1904790
1909329
1910152
1904892
1904792
1913851
1904789
1904817
1910179
1904992
1913858
1912808
1904830
1904815
1914055
1904815
1904819
1913414
1904819
1917885
1915732
1904892
1910232
1909168
1904892
1904815
1938240
1904817
1904845
1904968
1916579
1904827
1905027
1911728
1915058
1904879
1917440
1913899
1904814
1912079
1904816
1904817
1914689
1904828
1904819
1913894
1909913
1904893
1914969
1912176
1904817
1904894
1915210
1909647
1904816
1909712
1911714
1904802
1905315
1713531
1669924
1688253
1699490
1709088
1726313
1744035
1741213
1757814
1773381
1905002
1910539
1904826
1904868
1909260
1914022
1904908
1913784
1910022
1904815
1905123
1909419
1904820
1904824
1911639
1904818
1904825
1914251
1910837
1904819
