1333475
1333608
1333606
1333608
1333655
1333649
1333664
1333620
1333654
1333644
1428925
1333638
1333596
1333630
1333602
1333625
1333653
1472636
1333648
1333725
1428272
1348279
1333678
1333631
1333658
1333607
1333637
1333655
1339426
1333627
1434330
1333593
1340349
1334038
1346564
1333663
1338176
1333638
1390067
1333641
1419250
1333589
1333491
1333648
1333601
1333624
1333644
1704719
1341060
1337543
1422286
1333603
1333734
1333479
1333603
1333675
1333691
1342048
1338618
1337099
1450841
1346946
1337620
1333703
1333983
1333888
1343580
1341274
1333639
1339188
1481758
1481757
1481811
1382746
1334914
1333584
1477012
1333597
1333599
1333488
1429894
1333605
1333448
1344396
1333616
1342059
1333978
1333660
1333648
1333743
1427995
1333613
1333649
1333737
1333641
1333653
1333814
1333658
1333605
1333653
1431136
1358797
1333674
1333648
1333660
1333651
1333647
1552143
1333679
1333604
1477307
1333658
1342466
1333671
1345533
1333625
1338136
1372447
1386982
1480879
1488030
1333642
1333492
1345643
1333676
1333659
1333673
1340902
1342223
1342362
1439311
1340467
1333488
1333668
1333648
1333605
1341230
1434892
1333663
1333502
1497398
1481760
1489177
1333662
1346714
1333655
1333682
1333650
1333661
1333684
1419317
1333603
1333689
1333673
1333651
1333707
1333669
1333657
1333678
1333612
1433410
1490033
1339901
1333656
1343860
1333714
1344541
1373344
1333657
1333406
1386029
1342397
1338444
1333690
1333620
1333598
1342056
1339834
1333645
1333674
1502583
1333593
1333599
1480025
1333644
1481649
1333649
1333654
1333601
1333642
1418502
1333659
1340939
1333624
1341356
1342797
1408076
1333603
1333609
1333988
1442297
1490215
1481754
1481816
1503085
1481806
1489791
1333812
1333503
1333655
1435695
1341559
1333598
1481817
1481813
1481936
1481820
1742823
1333602
1333659
1481759
1481788
1481752
1481821
1481756
1481805
1481816
1494142
1494011
1481775
1441465
1349795
1341353
1333671
1333658
1333654
1341310
1333830
1333666
1333683
1481804
1481756
1481799
1481626
1481761
1481807
1338158
1333656
1333651
1497855
1448137
1333662
1333655
1344487
1343389
1340522
1333670
1698966
1342200
1333624
1441192
1333645
1333659
1333629
1333651
1333655
1333491
1333651
1342156
1333664
1416946
1333640
1333665
1333632
1333600
1333499
1333661
1333599
1333613
1333596
1376796
1333597
1333950
1348188
1363946
1333651
1333480
1418449
1341298
1333592
1429698
1343715
1344232
1333739
1333639
1333692
1336847
1349560
1333652
1345151
1431660
1333598
1341497
1333493
1343023
1333659
1333660
1334121
1341589
1333646
1492014
1333642
1333880
1341982
1333654
1333647
1333660
1333645
1333958
1333728
1438799
1342335
1339081
1333646
1333654
1333671
1340368
1333637
1333613
1333666
1429628
1333678
1343647
1333684
1338085
1333653
1341869
1344317
1345370
1427656
1418314
1348871
1339918
1333682
1333651
1333675
1341411
1333647
1333988
1333689
1417531
1333980
1336968
1333672
1342542
1333666
1342745
1340999
1333650
1333667
1491372
1481798
1492176
1485141
1481800
1487076
1493090
1333653
1333692
1333621
1439548
1346423
1333607
1333950
1333600
1333677
1333702
1333614
1333666
1333656
1447682
1333605
1341523
1333670
1333663
1333650
1440362
1333648
1333656
1333660
1407691
1345842
1333659
1333488
1333606
1333627
1333631
1455835
1333673
1333497
1460380
1368385
1333645
1345274
1333613
1342593
1333964
1341661
1341651
1342178
1402286
1342188
1333653
1333491
1333650
1333665
1336963
1388357
1333610
1333740
1437295
1333604
1477754
1379452
1425138
1481603
1333653
1333613
1333662
1333667
1436007
1333603
1333609
1451182
1333669
1333650
1333682
1333755
1333597
1333653
1435281
1333637
1333665
1333780
1343224
1342678
1333682
1333639
1333598
1333497
1434823
1333598
1333650
1340228
1333649
1338200
1333693
1334315
1346428
1333676
1440113
1333666
1333649
1344719
1333644
1339923
1333683
1333649
1350477
1333606
1512024
1333706
1333970
1443745
1334008
1333669
1333670
1468973
1333661
1333684
1432923
1347380
1347257
1333672
1333649
1333655
1338485
1333654
1333647
1333440
1491823
1481971
1495905
1501421
1481809
1495322
1489206
1449213
1344279
1341023
1449802
1333603
1338600
1333933
1338909
1340714
1333665
1737870
1338176
1333677
1739103
1482041
1333597
1333678
1333655
1333657
1333687
1489700
1481818
1334053
1434249
1333640
1333663
1346235
1333607
1333676
1333486
1333673
1333444
1333668
1481758
1481757
1481755
1481827
1481806
1481781
1481830
1346736
1343580
1349346
1444644
1333594
1333483
1340489
1333654
1338173
1333678
1333691
1333723
1333748
1430900
1349056
1333600
1333484
1333654
1333678
1340580
1333995
1333665
1333676
1446047
1333611
1333652
1347812
1333646
1340744
1333678
1340044
1338624
1345879
1423338
1333641
1344016
1333625
1338105
1333623
1340757
1408532
1347943
1347560
1429895
1341669
1333492
1333494
1333655
1333883
1333684
1333653
1333602
1333673
1439538
1333608
1338579
1333674
1348041
1333694
1353958
1340427
1336913
1355711
1429112
1333653
1333653
1333678
1333653
1333678
1333985
1333660
1341524
1333644
1481748
1333642
1333490
1346501
1333615
1340529
1333752
1340692
1338985
1344699
1410216
1333614
1333487
1333863
1333661
1503945
1333669
1333666
1333658
1333697
1481758
1481803
1481757
1481632
1481758
1481641
1482012
1341891
1349384
1333730
1438553
1333608
1333669
1333655
1333660
1333891
1333662
1333768
1333648
1449228
1481762
1481808
1481688
1481793
1481806
1481594
1481827
1481752
1495256
1481831
1481753
1496464
1481982
1482086
1487145
1481853
1481894
1492621
1481638
1481829
1635178
1333732
1333674
1345277
1333648
1333466
1333686
1333657
1333601
1333649
1481760
1481796
1481758
1481760
1481806
1481827
1481821
1481808
1481755
1496595
1443114
1333619
1333484
1333679
1349348
1344006
1333698
1342029
1333656
1339535
1428651
1342290
1343505
1333630
1339097
1333995
1339236
1369793
1333652
1333727
1423840
1333650
1333442
1343378
1353208
1337894
1333692
1342384
1333660
1351624
1608131
1698893
1388697
1344373
1333661
1333667
1333686
1333665
1340588
1333609
1449545
1333653
1333487
1341695
1333650
1343141
1333671
1333651
1341516
1333644
1481754
1482053
1481598
1487228
1481802
1486496
1481653
1478580
1353773
1347395
1413337
1333647
1333667
1333764
1333653
1333667
1333630
1333647
1333605
1333614
1481811
1489863
1481910
1481876
1490289
1482252
1481819
1481804
1481801
1333629
1440013
1333606
1338801
1333679
1348454
1340722
1333659
1342445
1342011
1348294
1495265
1481815
1493259
1485421
1481753
1489389
1492843
1481996
1333610
1333643
1434460
1333610
1333492
1336793
1333653
1333712
1333681
1498968
1333605
1333682
1438824
1349412
1337772
1333907
1333649
1333645
1353891
1355734
1338092
1344982
1437485
1333643
1333648
1333989
1346122
1343142
1333663
1341142
1333654
1338722
1438709
1340653
1333616
1333667
1333616
1333628
1333625
1333656
1333648
1333678
1416815
1333606
1333656
1333716
1341141
1333641
1333658
1632874
1333597
1333654
1492258
1482066
1488324
1491407
1485213
1486282
1489376
1488486
1491859
1481816
1395636
1333652
1333653
1346403
1333646
1333674
1333671
1358678
1333668
1481818
1418486
1333646
1341337
1333666
1343237
1342523
1333676
1333600
1333670
1333657
1456477
1333640
1344456
1333686
1340695
1336707
1333923
1347096
1343415
1348472
1612262
1333605
1333657
1333612
1333661
1333661
1333601
1333602
1333605
1333628
1418283
1346095
1333657
1333980
1333606
1333601
1336718
1333669
1333602
1333643
1438639
1333604
1338652
1333685
1341289
1333671
1333659
1338365
1340246
1340507
1463625
1333644
1333603
1346031
1333608
1337650
1333674
1341795
1338811
1347762
1425223
1341461
1338120
1333836
1333658
1333653
1341337
1340506
1333655
1347019
1487726
1333651
1333489
1333669
1350901
1336611
1333684
1346972
1333612
1353011
1445485
1342457
1342673
1333488
1337105
1333619
1337875
1333661
1333605
1333646
1544021
1333661
1333605
1337547
1333653
1339300
1333674
1333665
1333655
1333653
1442684
1333639
1333654
1343497
1333605
1333751
1333738
1333677
1341526
1340362
1461720
1333651
1333494
1333912
1348743
1340508
1333624
1341082
1337157
1333677
1426729
1333642
1333608
1342537
1333659
1333716
1333653
1333639
1340857
1333681
1481752
1551860
1481758
1333646
1333648
1334016
1356777
1333755
1333701
1333604
