3069949
2222252
2231645
2222543
2228968
2222254
2227290
2222257
2232328
2226149
1913270
1531123
1481501
1481499
1531411
1737744
1488945
1598741
1481550
1481548
1904806
1909768
1914394
1904886
1913533
1908876
1904869
1758092
1489818
1481499
1904837
1909389
1909710
1904874
1904813
1914968
1904814
1904836
1911813
1904788
1724191
1481563
1724333
1488877
1481563
1481608
1565529
1481875
1760196
1566112
1912540
1761544
1766795
1755477
1752937
1750505
1741648
1731493
1734276
1727231
1904909
1913603
1909306
1904914
1904817
1910167
1904836
1904787
1917965
1904816
1708219
1481521
1549512
1481570
1760176
1598778
1333401
1452877
1333350
1466097
1735131
1481520
1481672
1493164
1488802
1481505
1481582
1489015
1333351
1410102
1904806
1904817
1913212
1904824
1904829
1909586
1904829
1679652
1904786
1909661
1724788
1481565
1766778
1485835
1568979
1481674
1481583
1481524
1721444
1731482
1844478
1627480
1485185
1481519
1481723
1675057
1485063
1660096
1485802
1481545
1912534
1912848
1904864
1909261
1914956
1904843
1904822
1910419
1904792
1904839
1864621
1481546
1481568
1481614
1680009
1333407
1431573
1333430
1459583
1333370
1717914
1495042
1680881
1485917
1481543
1532678
1481521
1768661
1485753
1481501
1919015
1904812
1904812
1909295
1904813
1904814
1909824
1904813
1904814
1913746
1930727
1679441
1669749
1670315
1659371
1658332
1649209
1639860
1632065
1629990
1715307
1487112
1481571
1481546
1486342
1481501
1481730
1489188
1481581
1481581
1917761
1904880
1913850
1909040
1904839
1909556
1909344
1904864
1904871
1914064
1714788
1481556
1605876
1481523
1737536
1526218
1481500
1481563
1569725
1481521
1904809
1916878
1904818
1904814
1914634
1910170
1904795
1910958
1917882
1904814
1904887
1904840
1481546
1485183
1481502
1481518
1492817
1481568
1481501
1490030
1904847
1909588
1909568
1904828
1904841
1914254
1904832
1904870
1910485
1904818
1714773
1486785
1704858
1489348
1481650
1481544
1417983
1333370
1455784
1333352
1899617
1551207
1481554
1481505
1536036
1753861
1488893
1586142
1481521
1481547
1843084
1628201
1493259
1481521
1481584
1448036
1333398
1493164
1333451
1492275
1912781
1716369
1488997
1621991
1481502
1481568
1481548
1676566
1485705
1666637
1912269
1538873
1521450
1481581
1481553
1481505
1481554
1481514
1481559
1481503
1708278
1677869
1701987
1710500
1712740
1726769
1751212
1740245
1761707
1761954
1904840
1904788
1909182
1914122
1904870
1914615
1910308
1904817
1488762
1491464
1821504
1801893
1805407
1808266
1806072
1796571
1813741
1763072
1485734
1570316
1912885
1904858
1904817
1913186
1904817
1904787
1909647
1904818
1904867
1910009
1710129
1481521
1481524
1481565
1481548
1481526
1481542
1499595
1532401
1565068
1912958
1913843
1904825
1904816
1914224
1904786
1904786
1909294
1909869
1904786
1770185
1703131
1485305
1481544
1481525
1595289
1481609
1742069
1485794
1481525
1854983
1621411
1481541
1481569
1481548
1670995
1485787
1668429
1485865
1481567
1781428
1393770
1356643
1388755
1390290
1353369
1423631
1405144
1378356
1363101
1725944
1481521
1530496
1548546
1578836
1606319
1623901
1639532
1678531
1675791
1704321
1486823
1489189
1481518
1485673
1486163
1481523
1481543
1488789
1481502
1904854
1904856
1481546
1481501
1486126
1481599
1481525
1490597
1485724
1481600
1713957
1481564
1481520
1481543
1481521
1481540
1481523
1481561
1481633
1481500
1904936
1904851
1913837
1904817
1904817
1911049
1904941
1904813
1911321
1917352
1904848
1904793
1913705
1904815
1904835
1910813
1911575
1904813
1914179
1919478
1711606
1683209
1694262
1700465
1727827
1721959
1727776
1750088
1756986
1763832
1904966
1909594
1904816
1904864
1915296
1910336
1904842
1914614
1909883
1904866
1715855
1490468
1481570
1481539
1484821
1481613
1481522
1489990
1486422
1481501
1912910
1904827
1904867
1909096
1912907
1904808
1909406
1913106
1904809
1913344
1867914
1621265
1618241
1615944
1605292
1481501
1481570
1481552
1481525
1759685
1919767
1904829
1913160
1909272
1904818
1904792
1910775
1904818
1904811
1914463
1819103
1586621
1589717
1574719
1569538
1567469
1551572
1545032
1542507
1525694
1659218
1453911
1333369
1420386
1368039
1380932
1398030
1333370
1429387
1333554
1912764
1904813
1904817
1914893
1904831
1904815
1910784
1904964
1904789
1913463
1716040
1481541
1481523
1481542
1481647
1516467
1543248
1574102
1601806
1611876
1729146
1488639
1481524
1481552
1485791
1481556
1481504
1494369
1481524
1481694
1904841
1904849
1909584
1904828
1904861
1909840
1904808
1739172
1758188
1752146
1853995
1598415
1594991
1583492
1578534
1577270
1561797
1555050
5472261
1528748
1744487
1481549
1481519
1485346
1491468
1481520
1769476
1484985
1481570
1481544
1912854
1904835
1909650
1909243
1904937
1904815
1915402
1904868
1904789
1910871
1717771
1481552
1765433
1485296
1481605
1481739
1489437
1481578
1481606
1488349
1727357
1481522
1481621
1485356
1481612
1481609
1491651
1481567
1481548
1488843
1911620
1489593
1481563
1481534
1481502
1489096
1481517
1481523
1488680
1481516
1725461
1486343
1481548
1481502
1485990
1481569
1481572
1494509
1486526
1481521
1719786
1481522
1485744
1481525
1481572
1490677
1481526
1481576
1485382
1481505
1904836
1913703
1904819
1904844
1909476
1904814
1904848
1911386
1915290
1904949
1912664
1716323
1715428
1704759
1707401
1708258
1693863
1682581
1679305
1665831
1842029
1481521
1481523
1481504
1481520
1481539
1481502
1481571
1481503
1481521
1799161
2353106
1481567
1481521
1781554
1489851
1481522
1486111
1481522
1481523
1724187
1481523
1481572
1481501
1481526
1640420
1800542
1764293
1488663
1481499
1713463
1481541
1481506
1503858
1481524
1795234
1638540
1488392
1481569
1481503
1721255
1481554
1481625
1481500
1481521
1481526
1481667
1481501
1481642
1481551
1919638
1904819
1912720
1908824
1904869
1904792
1910671
1486097
1569442
1481518
1917153
1775334
1772662
1762995
1754513
1751708
1742485
1730828
1730174
1717436
1917455
1904836
1904811
1909763
1904825
1904895
1910080
1904833
1904894
1913744
1916760
1673254
1663229
1491706
1481583
1481507
1488362
1481551
1481549
1485379
1912184
1917126
1904889
1904827
1909743
1904817
1904827
1909637
1904866
1904843
1904908
1904813
1915317
1904815
1904830
1909242
1904840
1904786
1915479
1911043
1904899
1909103
1909311
1904840
1910958
1915011
1904838
1904787
1909724
1904937
1719317
1481501
1481549
1485767
1488416
1481551
1481526
1485789
1481586
1481668
1904824
1626506
1481500
1481544
1481519
1679324
1488590
1654853
1485777
1481535
1714126
1481551
1485339
1481568
1481524
1489586
1481577
1481602
1486720
1481548
1870269
1627321
1616034
1764836
1770620
1761090
1750443
1745854
1731369
1721346
1916002
1638868
1630893
1631505
1616909
1606366
1601744
1481537
1481521
1481501
1714564
1487309
1481521
1481577
1570011
1481520
1481523
1488967
1481520
1481597
1920664
1767266
1768754
1755624
1742826
5312651
1628041
1481521
1481500
1481500
1806511
1668128
1485353
1481576
1522035
1594554
1481572
1735791
1486276
1481525
1912355
1904874
1904887
1559691
1481515
1481517
1536966
1768578
1489652
1579952
1917093
1913221
1904805
6211724
1913112
1904814
1904813
1909421
1904813
1904817
1722428
1481550
1481500
1481521
1481521
1481521
1481501
1481536
1766328
1485398
1904842
1620203
1485424
1703794
1485833
1481584
1481572
1503863
1481503
1761780
1716160
1481552
1485851
1486156
1481606
1481524
1485682
1481594
1481521
1489144
1917353
1904851
1904790
1909256
1908917
1904813
1909806
1913323
1904811
1904838
1883626
1812866
1801021
1798294
1801496
1801314
1801413
1817909
1799865
1801191
1917148
1912829
1904817
1904812
1908876
1904792
1904836
1914433
1904817
1904842
1728937
1348135
1760968
1488811
1481524
1481601
1521395
1481539
1414927
1367767
1916401
1913153
1904790
1909175
1909575
1904824
1910256
1915398
1904827
1904817
1715445
1487003
1485446
1481502
1481580
1486937
1481523
1481666
1488703
1481526
1911800
1481535
1485745
1481551
1481523
1490922
1481548
1904794
1910288
1904815
1860567
1481539
1481620
1481545
1668221
1764426
1658927
1485446
1481600
1481625
1726552
1512173
1548134
1564940
1646593
1757278
1682171
1556753
1481518
1481501
1707384
1542237
1560112
1585187
1610531
1627885
1641980
1670631
1481557
1760739
