2011305
1909405
1905447
1910583
1905125
1918331
1910548
1905841
1916422
1930188
1919685
1911778
1904975
1904946
1481558
1497263
1503710
1905119
1918833
1481866
1933157
1905116
1911550
1905081
1940488
1904939
2241985
2234146
2223185
2222646
1914532
1905171
1918850
1905054
1957732
1904790
1905139
1912661
2011883
1537363
1924016
1905290
1916982
1905116
1914321
1905432
2035071
1905447
1919075
1905344
1905043
1919450
1905042
1913420
1905051
1918573
1905121
1914350
1481833
1481757
1917633
1905074
1923388
1905047
1922785
1905251
1905095
1905791
1905207
1488596
1914745
1905266
1915124
1905048
1916078
1905172
1910515
1905321
1481952
2277054
1905058
1905127
1920628
1905220
1921646
1904818
1918896
1911728
1481734
1482629
1905052
1905042
1917621
1905176
1913145
1905042
1913155
1905276
1904878
1905077
1923081
1905049
1905193
1905095
1915986
1905047
1904964
1926136
1924148
1912599
1907261
1912776
1905131
1911631
1905432
1905224
1905077
1935953
1905354
1905246
1905125
1905101
1916831
1905045
1918357
1905076
1916273
1905065
1481734
1481881
1915195
1905144
1905138
1904944
1920646
1911266
1905085
1924670
1905074
1905120
1914828
1905084
1911857
1905082
1911335
1904971
2229161
2232248
2222284
1905321
1922785
1905040
1916118
1905079
1913125
1904947
1911710
1905572
1481825
1488662
1914965
1905166
1922161
1905041
1489536
1481836
1481798
1481828
1921646
1481860
1924883
1920070
1905205
1905120
1919117
1905059
1905267
1915659
1905415
1905085
1905196
1911697
1915644
1912401
1905405
1905054
1914593
1925328
1910124
1978798
1905038
1910704
1904899
1910239
1905118
1911431
2076412
1972430
1788592
1583031
1905078
1905063
1919547
1905104
1905105
1905127
1929671
1905667
1918850
1488501
1905507
1911678
1905034
1924933
1905060
1910725
1905198
1948040
1905057
1911590
1905418
1905273
1921436
1905580
1922600
1905044
1921718
1905529
1911538
1905119
1915139
1905306
1916343
1905193
1912699
1905090
1905189
1915560
1904929
1904976
1905095
1912261
1904790
1971501
1905239
1910486
1905079
1914681
1850581
1791724
1922696
1905045
1917189
1905125
1913049
1904974
1905181
1913727
1481602
1677407
1905039
1911826
1905120
1911858
1905121
1912400
1905141
1905091
1904997
1905139
1923788
1905069
1905030
1905086
1912487
1481710
1481817
1905124
1481572
1751122
1905280
1481602
1494456
1482053
1651569
1481759
1487038
1571199
1917684
1905086
1905122
1914254
1905194
1921160
1905110
1912657
1905102
1915643
1912290
1481886
1905035
1912659
1905513
1912264
1905206
1912534
1905123
1905253
1924437
1910919
1905039
1912985
1904977
1925917
1905028
1912406
1905119
1905319
1916213
1983369
1905040
1921347
1904974
1910605
1904887
1918568
1905090
1905240
1921493
1910246
1905288
1905089
1911400
1912117
1905121
1905358
1923189
1905166
1913608
1912522
1923198
1905161
1926596
1905075
1912970
1905126
1911998
1905196
1905100
1904925
1923443
1922111
1905036
1911517
1905087
1921149
1904798
1915445
1905065
1973275
1905143
1921705
1905043
1912587
1905276
1927966
1905084
1905165
1919923
1498781
1932270
1905328
1913130
1905101
1911564
1905085
1498382
1617495
1905123
1905249
1923551
1905087
1915551
1905118
1911298
1905083
1915018
1905106
1923170
1911148
1925187
1905060
1913237
1905074
1915587
1905081
1904895
1924974
1905016
1911897
1905041
1921487
1905042
1911951
1904968
1918647
1905043
1916524
1919548
2007779
1915450
1905086
1911505
1905039
1952394
1904938
1915754
1905174
1905174
1905104
1916492
1905159
1923941
1904893
1923381
1905087
1920676
1921533
1905062
1666159
1924316
1905032
1917274
1905074
1915512
1905169
1911899
1905372
1916351
1905244
1905124
1912290
1905127
1913228
1905010
1911777
1905097
1924991
1905111
1912396
1918000
1905165
1904897
1905086
1912186
1904859
1905076
1915355
1762813
1905088
1925564
1905152
1916146
1904958
1911603
1904924
1915251
1905509
1916901
1729597
1917784
1905384
1904964
1905107
1953501
1905042
1904934
1928868
1481751
1588586
1925396
1905157
1920084
1905092
1912812
1905086
1916979
1918034
1904944
1938447
1905245
1910883
1905061
1910836
1917672
1905058
1904950
1923773
1904898
1905262
1905120
1905042
1927840
1905171
1905670
1905091
1923121
1915529
1905196
1905172
1905274
3702344
1926750
1905506
1920690
1905091
2222539
2222530
2230934
2229299
1922843
1905046
1904967
1904955
1914366
1916516
1905051
1918710
1905203
1986272
1905038
1905256
1917182
1905070
1913055
1481815
1796164
1905278
1910415
1918636
1914687
1905172
1905133
1905098
1916820
1493863
1481848
1508832
1920585
1481882
1915465
1913941
1905128
1919447
1905331
1482076
1481822
1481924
1905244
1911874
1916042
1905168
1917599
1905122
1932084
1905203
1912232
1946453
1905121
1905171
1923626
1905301
1905531
1905044
1917905
1905253
1905047
1915719
1481813
1494363
1921723
1919482
1905131
1909131
1905375
1916575
1905031
1916405
1905031
1905617
1718101
1490662
1481745
1481760
1905067
1912773
1904902
1576592
1916599
1929559
1923291
1905536
1918050
1905087
1905180
1918247
1905336
1905456
1905108
1905139
1923337
1917152
1905100
1905374
1917798
1920891
1905165
1917012
1905108
1905091
1913432
1905178
1911648
1904915
1915837
1905089
1914386
1915012
1905064
1905394
1713727
1604326
1481817
1481797
1701423
1481892
1797937
1605045
1779508
1482220
1916388
1905139
1495214
1481841
1496983
1481804
1481668
1916271
1904901
1905169
1905173
1481826
1614685
1481914
1486601
1481839
1627255
1699234
1911159
1921282
1905053
1919192
1905064
1916852
1905163
1920968
1905483
1905236
1922214
1905172
1923569
1905263
1905118
1905148
1915862
1481794
1481845
1481997
1481921
1495977
1924701
1905081
1917903
1905114
1910798
1905125
2114890
1947957
1938076
1927905
1905056
1911814
1905190
1911898
1905197
1918195
1911115
1905342
1927944
1905879
1905293
1912489
1905130
1911995
1905143
1925959
1910597
1905412
1926929
1905198
1923056
1905082
1905208
1905048
1912540
1905144
1482011
1914225
1487789
1481814
1924629
1905178
1481778
1481870
1742217
1481784
1495438
1493802
1911585
1918779
1905411
1912368
1905036
1918877
1904893
1912584
1715468
1937902
1915039
1918507
1923477
1905151
1918367
1905095
1916518
1904906
1905092
1905220
1915443
1481821
1915413
1905082
1912985
1905233
1915874
1904982
1911576
1905481
1924805
1905264
1823301
1512397
1487667
1798093
1481815
1756515
1599767
1730972
1906198
1905151
1916483
1815708
1481672
1677955
1481804
1637355
1779160
1481802
1906254
1780410
1905587
1482144
1489401
1481792
1481797
1487653
1481756
1912391
1912769
1481830
1924027
1905296
1914294
1905194
1913577
1904947
1912778
1914899
1905094
1905282
1905176
1920660
1916515
1912301
1905233
1919489
1905116
1995739
1481919
1905156
1905279
1912647
1905428
1921167
1905005
1481681
1482152
1482305
1905163
1905304
1905210
1920867
1905335
1913494
1905167
1921074
1905036
1913990
1930645
1912564
1924161
1905096
1905124
1905098
1916296
1904992
1904939
1918010
1905087
1905127
1905123
1905245
1911993
1905102
1481835
1481661
1481892
1481816
1916009
1904950
1905094
1905044
1912521
1905126
1905177
1905200
1914301
1905265
1905126
1905090
1720160
1488852
1481770
1487276
1729941
1481717
1801748
1905358
1912622
1481818
1924834
1905172
1911152
1905071
1913296
1905089
1930281
1912701
1481942
1481931
1907124
1945586
1911964
1910142
1905286
1910057
1917892
1921314
1755956
1537832
1924325
1905094
1905175
1905166
1910442
1905166
1905208
1917578
1503203
1773920
1916714
1905273
1922807
1904897
1917409
1905043
1916942
1905372
1905129
1487507
1905052
1912882
1905037
1920669
1905067
1915638
1917532
1905247
1914974
1905107
1905039
1913111
1905050
1932132
1905049
1911748
1978574
1997663
2003221
1905096
1914927
1911246
1904978
1912434
1905091
1911612
1905110
1905098
1926507
1910178
1915196
1905249
1917338
1905007
1913430
1905111
1915319
1915180
1905171
1481882
1905062
1905122
1918895
1911922
1905334
1905069
1912498
1905211
1491769
1482044
1905072
1905044
1911934
1910657
1905057
1905055
1910355
1905304
1920831
1905074
1905039
1905042
1913025
1905045
1912801
1905079
1912399
1905451
1905118
1905063
1916350
1905087
1915123
1905048
1913620
1905094
1910845
1916008
1905304
1481865
1905053
1912401
1905037
1911350
1905215
1914233
1905256
1905082
1939487
1912390
