3103903
2250541
2244695
2244341
2260073
2253006
2231641
1915116
1911439
1921626
1926672
1919665
1910455
1915252
1911159
1906074
1905566
1909617
1904810
1904794
1912462
1912423
1904806
1911007
1924518
1904788
1904961
1917918
1904826
1904888
1904980
1913816
1904790
1904804
1919000
1904804
1904941
1915717
1921042
1904815
1904967
1913734
1912241
1904812
1919507
1921308
1904958
1904791
1911528
1904961
1917580
1904811
1904808
1913027
1904968
1904824
1913449
1904811
1904857
1918887
1916047
1915634
1904887
1911625
1916693
1904806
1904892
1920153
1904828
1904871
1904848
1919076
1913036
1905027
1919132
1913288
1904825
1904788
1919436
1904823
1904914
1904814
1920359
1904819
1904788
1912350
1936080
1904883
1913924
1918817
1904848
1904818
1920664
1920523
1904808
1912979
1921906
1904816
1904812
1918835
1904856
1912384
1913966
1904814
1904825
1917996
1904790
1904808
1912533
1905300
1904805
1912564
1904908
1904947
1919477
1904836
1904949
1911366
1912833
1904816
1904850
1904805
1913417
1918550
1904789
1920513
1912873
1904911
1905206
1912727
1912666
1904966
1904819
1922949
1904791
1904982
1913236
1904949
1905172
1912055
1915992
1904792
1904817
1912258
1904897
1905416
1913251
1905287
1905353
1921321
1916643
1904810
1922914
1922841
1904912
1904811
1912625
1904806
1904812
1918231
1904853
1911188
1926156
1904829
1914361
1917457
1924898
1904833
1927887
1904789
1904930
1904819
1922691
1904953
1905023
1916878
1904805
1904821
1926173
1917655
1916748
1917713
1905040
1919909
1912220
1904815
1904807
1911388
1904890
1904827
1904852
1915626
1910431
1904872
1912793
1910326
1904818
1904832
1922162
1904820
1904906
1912428
1914017
1904894
1904867
1919589
1905096
1904822
1912602
1904814
1917008
1911901
1926999
1918677
1913054
1916145
1910992
1918907
1908399
1928545
1921668
1911665
1917658
1907915
1921745
1912798
1963030
1949002
1954488
1959508
1907723
1923366
1913041
1916320
1909532
1918607
1918586
2148910
2153634
2141069
1907247
1914357
1907003
1923764
1919224
1917450
1943548
2142923
2154122
2144055
1911902
1904790
1904816
1918524
1905095
1904808
1912641
1911973
1904864
1912348
1904940
1914484
1913951
1904792
1904837
1920164
1904892
1904808
1915274
1904830
1905028
1916695
1905095
1904987
1910723
1904801
1904809
1913771
1919092
1905198
1904826
1912936
1919294
1904806
1920292
1911971
1904885
1904793
1912539
1904809
1904941
1904806
1909681
1910124
1904817
1910815
1914193
1904819
1904829
1910582
1912001
1904897
1915890
1918444
1904893
1904826
1913755
1904806
1904904
1913098
1904814
1904819
1915403
1904793
1904913
1917346
1904788
1904819
1912931
1916361
1912063
1904801
1904815
1918831
1904819
1904945
1917688
1916297
1904789
1913438
1916813
1904817
1904897
1916090
1904820
1904991
1913468
1904819
1904847
1913075
1904846
1904819
1921811
1918721
1904885
1912464
1912887
1904828
1904790
1919232
1911895
1904789
1915105
1912606
1904823
1904832
1920093
1904805
1904888
1913450
1904847
1917675
1914276
1904815
1904829
1915004
1904806
1904815
1920004
1915776
1911859
1904809
1921450
1911274
1904807
1917533
1911131
1904790
1904835
1917671
1915749
1910303
1904886
1912283
1916322
1904809
1904811
1918590
1905269
1905041
1904830
1915420
1916926
1904801
1912520
1912944
1904906
1904814
1917945
1904815
1904999
1905001
1913164
1912262
1904837
1912424
1925227
1905446
1914134
1911847
1912269
1904897
1909576
1920118
1904806
1914197
1909713
1904814
1904790
1919956
1917700
1904834
1904835
1913070
1904906
1905586
1913382
1932297
1904811
1918780
1912748
1911159
1904810
1922105
1921327
1904835
1904822
1919825
1904803
1904812
1904956
1904810
1920272
1904828
1906870
1911882
1914827
1904814
1911795
1916246
1904808
1911980
1909188
1904988
1908799
1913007
1904969
1904984
1909977
1904897
1904969
1912846
1914838
1904815
1904868
1920398
1904841
1904947
1914240
1911378
1913426
1904793
1904827
1917188
1904828
1904886
1913463
1904916
1904976
1913308
1916492
1904831
1904818
1911176
1904807
1904815
1911548
1905306
1905050
1915605
1904973
1904808
1920466
1904810
1904909
1917886
1904818
1904829
1914002
1913410
1911911
1904811
1904814
1917432
1913519
1904803
1912569
1912327
1904892
1913091
1904862
1904806
1918648
1916737
1904830
1918795
1926146
1904827
1904892
1914689
1904899
1912597
1921739
1904805
1904790
1913087
1904824
1904811
1912349
1904811
1908290
1918720
1938583
1929880
1937455
1929265
1928449
1939411
1927621
1936921
1916440
1910866
1904826
1905218
1918130
1904893
1905058
1919426
1912204
1905025
1917947
1910851
1904947
1904831
1914100
1904830
1904897
1915135
1909977
1905491
1904982
1911823
1909324
1904895
1911416
1918719
1904854
1904895
1912532
1904975
1904991
1919101
1910559
1904908
1911189
1912642
1904789
1904820
1921823
1904876
1904997
1904833
1911161
1905052
1904963
1916865
1909938
1904885
1909662
1912281
1912896
1912412
1904804
1912337
1916522
1904818
1904791
1914943
1904895
1905039
1914412
1904786
1920085
1912107
1904840
1904788
1912384
1904837
1904909
1917026
1904986
1904834
1922007
1904806
1905037
1922431
1912230
1904866
1913476
1918659
1905009
1904975
1918895
1904819
1904884
1911284
1918203
1905420
1918061
1914801
1904959
1916558
1914767
1904854
1904791
1911623
1904897
1904818
1919064
1904848
1904984
1904896
1920389
1904990
1904792
1910106
1910722
1904897
1919041
1918314
1904857
1922253
1904818
1904809
1913646
1904835
1904898
1919137
1912381
1905174
1912717
1908542
1904818
1919213
1916967
1904791
1917868
1910572
1904836
1904973
1916859
1910698
1904811
1912762
1913944
1904834
1904811
1913994
1905261
1904823
1904961
1917046
1914992
1904789
1911730
1909566
1905108
1904825
1920879
1904903
1916147
1904789
1921315
1911535
1904900
1904786
1921297
1904834
1904948
1913186
1913399
1904880
1904838
1912810
1904802
1904789
1918256
1910770
1904814
1911514
1911797
1904788
1904787
1911082
1904818
1904828
1919581
1911101
1904802
1917402
1915316
1904830
1904891
1915434
1924100
1904821
1904815
1912499
1904814
1904824
1905008
1910287
1904910
1904799
1914335
1917277
1904817
1921205
1911122
1904819
1917935
1910485
1904802
1923557
1920648
1904831
1904810
1912399
1905060
1904816
1904879
1909705
1914180
1904822
1904881
1920925
1904873
1904804
1913771
1914786
1912883
1904817
1905126
1913740
1909801
1905023
1910091
1913937
1904789
1904827
1904854
1904789
1914377
1912848
1904815
1904826
1922633
1904831
1904882
1918563
1904852
1913626
1915225
1904827
1904814
1919324
1904810
1904805
1914062
1912619
1904957
1904838
1918813
1912345
1904797
1912776
1912252
1904944
1904892
1918968
1915164
1911480
1904886
1912676
1919630
1904887
1904814
1909179
1904866
1904911
1904984
1911115
1904834
1904817
1917639
1904819
1904794
1911464
1928222
1904807
1904954
1904813
1920627
1913842
1904808
1913319
1919432
1904820
1905088
1917568
1904967
1911659
1912305
1904806
1908946
1921278
1904807
1905055
1909271
1905336
1914741
1904904
1914152
1919740
1904892
1904803
1921427
1904803
1904801
1912770
1912937
1904788
1904912
1911541
1918848
1904825
1918554
1911958
1904909
1904790
1904852
1915639
1911924
1904795
1912885
1911930
1904814
1904826
1918523
1904799
1904901
1904815
1915130
1904789
1904989
1912119
1921519
1904789
1921787
1912165
1913446
1904819
1905132
1912310
1918967
1904789
1918208
1911141
1904828
1904788
1912094
1904815
1904831
1916785
1911755
1904787
1912033
1911532
1904976
1904901
1904847
1912588
1921794
1904813
1904823
1916726
1904957
1904900
1918821
1918920
1920077
1909771
1904814
1904802
1912824
1905053
1904904
1917542
1911964
1904990
1912874
1912438
1904815
1912530
1920520
1904827
1904816
1913305
1904813
1904816
1922897
1912169
1908248
1916652
1915580
1917453
1913678
1914819
2136614
2141138
1914232
1904813
1904823
1915823
1905438
1904821
1919160
1912073
1904805
1904813
1916134
1910721
1905196
1911424
1913480
1904822
1904814
1918374
1904791
1904794
1913089
1904972
1904826
1911225
1922159
1904906
1904969
1909628
1904824
1904833
1904884
1904809
1915960
1904834
1904815
1913296
1924691
1904811
1904805
1921612
1913146
1904831
1905031
1916805
1904977
1904805
1912983
1912107
1904790
1904820
1912029
1904787
1904957
1912129
1922119
1904805
1919562
1912114
1905445
1904808
