1914157
1907572
1908318
1906072
1923837
1926817
1905770
1923270
1913395
1906209
1925279
1905058
1905440
1926314
1922038
1905444
1917868
1918745
1906650
1914346
1917064
1905167
1922168
1905422
1905135
1905273
1908465
1917038
1908167
1916888
1904983
1912361
1905450
1912206
1905177
1916724
1923019
1905867
1941842
1965212
1905242
1920822
1905279
1905378
1906123
1914170
1913318
1923909
1906752
1905640
1906739
1915480
1917740
1905337
1905269
1905541
1978742
1933678
1906017
1915233
1904977
1925091
1905358
1922262
1905100
1913333
1906161
1912970
1906115
1914286
1918386
1905150
1969552
1905021
1905987
1905506
1905103
1919487
1906677
1906363
1905007
1921050
1905371
1905103
1905183
1911810
1922974
1912228
1918070
1905952
1904979
1905344
1905544
1919153
1924176
1911781
1911830
1908693
1923922
1994312
1906643
1920767
1905746
1905484
1905472
1964625
1912436
1917324
1905761
1936937
1905015
1921231
1905435
1920158
1924593
1911036
1943213
1917266
1905537
1905858
1923271
1905338
1905567
1911911
1914162
1919167
1912502
1928672
1906077
1908928
1922539
1905274
1913555
1905519
1912974
1905288
1919321
1919678
1906915
1907422
1916467
1905023
1905604
1929869
1925068
1916424
1913497
1906723
1905756
1913339
1915464
1905073
1914816
1905250
1919401
1905401
1906359
1907127
1919644
1910114
1922131
1905551
1905290
1910126
1915773
1969162
2017635
2006769
2059429
2048930
1904983
1912117
1905058
1905254
1905473
1925038
1905265
1929269
1906020
1905171
1915958
1905134
1911563
1905115
1920928
1906595
1906291
1905880
1963928
1915074
1905299
1920105
1905625
1920742
1924759
1923537
1912820
1932260
1906262
1906267
1923851
1905320
1905436
1912694
1915853
1917049
1910487
1907337
1907289
1906355
1904981
1913219
1905125
1905099
1906129
1912983
1926425
1958296
1905760
1905621
1904985
1921792
1905320
1905618
1905120
1928490
2009615
1926456
1955588
1906255
1905228
1914701
1905576
1912603
1905013
1914194
1920005
1907731
1906756
1925316
1905026
1923643
1905599
1996473
1905254
1912494
1927132
1924678
1906068
1905247
1926598
1905082
1914963
1912479
1919805
1905294
1912293
1905430
1906309
1906040
1904994
1924090
1905219
1905573
1905636
1925346
1905606
1920682
1905382
1906294
1905168
1921177
1905398
2055104
1923413
1912838
1907118
1908455
1918555
2161217
1904980
1922778
1905208
1922217
1905648
1912508
1913287
1908541
1905376
1916903
1914699
1905297
1916894
1905162
1911580
1905558
1905769
1908338
1922990
1920733
1923881
1905020
1915538
1910496
1929045
1905756
1911713
1905510
1905483
1905427
2413434
1905090
1905246
1911604
1922718
1905878
1916902
1906798
1905751
1995466
1905094
1919861
1905474
1905434
1905248
1921720
1916554
1907028
1923770
1915961
1924231
1905353
1914400
2057106
1914621
1905331
1907028
1908748
1915458
1938036
1905038
1915349
1910124
1905620
1905506
1915414
1905662
1925386
1906406
1924460
1905057
1916148
1912629
1905361
1905248
1905383
1905715
1906622
1923190
1915332
1915561
1905065
1905314
1919935
1923947
1905931
1917111
1908906
1927752
1912809
1924727
1905195
1905182
1913301
1916962
1917519
1980448
1970590
1975219
1915989
1934623
1905168
1914709
1994125
1963241
1905493
1931043
1907708
1912789
1913020
1916056
1905104
1905247
1912975
1927946
1913768
1923393
1908728
1905774
1925957
1904986
1919366
1905430
1905218
1905344
1905362
1905542
1906025
1939641
1924272
1904986
1917209
1917676
1905087
1905351
1906077
1906231
1923323
1907746
1905533
1904979
1918072
1905602
1905398
1906324
1922332
1921476
1922040
1906283
1905809
1924008
1905175
1912450
1905324
1923600
1905911
1952690
1942165
1920222
1906562
1914258
1904982
1921014
1905252
1905796
1906027
1906540
1917586
1905697
1906537
1913972
1905182
1915676
1905182
1905374
1906589
1905175
1937827
1944700
1905412
1924635
1905008
1969274
1911064
1916944
1905598
1905677
1909083
1912958
1915792
1904979
1922543
1916716
1905055
1905359
1905822
1905561
1907243
1922988
1905704
1904983
1905730
1918237
1905065
1905502
1905284
1905246
1906388
1923977
1923238
1904981
1915205
1910582
1905175
1905600
1905315
1906228
1928758
1906154
1906533
1920724
1905056
1912218
1905423
1913797
1905447
1906012
1908397
1921771
1927295
1914051
1905035
1924365
1910058
1913284
1905368
1919396
1906356
1931013
1926305
1924210
1905207
1912583
1905441
1905704
1905566
1905912
1925069
1913618
1907515
1918947
1905103
1905272
2032549
1921914
1906159
1920590
1905896
1921964
1905298
1904979
1929334
1920970
1905378
1905704
1930119
1913579
1907273
2823662
1924326
1904997
1920603
1905666
1905527
1905077
1905263
1911531
1913960
1906089
1905215
1916297
1905080
1925594
1905584
1912828
1905773
1905548
1905681
1924976
1932270
1918490
1905204
1905982
1919706
1923468
1926273
1918160
1906532
1906754
1914315
1918957
1905169
1921871
1905313
1920938
1906011
1905804
1906187
1931336
1914493
1921336
1905046
1913443
1919793
1906274
1913144
1909402
1918299
1908865
1924905
1904982
1920198
1905975
1905111
1905120
1914188
1905537
1919923
1906147
1906223
1913038
1905058
1905202
2012434
1918374
1911808
1933245
1938585
1906447
1905451
1904998
1915594
1911015
1904988
1905581
1905899
1905437
1926640
1922515
1906533
1904977
1905221
1911832
1905151
1905223
1905467
1905958
1911516
1925859
1915694
1925862
1905162
1905045
1911173
1914616
1905447
1905799
1907360
1918432
1907207
1918727
1905033
1905752
1905348
1906191
1923669
1906144
1906420
1906303
2034965
1915332
1905070
1906695
1912946
1916119
1917268
1905370
1957626
1906231
1914344
1913342
1904987
1906157
1918210
1933101
1905297
1941822
1907558
1927956
1908560
1914824
1905203
1905213
1912332
1915563
1912601
1918340
1906007
1906311
1908413
1920645
1905106
1914718
1911858
1914320
1905646
1905759
1905768
1933401
1914877
1905061
1922176
1905394
1919877
1905937
1918902
1917545
1927832
1907793
1992298
1904979
1912538
1905592
1913090
1905320
1913585
1928458
1934080
1906146
1905290
1926199
1905340
1913724
1911185
1913660
1906459
1905623
1909620
1910645
1915741
1904988
1917274
1905563
1905221
1905447
1981673
1912387
1931099
1906182
1905288
1904980
1917499
1919168
1905103
1905431
1905795
1905448
1942937
1929989
1905066
1904977
1905215
1905406
1911063
1905542
1920570
1917739
1923802
1905681
1905787
1924414
1905107
1905137
1911956
1917119
1916354
1913550
1911059
1923245
1906692
1904981
1915689
1905133
1905222
1905175
1919753
1914710
1929785
1913011
1905987
1904986
1905037
1905373
1911734
1914965
1917249
1911315
1907655
1918831
1917819
1905012
1924705
1905489
1931667
1906435
1912557
1913004
1925697
1935739
1905923
1914036
1905063
1905603
1910322
1932230
1905815
1974180
1968909
1954193
1929957
1925557
1905368
1912215
1905157
1905381
1905097
1932795
1907091
1935580
1910777
1904983
1923001
1909785
1905643
1905574
1905756
1905856
1920880
1906907
1906009
1925464
1905087
1905037
1905602
1907726
1910731
1912453
1906246
1907043
1918470
1905025
1931701
1905061
1923729
1905351
1912453
1905729
1923784
1906466
1905479
2681502
1905255
1905068
1912539
1918475
1923398
1920742
1906967
1912641
2045647
1917899
1905221
1910658
1905107
1905213
1905423
1905400
1918485
1930847
1909083
1904979
1917034
1911571
1905190
1905030
1914151
1905855
1944001
1921455
1919216
1905159
1919668
1912152
1905111
1905979
1905968
1922918
1932935
1906379
1906851
1923334
1905086
1913255
1905114
1912896
1906264
1905567
1906834
1918329
1913022
1914767
1905149
1911857
1905618
1930643
1905506
1926925
1908060
1906607
1905139
1916966
1905126
1922328
1910933
1913790
1905594
1905752
1907697
1914808
1920623
1914693
1905076
1913867
1905299
1920612
1905571
1905449
1905849
1934823
1906414
1904983
1916287
1905335
1905377
1905054
1914785
1905324
1918800
1929934
1905299
1904980
1915359
1910155
1905109
1905165
1905737
1905757
1911023
1926852
1913422
1924832
1905276
1905470
1925554
1918075
1905634
1912430
1928505
1906773
1905454
1926287
1904980
1916398
1911558
1913871
1905388
1905623
1917624
1906479
1906717
1904998
1923432
1905620
1904983
1905244
1917526
1922162
1920480
1906738
1916189
1923145
1905236
1916965
1905443
1914400
1906029
1912248
1905963
1905962
1914246
1916714
1905023
1906234
1919473
1924230
1916882
1905525
1905634
1935650
1914306
