1333475
1348326
1346121
1333497
1338091
1333528
1333652
1333573
1333570
1333532
1551364
1333528
1333463
1333526
1338841
1333530
1333588
1344557
1344125
1333612
1614765
1333639
1333573
1343627
1333576
1345197
1333599
1339835
1333520
1333591
1725180
1481678
1481677
1481815
1481736
1481719
1493505
1333579
1333526
1333919
1682243
1333603
1333706
1333558
1340761
1333585
1333579
1768654
1333456
1333576
1712111
1481776
1481800
1481728
1481726
1481698
1481682
1676087
1333528
1341943
1627315
1333624
1466389
1333569
1441390
1371116
1399392
1364874
1333775
1433611
1689760
1494129
1481675
1481731
1486023
1481757
1481789
1411894
1333585
1343805
1709563
1491065
1481672
1481733
1489591
1750169
1481758
1333576
1333574
1333523
1923780
1908898
1904990
1482005
1481723
1758792
1481732
1333584
1333572
1333578
1637136
1481709
1481604
1481759
1481723
1481679
1481749
1333584
1443067
1333966
1922282
1923093
1904974
1905008
1911533
1941379
1921602
1340408
1333460
1333521
1649594
1333645
1333575
1432216
1333576
1333605
1338170
1855321
1333737
1333679
1709349
1490247
1481696
1481822
1491940
1481696
1481727
1374211
1333521
1333661
1654051
1494635
1490185
1481752
1486429
1487549
1494214
1412518
1334069
1333653
1915948
1914755
1481723
1481759
1482024
1481621
1481700
1333584
1333539
1473029
1613424
1333624
1333581
1337924
1337303
1333524
1333806
1372438
1333573
1333661
1705289
1481799
1481677
1525199
1333782
1342438
1340952
1333558
1333524
1333735
1843804
1744962
1499628
1481791
1481723
1635641
1763534
1333578
1333569
1333561
1584392
1346150
1333527
1333547
1333573
1333524
1333595
1333582
1340531
1423101
1664675
1339933
1333581
1373602
1333577
1333585
1333610
1449375
1344419
1344903
1675983
1481762
1481673
1481701
1590681
1481678
1481815
1827011
1338545
1419636
1700478
1481676
1481731
1481848
1481677
1481733
1486778
1333793
1423772
1333695
1693666
1333588
1481485
1333576
1478925
1454357
1333565
1346588
1337920
1333861
1713214
1481750
2093609
1481679
1587346
1488039
1481720
1602200
1333726
1333576
1722350
1498707
1494737
1486077
1481735
1488783
1495190
1710728
1333522
1333625
1626881
1333759
1333542
1333660
1357031
1333954
1333588
1518937
1333521
1333673
1706790
1469986
1461895
1333561
1457324
1404419
1333562
1599569
1338233
1338489
1637592
1333522
1343524
1333702
1333580
1333523
1333671
1344086
1342055
1397533
1881968
1639259
1481683
1481769
1481799
1561091
1481712
1333579
1333527
1333662
1719929
1486776
1489061
1493274
1482012
1489294
1486328
1495950
1341897
1338495
1694295
1481784
1481743
1481736
1486434
1481689
1481716
1481851
1440635
1333658
1686817
1481779
1481685
1481815
1481730
1481679
1481829
1623344
1341425
1338375
1608124
1344815
1344868
1333593
1333579
1333752
1337574
1454524
1344620
1338619
1709678
1481714
1689967
1481676
1761029
1481674
1562115
1344382
1342843
1337513
1586565
1340282
1333527
1333526
1333586
1333589
1333568
1339280
1338418
1370140
1918642
1916065
1904971
1909947
1919500
1904972
1904989
1333575
1338943
1337902
1651510
1333590
1333731
1337853
1337002
1338955
1333602
1333572
1621766
1333722
1916478
1915713
1905294
1910079
1921011
1546145
1481726
1334429
1484944
1333874
1674326
1481739
1481740
1482232
1491289
1481806
1522171
1333580
1333426
1333570
1905013
1905032
1914008
1905025
1905345
1481603
1333569
1333578
1354742
1333702
1705804
1487939
1333452
1333576
1380482
1333371
1404870
1333580
1333452
1334099
1658748
1481790
1481678
1481735
1481725
1481696
1333610
1503557
1333515
1333953
1605039
1360182
1341283
1334043
1333577
1333573
1338180
1333566
1428433
1338053
1715598
1333641
1336924
1333581
1344916
1333526
1342365
1339588
1333524
1333909
1862893
1488727
1497039
1490523
1481912
1485170
1333641
1509822
1338084
1431448
1715501
1491696
1493032
1488754
1502693
1488330
1491400
1333574
1437344
1601414
1715688
1333816
1351233
1343135
1346696
1333520
1371940
1344490
1342226
1333606
1923733
1657010
1581927
1481724
1481732
1481681
1481832
1333895
1338007
1347588
1629127
1333589
1333572
1357515
1343941
1348589
1333579
1333520
1333519
1333749
1709072
1488535
1481726
1481877
1492983
1494638
1481732
1716322
1333575
1333593
1702711
1490062
1481992
1481811
1505319
1481679
1481742
1611819
1333451
1333578
1717526
1481743
1333522
1333573
1333573
1333460
1450524
1333572
1333466
1333651
1905020
1481948
1763448
1481796
1567507
1481677
1834202
1341242
1338626
1343078
1621977
1333950
1333450
1428548
1333573
1333524
1437293
1768987
1333527
1333647
1650049
1442144
1474298
1333578
1352227
1342929
1333568
1365432
1333466
1333663
1905018
1482242
1486255
1573960
1481723
1481825
1755241
1333571
1527025
1432579
1644064
1510726
1497511
1497834
1481725
1487615
1496983
1796636
1341880
1333643
1684882
1408473
1478649
1396270
1441894
1474144
1333571
1733462
1338094
1337874
1907042
1618771
1481682
1481924
1481727
1481615
1763652
1333566
1435386
1333577
1611247
1402808
1333806
1333638
1364405
1333598
1387707
1519593
1333567
1333665
1884991
1568706
1481747
1481843
1481721
1481687
1769976
1333695
1333465
1381893
1661322
1333603
1333571
1338825
1333579
1333581
1365465
1656702
1333458
1333738
1713776
1481787
1481750
1777817
1690074
1555463
1481712
1668237
1333522
1338106
1706466
1508140
1492521
1490776
1333576
1333461
1642715
1684111
1333575
1333893
1905017
1905065
1911665
1905094
1904973
1910358
1904989
1333867
1333613
1481736
1609458
1371997
1333583
1392269
1333568
1333938
1333530
1362819
1333663
1333584
1916448
1933972
1904973
1915840
1922539
1904969
1917221
1333573
1333461
1355978
1646269
1338610
1418670
1333640
1477206
1436467
1333667
1457465
1338416
1341562
1905094
1905030
1909476
1481861
1481916
1481682
1481711
1333571
1333523
1333557
1710911
1333634
1374698
1466787
1333575
1333582
1342137
1453375
1333533
1333744
1925730
1917822
1905293
1532116
1481728
1487218
1486354
1462879
1506992
1443046
1709726
1481741
1481777
1771896
1674115
1481947
1481734
1333535
1649418
1333583
1614542
1341127
1333521
1333664
1333569
1333452
1333523
1449577
1333574
1348680
1739048
1486229
1502051
1498932
1496289
1496387
1481802
1333623
1333458
1333605
1695114
1489534
1481732
1481725
1490012
1489624
1487794
1333577
1341713
1775765
1650293
1481770
1481735
1657493
1636214
1481612
1481738
1613515
1333521
1333522
1710488
1492513
1481744
1481741
1485341
1481738
1481746
1614016
1333528
1333679
1736752
1333642
1444669
1392345
1333575
1475544
1333581
1689186
1689247
1333605
1695712
1497492
1481745
1481734
1481720
1481765
1481786
1333572
1333523
1342582
1696972
1482061
1481818
1481690
1481877
1481812
1481725
1503508
1385381
1333650
1650946
1333524
1337759
1333592
1361208
1333528
1338216
1665367
1333451
1333842
1616500
1493787
1341134
1333570
1338260
1333524
1333573
1565324
1606183
1334041
1598013
1333627
1333521
1366562
1354882
1337504
1333635
1333571
1333452
1333669
1646668
1389126
1333533
1333577
1333582
1333523
1454178
1451924
1346009
1533370
1608969
1338649
1372896
1333623
1333575
1333819
1338033
1337678
1452867
1333754
1594135
1348853
1345450
1333574
1333583
1333459
1340907
1508211
1333521
1333641
1706438
1488568
1481696
1481795
1756220
1481678
1481706
1525528
1333809
1333522
1683536
1481681
1481678
1481926
1481730
1481622
1481739
1360533
1333447
1333936
1691331
1481737
1481609
1481798
1481711
1481839
1481712
1444403
1342016
1343859
1923360
1910031
1915038
1905067
1481722
1635369
1768822
1333662
1333527
1333640
1611848
1439195
1381446
1333583
1388940
1333525
1333621
1594142
1333450
1338170
1905017
1333641
1476445
1333578
1342960
1444681
1333570
1333978
1420616
1333519
1680052
1481737
1481675
1481737
1499236
1481726
1481728
1622145
1341951
1333527
1905013
1481717
1481939
1644303
1522523
1730753
1481711
1343846
1333527
1367616
1710505
1491057
1483137
1481832
1481679
1481731
1481713
1333885
1333526
1333662
1916391
1930643
1904974
1926518
1909107
1904925
1913668
1742922
1401316
1333576
1628697
1333624
1333832
1334019
1333571
1333532
1338904
1343177
1333593
1333662
1905012
1905052
1914888
1905067
1481718
1481679
1487425
1333527
1609597
1333600
1688987
1493613
1481698
1481801
1486875
1481615
1481791
1488986
1333525
1333558
