240599
238360
238601
238230
238290
238670
238324
238465
238859
185278
238324
238205
238322
238188
185374
185457
187119
238222
213936
185356
238534
238220
238336
238212
238214
312994
277953
279444
278297
277900
238428
238208
238266
238205
238212
238342
238232
238374
185589
196493
238263
238225
238335
238211
238204
244781
257008
238352
285825
238237
238407
238221
238614
238326
238461
238322
238283
239314
185673
192380
238267
238348
238310
238215
238201
238508
238228
258952
185655
185366
238392
238257
238457
476341
238349
238330
238226
238582
283884
277949
238497
238212
238401
238285
238220
238443
238289
238250
185532
185377
255271
238483
254503
238198
238218
238369
238209
238494
238675
238215
238786
238344
238328
238196
238356
238379
238208
238232
238259
238363
238484
238363
238365
238246
238477
238573
238215
238239
238572
238338
248785
238213
238288
238222
238206
238319
238219
238234
185574
185376
238401
238224
238313
245250
238208
238426
238240
238253
238386
238213
238276
238209
238437
238309
238214
626087
277982
278082
238580
238206
238399
238212
238394
238227
238213
238395
238293
245244
185456
185268
238287
238232
238331
238222
185294
185384
185291
185271
238738
185286
238565
238213
238319
238217
238209
238384
238201
238607
238676
238345
238349
238215
238291
238203
285837
238363
238230
238219
238811
238226
238397
238217
238669
238198
238332
257397
259133
280556
239009
238347
238396
238347
238274
238298
254460
238320
238218
238229
238555
185288
238752
238489
238250
238367
238480
238384
238220
238333
238449
238226
256244
238198
252143
238471
238208
238416
238211
238340
238428
238222
238286
238342
238345
238211
238340
238321
238223
238354
238568
238197
238399
238225
238247
238226
238344
238311
238232
238426
192001
185696
238538
238342
238373
238237
238200
238538
238343
239091
185664
185292
238263
238350
238276
238212
238226
238387
244173
252807
245138
238216
238534
238317
238285
238236
238209
185523
185281
238310
238340
236398
238283
185279
185582
185265
238255
185367
185273
254670
238551
238272
238389
238208
238334
238209
238203
238388
238217
238212
238649
185271
238264
238207
238402
238215
238493
238391
238219
238206
238519
238202
238541
238434
238271
238350
238467
238420
238361
238201
238713
238224
238262
238229
238270
238281
238206
238422
238304
238227
238599
238223
238265
238218
238268
238231
245646
238379
238215
238337
238557
238470
238260
238350
255593
238232
238212
238477
238216
263648
238594
238225
238389
238237
238284
238201
238229
238401
238218
238736
238538
238218
238652
238340
238338
238339
238216
238398
238209
238328
185637
185359
238259
238334
238324
238206
238216
238441
185279
238358
238621
238214
238282
238234
238254
238220
238221
238368
238206
238196
238910
238215
238269
238245
238415
238286
238203
238442
238194
238330
238518
238238
238262
238211
238424
238334
238218
238773
238208
238330
238516
238208
238259
238215
238341
238493
238202
238384
238202
238208
238597
238227
238340
238209
238394
238216
238345
238365
238315
238881
185640
238223
238583
238206
238251
238215
238196
238379
238219
238210
238541
238237
238335
238211
238276
238218
238285
238317
238214
238431
238549
238225
238260
245801
238680
238201
238287
238380
238235
238327
238661
238211
238300
238206
238313
238206
238209
238446
238209
238216
185633
185283
238597
244774
238363
238214
238213
238303
238353
238351
185683
238226
238263
238210
238358
238204
238214
238314
238226
238220
238606
238241
238646
238211
238461
238222
238551
238478
238301
238350
238428
238219
249644
238224
238285
238204
254305
238550
238213
238212
238521
253643
238274
238311
238340
238213
238283
278116
277945
277927
278218
277948
238257
238202
238271
238238
238293
250633
238214
238240
238517
238195
254753
238327
238267
238224
238204
185527
185282
238212
238528
238230
238411
238336
238263
238216
238222
185439
185275
185376
185592
185279
238257
238364
238365
238296
238206
185381
185342
185275
185644
238234
238652
238222
238336
238226
238224
238370
238214
238359
246159
238228
238345
238227
238347
238218
238235
238382
238336
238356
185753
185514
238373
238209
238279
238228
238205
238306
238224
238357
238573
238232
185281
185273
199397
185276
238217
238377
255455
238212
238585
238251
238566
238216
253062
238212
238607
238383
238336
252517
238297
238219
238542
238223
238336
243335
238214
238374
238233
238229
238480
243302
238271
238221
238342
238201
238287
238309
238217
238211
238529
238221
185431
238212
185303
185463
238225
185459
185351
185503
202662
221277
238402
238201
185441
185303
185271
185431
185273
238211
245293
238356
238269
185288
185392
185370
185368
185448
238219
238330
238670
238218
238315
238237
238338
238231
238202
238307
243741
238198
214881
238237
238275
252519
238325
243537
238317
185462
185360
185275
185578
185263
238259
238225
238262
238202
238198
255189
267243
244791
238525
238216
238605
238221
238345
238241
238476
238382
238221
238340
238645
238242
238335
238333
238276
238281
238322
238372
238206
238341
238394
238210
238337
251891
238297
238289
238554
251862
185283
238234
185389
185283
238273
238356
185362
185278
210432
185456
185348
185274
238510
238216
238261
238332
238417
238196
238301
238399
233859
248435
238541
238207
238522
238217
238327
238208
238200
238378
238220
259923
185686
185386
238334
238208
238264
238221
238206
238364
238210
238345
238523
238372
238463
185284
185441
185280
185375
185458
238217
185276
238513
238209
238460
220209
185404
238224
185379
185520
185285
185276
185607
185291
238555
185280
185388
185288
185273
185377
185269
238229
201387
185276
238387
238210
238348
238282
238205
238385
238233
238327
238383
238476
238396
238216
238508
238219
238281
238379
238213
238236
238812
238200
238262
238228
238408
238204
238217
185378
185393
185278
238519
238214
238268
238211
238460
238205
238201
238600
238207
238209
238512
238226
238386
251885
238381
238220
238320
238369
238199
238228
238388
238199
238450
238232
238350
238226
185272
223540
185284
185373
238561
238223
238257
238222
238337
238269
242594
238327
238211
238358
238496
250152
185431
185287
185403
238338
185281
185371
185275
238335
185525
185277
238255
238340
238496
238221
238237
238374
238287
238210
185655
191703
238451
238346
238469
238204
238342
238374
238209
238480
185574
238335
238263
249753
238329
238217
238325
238312
238211
238211
185716
185291
238636
238486
238326
238215
238201
238371
238217
238212
185622
185413
238258
238702
238279
238206
238343
238397
238216
238607
238575
238210
238344
238209
238264
238191
238215
254931
246752
244731
238527
238214
238253
238210
238471
238218
238359
238316
238232
238471
238462
238204
238277
238223
238342
238200
238336
238443
238228
238241
185595
185288
238655
238204
238350
238366
238280
238308
238225
238451
185607
185294
238390
238220
238278
238220
243786
238318
238223
238220
238519
238224
238261
238201
238295
238231
238199
238495
238229
238211
255045
238200
238337
238206
238352
238286
238196
238403
238195
238344
238557
185288
238386
238199
238406
238206
238604
238313
238212
238214
238508
238214
