20719490
18225412
18215163
18184200
18168370
18183724
18152165
18163602
16974742
15565308
15556501
15572891
15564786
16332916
15558744
15584238
15564255
15565700
15569162
15560002
15572838
15556988
15579361
15583986
15560339
15561487
15560012
15558442
15575459
15573549
15559960
15562553
15568909
15574163
17327430
20570546
18178297
18179617
18171533
18165946
15609839
14536306
12927167
12733306
12740382
12460560
12728898
12732331
12736460
12737395
15603079
15604205
15603394
15603620
15596433
15587997
15605370
15593558
15597047
15604203
15616795
15612399
15622638
15613983
15610695
15605083
15619990
15611432
13255168
13258182
15615656
15600402
15601243
15598450
15610375
15597533
15605728
15603205
15597863
15591253
15608961
15605016
15605842
15600428
15609592
15609670
15612254
15607039
15596599
17100415
15603692
15630697
15629632
15615636
15630890
15608514
15621969
15619101
15626542
15627407
15599207
15604394
15591761
15605233
15612131
15591476
15599563
15605529
15640836
15621136
15613373
15607710
15609949
15603937
15609790
15607952
15601387
15605601
15595206
15606465
15606279
15608019
15604173
15599997
15597678
15609078
15609263
15617135
15593740
15612946
15613809
15616755
15616833
15607044
15600882
15617541
15610554
15611870
15619177
15614872
15615263
15612675
15610788
15605866
15602178
15612054
15608264
15617095
15603170
15602457
15596611
15609698
15610364
15599447
15612841
15599959
15604543
15596652
15613104
15618206
15600043
15602048
15603412
15596212
15602863
15606808
15598976
15594427
15592478
15597620
15610689
15605169
15629051
15613118
15619227
15598661
15608404
15601366
15596769
15629699
15642612
15614560
15622584
15617906
15614286
15614471
15617942
15612154
15618234
15617346
15612115
15606947
15623035
15612813
15612668
15607430
15611511
15609491
15623531
15616991
15620733
15604468
15619149
15607594
15613246
15606451
15620650
15604947
15599003
15597846
15598067
15628663
15598541
15602648
15598520
15596795
15607161
15601400
15600663
15586555
15611618
15600734
15612246
15603523
15612795
15608559
15613390
15618509
15598157
14139636
15609100
15595132
15607327
15602904
15597090
15591303
15600397
15993284
15602097
15597187
15633928
15607374
15614247
15614852
15612112
15602630
13724266
13102038
13114045
13093510
15594153
15605184
15600319
15607660
15595471
15595582
15617903
15606800
15617753
15622870
15595848
15603619
15605851
15591146
15596304
15598360
15603577
15597644
15598891
15605631
15608463
15602725
15603752
15600377
15602688
15599933
15599394
15602272
15586184
13096377
15595506
15606005
15608023
15606334
15609659
15599535
15603432
15434986
13099745
13096869
15598093
15604751
15607856
15598103
15603372
15597886
15596453
15615300
15618653
15620557
15614478
15630545
15617655
15622033
15612943
15604386
16004191
15621022
15622823
15620553
15601843
15982115
15607482
15634500
15599112
14609385
13164114
13159546
13530506
13657734
15610445
15598585
15607574
14875836
13237165
13200356
13186403
13145169
13528449
13172952
15617213
15616916
15623598
15621050
15616544
15606732
15608764
15607502
15604507
15630379
15616841
15609729
15639859
15618910
15620274
15611074
15620869
15618324
15613845
15610806
15618536
15612359
15621360
15616449
15605559
15620170
15613086
15623942
15623081
15620650
15609500
15594352
15600455
15594875
15590688
15598683
15607417
15605889
15598162
15601721
15592493
15598559
15600927
15598438
15600878
15598776
15600426
15597690
13246712
14530945
15619780
15620408
15619159
15621670
15627976
15615190
15619808
15625250
16001874
15623513
15617321
15600717
15600657
15602341
15606829
15601933
15596487
15592939
15595820
15594380
15627276
15617983
15611714
15615033
15606822
15617381
15616995
15616755
15618684
15613867
15609077
15617638
15615683
15616155
15610788
15614383
15625154
15612517
13100470
13103112
13479775
13099636
13105487
13108755
13097360
13100648
13098380
13105436
13101031
15116933
15597698
15606617
15600377
15599295
15605931
15610638
15602906
15607636
15639235
15644612
15606188
15608151
15612862
15617410
15620389
15616889
15607770
15603736
15596395
15598328
15592713
15599441
15601548
15605748
15596822
15598932
15588847
15600039
15600891
15585307
13238781
13201565
13190782
13156571
16842316
13096672
13099273
13112304
13100581
15228087
15608518
15586262
15607742
15604305
15603724
15603825
15596575
15597527
15605217
15607784
15616312
15609074
15611479
15617742
15615616
15622914
15627132
15611312
15596655
15607764
15612055
15610657
15629153
15603906
15607009
15606093
15599605
15623884
15625505
15623173
15600528
15592427
15609893
15602440
15607082
13168674
13140845
13108193
13358824
13102053
15613138
15627081
15625270
15616681
15623847
15614435
15633131
15622648
15631279
15633262
15605541
15606517
15616027
15609117
15599908
15608124
15600022
15598950
15610654
13286338
15621070
15605650
15601625
15606582
15598356
15599255
15604296
15602645
15588044
15592718
15599438
15601357
15598257
15597447
15990087
15607601
15603773
15627409
15594835
15605377
15619080
15619291
15624246
15618693
15615749
15600947
15620337
15601772
13421191
13394738
15637698
15608895
15607969
15610414
15599911
15600872
15612361
15616274
15602399
15602827
15607629
15605035
15639726
15597936
15600485
15612450
15609765
15609257
15615782
19932185
15608167
15609426
15607506
15612479
15612393
15616502
15609687
15602647
15597291
13252456
15611963
15615803
15626319
15622689
15620830
15613291
15624914
15619922
15617926
15607491
15605557
15605132
15595432
15595910
15595341
15600043
15601220
15609209
15594740
15599947
15596190
15604136
15621650
15617870
15618073
15617229
15621267
15615778
15618908
15605792
15619497
15616810
15637613
15623821
15610160
15615043
15616230
15614647
15611507
15610929
15599835
15603267
15613248
15596846
15597710
15590724
15587995
15616875
15602730
15614299
15621629
15616814
15625747
15617756
15617065
15611949
15617925
15614739
15615088
15619525
15621167
15611144
15612727
15617629
15604503
15615805
15608065
15605445
15600713
13466090
15594368
15601504
15611674
15610857
15597113
15606207
15602844
15602247
15591712
15608564
15597896
15602521
15616352
15599956
15602442
15605809
15607623
15313163
13094869
13200330
15601703
15606707
15611010
15619380
15613398
15615044
15600776
15612153
13094569
13104067
15618425
15620581
15620384
15624991
15619304
15617635
15617045
15616678
15606437
15606981
15631786
15613820
15618393
15604345
15614236
15612988
15610395
15615749
15599243
15604969
15607539
15614221
15611373
15597291
15600567
15607521
15596038
15595351
15596519
15601566
15601134
15612321
15628067
15597716
15608188
15609185
15608306
15597103
15613426
15605075
15599276
15619641
15602794
15599602
15602719
15599027
15603192
15596853
15613964
15605644
15612177
15598999
15605960
15604034
15591821
15607242
15605851
15548002
13095451
13075818
15613113
15597264
15999580
15617375
15609684
15653406
15619899
15608822
15618390
15619695
15604535
15627567
15619657
15614425
15610171
15609317
15605780
15613433
15596037
15596269
15628242
15615878
15615418
15622694
15612595
15621617
15620436
15611267
15594792
15593746
15601929
15590547
15612734
15596181
15599093
15610285
15591345
15603857
15615736
15610204
15597760
15598579
15595873
15611767
15595473
15596236
15600109
15592568
15594019
15606277
15608223
15614354
15635498
15621963
15625169
15623760
15613207
15641633
15614612
15618608
15608269
15612091
15619336
15607799
15610011
15602730
15604491
15603844
15603067
15613687
15605077
15602073
15605329
15598050
15595890
15590297
15602388
15603988
15614057
15617596
15608989
15601338
15602845
15605312
15602480
15586240
15597432
15601929
15602576
15599219
15616459
15614527
15621193
15611496
15618084
15616837
15624838
15626835
15620362
15613334
15614278
15607421
15613009
15604407
15602514
15608662
15613571
15610110
15598932
15599974
15616685
15622802
15616759
15631356
15616091
15618363
15617468
15611073
15616583
15619375
15983688
15588667
15603158
15611938
15600959
15615482
15612357
15600761
15618400
15624517
15615955
15608371
15591999
15591520
15595150
15604839
15603975
15608420
15592450
15601100
15602353
15596181
15598198
15603290
15600232
15588070
15997575
15605605
15594085
15624525
15617642
15619235
15619586
15610712
15606669
15613105
15608207
15615948
15596716
15600943
15625213
15618183
15614162
15601287
15997336
15620866
15615243
15646103
15612974
15619320
15620085
15617617
15615548
15623249
15611458
15609313
15615262
15611689
15609316
15614813
15608430
15585813
15604774
15595364
15995093
15606522
15597087
15594825
15603136
15597736
15609327
15599110
15598694
15611870
15599348
15591354
15597509
15594792
15616020
15608385
15619268
15612459
15626131
15610394
15617147
15610884
15614986
15611795
15626534
15614615
15608226
15617909
15607345
15607836
15611137
15605377
15611497
15611875
15609143
15546710
13102044
13108069
13100925
13103556
13094767
13108434
13097175
13102873
13107806
13107843
15615745
15620789
15624836
15626595
15611231
15606052
15622347
15616791
15600402
15586908
15620087
15622499
15616440
15623368
15623803
15619676
15621440
15621543
15611177
16023350
