19524348
18215907
18214960
18216884
18217077
18224706
18212998
18212972
16498254
11077572
11232011
11221299
11157604
11220150
11142546
11211763
11221913
11168414
11087296
11134000
12151988
12157284
12167803
12155675
12161196
12155682
12151210
12150270
12152282
12146551
15560830
15548053
15554017
15558501
15549240
15556227
15554489
12662247
12155274
12157275
12152298
11269109
10951141
10955258
10947827
10950471
10951214
10952419
10951471
10953354
11874558
11176324
11229544
11126773
11224855
11219076
11156088
11222405
11159005
11220408
12159365
12150140
12147055
12148152
12152001
12151007
12149883
12150006
12145457
12156754
12155868
12157103
12160705
12151505
12144326
12155237
12153039
12148196
12152254
12153158
15559560
15546083
15557276
15555965
15550926
15558947
15552705
15561264
15558438
15562837
12163556
12162511
12167515
12156742
12153614
12162146
12166815
12160814
12514598
12158755
10963612
10953170
10963827
10961948
10958596
10961518
10959880
10967121
10961199
10966118
11996517
11142955
11226856
11175163
11223549
11234698
11149487
11226380
11221349
11228148
11871865
11227615
11225875
11201753
11229583
11144999
11234567
11228116
11193411
11231581
15578598
12685218
12954837
12697946
12877129
12686693
12691402
12695146
12685558
12422339
10953009
10948593
10958628
10955846
10944674
10955545
10956457
10953096
10951614
10957022
12935126
12727039
12723379
12726226
12718919
12722343
12803675
12901950
12729465
13032988
11929093
11262139
11352860
11258376
11265777
11234598
11262101
11272479
11257349
11365718
12199520
12196184
12203190
12197703
12199748
12195246
12803662
12201867
12191801
12213802
10999891
10998235
11010134
10998266
11006330
11007107
11003291
11004332
11007435
11150581
11064035
10997785
10992983
10998041
10998170
10992975
10999200
11135046
10993021
10996487
15613682
15604784
15625262
15607572
13575774
12923916
12723305
12715813
12952536
12762782
12726115
12731548
12729143
12761017
12859701
15583316
15592729
15600111
15963772
15596021
12207952
12200101
12193101
12506777
12193279
12195071
12196780
12190383
12188016
12197188
10988716
10987804
10991284
10991594
10984126
11124595
10998212
10997476
10997347
11016127
12195989
12460310
12188561
12180262
12184662
12186197
12189638
12184973
12182602
12190397
12725334
12724320
12944670
13354363
13040117
12736065
12725163
12720703
13054838
12719404
15600395
15601227
15593055
15597422
15595780
15590492
15604101
15603013
15593193
15592737
11274190
11228874
11241265
11125841
11173572
11256799
11225377
11258225
11264526
11329084
12208045
12195697
12200109
12194288
12190675
12192980
12191442
12513946
12203506
12186630
10996120
14620699
10998405
10993495
10999028
10998152
10990914
11000541
10996662
11011569
15619993
15585584
15579748
15586455
15587541
15586534
15588959
15584015
15594867
15585369
11268093
11175780
11265327
11259533
11264526
11398416
11261324
11265361
11195966
11259271
12200187
12206769
12191340
12191177
12198388
12194947
12194431
12194919
12193891
12214518
11360325
11199311
11269957
11271188
11271137
11271148
11185303
11274529
11205795
11276147
11002925
10999195
11002795
11000686
10995009
11000339
11004072
11000335
11002143
11134859
12744426
12477966
12201161
12199070
12190104
12195537
12193164
12194600
12729732
12461774
11001853
10992649
10985845
10994334
10996182
10997957
10990586
10991765
10994942
10990668
15597717
15598037
15590947
15598697
15589252
15594261
15587486
15596602
15593170
15589170
12199689
12463659
12200325
12201651
12204706
12199885
12206149
12204484
12202318
12201247
10999413
11004518
10998505
10993122
10995623
11285877
10996823
10997147
10998348
10995437
13163863
12729602
12719177
11976305
11185169
11248492
15011365
11257723
11128050
11118465
10989993
10978910
10981775
11152924
10982576
10978978
11292864
10983804
10977553
11134678
14994053
11322406
11366304
11292566
11308655
11299324
11244554
11261805
11260850
11267216
12206865
12197640
12193305
12205493
12198248
12198763
12195387
12201458
12197574
12192455
12202713
12193543
12195834
12200072
17361233
12193904
12196504
12929618
12651130
12199014
10995894
10990500
10982479
10987672
10988169
10987987
10985225
10988027
10986600
10992545
18299862
18297686
18303187
12775127
12314517
12273477
12253149
12229595
12470254
12433765
15613079
15593551
15598812
15592469
15595613
15585465
15595957
15585279
15586813
15596044
12731254
12458536
12880085
12732596
12727373
12727376
12724891
12986956
12726822
12652833
12190584
12741390
12731988
12718878
12710625
12726914
12782267
12966654
12876320
12585073
12180988
12179157
12451326
12499712
12188806
12190383
11573986
11983109
12185443
12186152
15604084
15595169
15600402
15591822
15590832
15591765
15585017
15595581
16256962
15596169
12193035
12175313
12501397
12187968
12173904
12185686
12183129
12184167
12456805
12441276
12186662
12180681
12182933
12186200
12189946
12184022
12186814
12188022
12185409
12180066
11184962
11273037
11260717
11223900
11265398
11186559
11261086
11250126
11261809
11269947
12204738
12196402
12204655
12206157
12200396
12196351
12197065
12544918
12201072
12193054
11279572
11277725
11219340
11277025
11184693
15198357
11234594
11275663
11530737
11230642
12731028
12722760
12736311
13037263
16520119
12738634
12782091
12724574
12733451
12999296
15599122
15596385
15594226
15590637
15602787
15589622
15599141
15590972
15596374
21051106
12212275
12199033
14448749
13134461
12462550
12194747
12197574
12203002
12199124
12199023
12192635
12189351
12184005
12188057
15149409
12188545
12193134
12193952
12184800
12181618
11000757
14393008
11007416
11002917
10996126
11002347
10998872
10997674
10994897
11004277
12194746
12177155
12187474
12185111
12187701
12187828
12994168
12996325
12201040
12189117
14712554
12706143
12709468
12707066
12703777
12819279
12903079
12714270
12707509
12708384
14374111
17883987
12823120
13242878
12943157
12820097
12718369
12709674
12728507
11683607
15604332
15610662
15585313
15574435
15593857
14095674
12725692
12718817
12712715
12718300
15586952
15573691
15614634
15593593
15597103
19873567
21234014
18243261
18274156
18312273
15805171
12179936
12182797
12174127
12177044
12174235
12178222
12169157
12176361
12175376
10999541
10988860
10997066
14119747
11003035
11023144
11005352
10999486
11005217
10995246
11006399
11000839
11005992
11007402
10999153
10997704
10996634
11000954
10995610
11003525
11266140
11261816
11344052
11270243
11254336
11268733
11267571
12168485
12175641
12183514
15623464
15600205
21135882
15603945
15600878
15606274
15609363
15600408
15599550
13881576
12177179
12170351
12174996
12175132
12169671
12168618
12167602
12166536
12172003
12174078
15591172
15584797
15589199
15589299
15616931
15579971
15584348
15594149
15581421
15585439
15597421
15603930
15600555
15601210
15593074
15590424
15592941
15598672
15600259
15111819
15599907
15592880
15592646
15586013
13701299
12727416
12458065
12723044
12727523
12439267
12916178
12729794
12789639
12720903
12726724
12722066
12723499
13294843
12728422
14093152
15617348
15607644
15607417
15607731
15609109
15599767
15611952
15602264
15604480
13397139
12192975
12193571
12194032
12194374
12192615
12196251
12193303
12407791
12197902
12188454
11203814
11428315
11262854
11233499
11269136
11266236
11262651
11241361
11238863
11307297
12778496
12191337
12188915
12184138
12499305
12187320
12179961
12178938
12489273
12195187
12779565
12724182
12723020
12728743
12760395
12867903
12727676
12730706
12723251
12723657
12194876
12190911
12194446
12444820
12184154
12177918
12186584
12180193
12999836
12727848
15599491
15598903
15592421
20694822
15609055
15593805
15601264
14764414
12191884
12457454
12238802
12194200
12191527
12190611
12232649
12188157
12182963
12177853
12183979
11411721
15991194
15603792
15610275
15632051
15606383
15609010
15605650
15613723
15605205
15614203
12178280
12183812
12185840
12178164
12177900
12181189
12182542
12188245
12178100
12182581
16300952
12201318
12204775
12211875
12196413
12204351
12193112
12202014
12198445
11878602
12742484
12727025
13071957
12719730
12900129
12734709
12725649
12729234
12996359
12992914
12199608
12203506
12188131
12191874
12190937
12193642
12525344
12185031
12190646
12454451
12184252
12188255
12186249
12188797
12186060
12182328
12180143
12184827
12196360
12508367
10992598
10995751
10984145
10984871
10987195
11140999
11002718
11000012
10995372
11003023
15625575
16420689
15615639
15617367
15614066
15606993
15606464
15594562
15599064
15602070
12244526
12181046
12195680
12180131
12188709
12496725
12194495
12187321
12193950
12187957
12938947
12844547
12722731
12725545
13003610
12728200
12730742
12951651
13049491
12462430
12194676
12180302
12179856
12187845
12180692
12185443
12189984
12192874
12192242
12201923
15613269
15611500
15598752
15618170
18996378
15615123
13650641
12191076
12199097
12194562
12734897
12729887
12926858
12740502
12727860
12737565
12732376
12732816
12312961
12264362
11535708
11223155
11273109
11263458
11263178
11405301
11256721
11271265
11178976
11450185
14308304
12612120
12463575
12198609
12203011
12204453
12191745
12199317
12210627
12199931
20388518
18194024
18207865
18205353
18210614
18216782
18200379
16516488
11311238
11289351
12136558
12126057
12126871
12129040
12121843
12127014
12126026
12125574
12124447
12236253
12136880
12144658
12136914
12137555
10939436
10938129
10931378
10938783
10937614
10937451
12151633
12144529
12147749
12452937
12146105
12146952
12140821
12146939
12148739
12147253
15555618
15567488
15564247
15562104
15558685
15561900
15560692
15559516
15556346
14311188
13759778
12147074
12140457
12155964
12140803
12145874
12145300
12144207
12142103
12285581
12135941
12132051
12139439
12139291
12129520
12142881
12135299
12142294
11570948
11357453
11097309
10953769
10938508
10946657
10951898
10960845
10946522
10949059
10945886
10979094
10941092
11111999
10953277
10945565
10948602
10951565
10941399
10949408
10946897
10946431
12143447
12146510
12143176
12427063
12142255
12147288
12141558
12144210
12142860
12148512
15588014
15574202
15579661
15582805
15574840
15557521
15557531
15552878
13823859
12128476
10949398
10947844
10957754
10945718
10951912
10952895
10942908
11234001
10943813
10939943
12140804
12136074
12134701
12137042
12135093
12130449
12476720
12134346
12133239
12126208
12137076
12130824
12128508
12133474
12128806
12126899
12129769
12411317
12143623
12148093
14213235
12762019
12681792
12675145
12671814
12679968
12675477
12731575
12678322
12964683
