20377938
18269689
18217067
18205409
18164585
18155806
18138306
18162877
18153088
16527956
12478271
12922008
12763811
12729084
12444853
12719721
12718971
12878765
12571473
12728247
15585406
15588008
15579304
15577079
15574788
15575540
15283136
12711509
12720781
12728491
15588785
15579955
15584593
15582798
15581036
15580238
15585886
15588756
15586177
15584249
12721840
12714709
12755167
12695154
12721652
12713776
12722091
12725519
12454523
12910499
13115196
13164067
13131562
13148618
13158201
13156001
13150868
13180889
13172352
13168943
15594973
15596345
15588373
15581363
15589129
15579900
15590155
15581178
15588937
15585620
12728927
12714039
12729203
12725767
12444287
12916783
11449705
11669050
11449205
11406704
12174926
12192760
12171281
12174998
12174587
12172402
12181687
11928547
11435904
11367647
15588522
15578439
15587672
15571542
15582225
15586966
15588471
13593731
15600430
15604147
12727975
12729366
12725297
12720911
12645982
12808980
12714523
12725112
12446926
12752005
12453667
12844362
12714073
12723170
12448044
12719318
12721616
12820451
12611590
12727065
15594712
15576486
15595585
15581639
15580492
15588584
15583681
15597345
15581297
15591263
12589847
12833710
12719869
12714504
11637406
11450055
11440384
11443943
11404581
11441878
12723427
12714330
12791184
12652717
16286962
12715031
12715049
12714738
12716207
12719665
15597965
15582721
15586306
15585280
15603721
15599367
15598320
15592854
15594390
15600455
13224075
13215376
13235619
13234313
13248452
13231791
13258633
13259149
13273463
13265649
12217287
12183859
12182031
12187949
12181698
12183999
12182714
12179739
12187414
12181143
15585433
15599511
15596891
15581102
15592499
15597427
15594713
15605996
15597623
12779941
12741649
12721795
12715002
12718386
12475262
12925421
12840969
12450714
12727677
12724216
15585266
15587574
15585434
15579421
15581461
15578374
15582727
15587020
15589744
15588152
15593887
12836563
12184034
12189417
12179449
12191148
12190004
12183407
12185231
12186500
15593125
15593594
15604310
15598094
15588933
15592711
15597943
15591481
15598437
15603245
12724893
12767628
12765618
12669383
12723338
12693937
11445929
11440119
11415030
11440312
12933923
12910812
12716554
12722288
12445029
12724689
12707787
12882055
12557017
12719057
12455286
12848763
12713811
12722516
12452948
11407979
11438786
11374135
11670825
11373505
13944690
12753994
12715400
12858091
12591143
12713432
12712773
12721774
12718719
12540864
13277765
13343488
13312957
13358547
13373763
13316491
13263464
13280951
13267163
13252150
13101888
13091535
13108176
13102347
13106602
13100598
13103031
13100225
13115349
13109484
15594771
15596419
15586273
15587798
15589132
15591336
15598848
15586408
12437614
12181187
13104454
13098044
13085439
13104571
13091407
13097724
13004096
13088887
12722409
12638440
15582134
15588608
15580042
15576033
15575735
15577743
15584810
15580033
15583367
15575912
13262367
13255701
13246074
13214512
13180211
13158538
13133668
13099348
13101817
13110248
15607354
15595902
15603021
15595415
15589271
15590596
15588891
15591369
15584212
15584849
12460284
12771963
12708974
12819888
12451977
12724742
12723045
12747982
12716838
12727153
12453972
12860822
12723053
12757046
12454683
12728994
12719870
12819543
12631700
12722994
12393057
11704757
11442090
11378197
11440361
11422589
12150799
11371060
11436521
11417834
13130548
13101270
13103153
13095854
13100615
13095815
13101687
13096388
13103140
13094484
12174608
12177594
12173577
12174454
12175115
12178318
12443878
12170718
12168414
12183063
15591951
14612326
12169451
12174483
12166475
12439437
12182036
12174348
12168523
12176535
13234031
13194095
13181686
13725379
13242901
13222582
13202418
13174063
13143805
13105647
15588911
15578740
15587054
15579908
15580261
15587623
15584820
15598481
15580407
15579804
15611023
15593408
15593567
15596656
15594049
15597665
15590651
15604371
15595955
15595129
13107431
13104356
13092777
13095325
13099772
13102771
13094169
13099520
13102060
13093629
15595331
15580901
15584505
15585666
15579096
15586888
15584042
15581251
15583084
15586859
12172172
12453398
12176242
12172482
12175151
12185140
12174756
12169253
12994239
13201266
15584709
15581554
15580623
19837909
15581044
15592929
15603776
15594603
15592173
15591571
13282200
13292349
13281970
13291533
12915380
12718011
12719332
12713874
12721044
12449564
15576081
15583015
15581664
15585949
15577355
15589811
15588113
15595403
15594454
15589740
13317778
13312490
13308906
13340773
13325564
13329754
13349277
13358137
13348209
13377735
11447404
11389149
11448566
11381771
11443644
11392583
11433153
11442179
11441139
11443426
15589361
15605426
15601732
15588900
15592990
15587653
15596573
15600418
15598270
15603165
13164355
13494963
13178588
13137390
13102781
13095185
13102966
13109548
13105875
13095748
12184184
12186219
12185078
12184162
12183150
12184934
12181959
12180059
12188513
12187025
15584563
15591200
15580307
15581569
15584956
15575847
15105851
13115659
13110798
13104259
13296803
13306319
13305681
13328871
13322100
13314081
13332550
13355202
13366153
13405793
12172357
12183064
12177371
12167365
12172579
12172927
12174233
12174276
12177761
12348008
15589499
15596102
15596561
15588284
15594161
15591561
15591824
15593926
15597847
15601779
12728727
12711478
12176688
12174595
12504818
12178866
12178996
12180240
12190096
12176915
12177119
12170708
12169660
12168076
12176348
12174583
12461116
12185369
12175726
12183612
14089039
12182635
12458828
12185995
12192963
12183580
12183284
12181038
12181933
12186589
12190754
12184703
12179881
12176131
12179950
12184634
12178514
12181703
12183126
12191828
12187559
12183249
12180884
12192211
12188115
12457704
12182270
12182601
12183197
12525907
15576781
15578538
15581535
15579541
15588971
15581971
15581293
15586087
15574153
15597990
13170004
13190691
13185184
13229657
13203591
13186275
13198309
13216854
13219395
12857340
12593250
12868588
13814515
13316843
13313210
13276663
13256503
13246183
13229693
12763782
14259568
14098562
12189762
12183750
12173458
12172876
15567609
12174512
12177520
12174952
13412975
13396890
13025254
12769175
12452805
12720432
12715198
12719160
12716878
12726250
13347357
12729820
12721700
12717007
12720242
12462396
13167232
12717806
12851956
12454034
13340168
13323392
13304836
13281533
13277352
13244480
13218506
13187040
13163347
13117877
15574731
15579811
15600646
15584972
15581156
15586536
13713423
12723302
12638186
13556550
13099863
13125638
13148624
13129937
13151242
13155930
13159821
13167304
13177931
13175386
15601254
15597404
15598702
15603851
15597574
15596489
15600947
15597139
15591298
15596755
13243423
13220400
13255591
12178379
12180512
12179673
12182824
12186998
12184936
12179392
15579030
15582147
15587556
15585523
15582731
15583815
15593278
15595397
15595736
15599788
15598832
15595224
15598955
15603644
15596605
15588711
15610306
15599556
15594481
15586783
15579786
15590432
15574451
15583013
15579510
15574925
15583724
15574027
15580451
15571919
12170056
12178991
12519654
12167760
12170075
12174502
12453896
12182126
12176868
12184433
14270882
12849611
12715693
12717343
12451277
12720879
12721092
12889210
12649642
12733719
12175623
12451935
12170057
12177260
12176290
12177181
12171055
12175619
12175929
12183450
13271484
13280681
13833373
13169022
13128572
13142729
13147072
13152295
13165293
13182830
13255557
13254439
13279651
13263570
13277341
13294785
16940717
13414266
13418059
13395039
12180462
12185090
12180779
15545407
12379107
12188698
12180316
12181306
12184632
12185422
13105681
13162074
13134502
13133198
13143439
13272237
12849780
12938895
12824521
12453070
12451418
12861749
16212384
12717817
12991034
12726256
12730961
12745879
12694426
12732614
15599887
19854743
15503734
12921566
12726027
12725062
12456168
12726415
12722511
12891302
15591820
15586306
15595846
15600829
15594477
15599462
15597114
15594262
15595565
15263093
13437296
13427230
13420528
13381996
12553171
12705380
16711744
12783687
12714784
12768577
15610425
12713326
12719731
13117322
12713570
12722069
12714662
12724021
12726889
12465345
12186082
12177735
12532189
12168188
12168867
12172011
12456880
12174734
12179809
12183640
15583286
15580596
15578018
15596098
15573190
15581742
15573573
15575416
19793455
15577266
13104876
13101578
13403473
13104449
13101508
13094841
13102505
13109393
13107824
13108694
15586859
15591390
15585557
15588767
15596103
15590307
15589277
15589503
15591518
15600128
11387518
11796600
12715041
12727599
12733330
12720851
12721457
12367978
11371844
11439385
15595906
15573954
15585748
15597323
15590706
15605323
15595509
15594097
15615030
14585736
12172796
12464796
12183985
12174456
12182781
12438093
12172148
12168661
12173671
12171001
15089363
12186875
12192292
12187076
12184483
12190872
15442799
15585587
15577100
15578837
12588945
12868740
12713549
12713942
12713489
12444624
12821953
12717112
12779660
12454167
13128530
13110513
13108335
12725571
12453558
12711167
12800929
12979202
12537472
12738964
13127628
13107027
13100672
13118202
13098108
13115985
13102795
13086104
12726447
12775401
