168674
176202
166787
166765
166820
166881
166763
166816
166920
166755
166806
166748
166791
166771
166754
166847
166794
238260
166883
166747
166863
166830
166836
166765
166767
166890
166769
166896
166892
166814
166863
166829
166882
166805
167003
167169
166831
166787
166869
166803
166804
166826
166789
166752
166810
166847
176143
166747
166905
166752
166806
166808
166799
166760
166809
166849
166822
166756
166871
166757
166810
166813
166809
166839
175003
166854
166881
166745
166878
208914
196177
185332
185375
185345
166812
166786
166750
166745
166906
166759
166807
166811
166842
166812
166820
166858
166889
166751
166936
166763
166807
166816
166849
166766
166821
166912
166834
166742
166966
166811
166808
185344
166860
166829
170409
166796
166836
238209
166918
166757
201879
166896
172917
166825
166752
166837
166816
185270
166963
166762
185327
166763
166853
166804
166813
166847
166760
166737
166924
166760
167142
166805
166789
166783
166810
166775
166800
166785
166862
166753
185333
185334
166828
166811
166820
166786
166814
166806
166961
166751
166809
180106
166829
166815
166806
166923
166796
166746
167173
166754
175578
166814
166917
166820
166750
166842
166752
166812
166931
166827
175302
166825
166858
166812
171189
166779
166818
166743
166904
166749
166806
166754
166860
166811
166750
166847
166766
166869
167006
166760
166807
166815
166814
166757
166810
166841
166880
166747
166919
166761
166799
185308
185360
185406
185333
185394
185285
166836
188819
166746
166807
166823
166931
185293
185278
185377
185336
185272
166928
166766
185337
185351
185378
185346
185343
185371
185412
185309
185390
185287
166805
166799
166784
166750
166765
166789
166765
166743
166872
166829
185321
185340
185330
185296
185338
166854
166801
166746
185540
185281
166807
166814
166855
166815
166812
166848
166807
207206
166893
166836
166805
166810
167153
166818
166821
182496
166763
166747
166853
166758
166807
191165
166853
166811
166750
166839
166821
166737
167000
166890
166803
166812
166863
166818
166873
166907
166769
166744
166926
166771
166806
166809
166869
166882
166826
166842
166816
166741
166876
166754
166805
166814
166851
166806
166810
166890
166818
194434
166912
166764
185332
166836
166852
166751
166885
166849
166814
166746
166879
166827
166807
166891
166858
167159
166814
166922
166775
166749
166865
166824
166799
166752
166844
166821
166860
166919
166750
166822
166987
185292
166808
166826
166852
166828
166819
166848
166800
166746
166984
166838
166808
166814
181872
166819
167063
166910
166882
166837
166867
166838
185327
185326
192387
185348
185415
185366
185304
166748
166950
166823
166805
166822
166857
166815
166810
166848
173071
166748
166976
166811
166803
166954
166867
166749
166812
238307
185325
166747
166878
166750
166808
166812
166859
166751
166880
166856
166811
179781
166947
166825
166808
166793
166783
166761
166800
166843
166757
166754
166869
166809
166807
166775
166787
166769
166839
166848
166761
166805
166976
166755
196923
166806
166866
185364
166888
166842
166820
166811
166925
166814
166807
166828
166846
166761
166817
166775
166820
166786
166938
166763
166808
166816
166848
175031
166809
166842
166863
173276
166968
166809
166807
166811
166846
166812
166762
166833
166806
166778
166898
166826
166808
166753
166791
166882
166749
166836
167176
166753
166872
166814
166805
166815
166852
166771
166808
166850
173603
166806
166932
166750
166800
166750
166847
166862
171327
166842
166797
166753
195454
166751
185330
185338
193121
185339
185333
185626
185322
166822
166910
166761
166808
166813
166787
166810
166815
167035
166810
189627
166844
166832
200614
185261
166853
166821
166749
167073
173940
185349
166925
166810
166799
166843
166795
166747
166749
166898
166757
166746
167203
166828
185331
185294
185325
185288
185322
185367
185277
166759
166929
166762
166807
166811
166801
166819
166750
166858
166756
166836
166905
166767
166807
166814
166830
166747
166749
166780
166766
166807
166883
166768
166802
166827
166876
166875
166753
166782
166813
166811
166850
166805
166810
166811
166917
166766
166810
166783
166767
185307
166987
166761
166803
179499
166892
166750
166799
166902
166811
166762
166917
166750
166805
166750
166914
166809
166748
166792
166753
166749
167014
166827
166800
166751
166802
166751
166822
187582
166796
166748
166914
166893
194854
166748
166789
166759
166774
166783
166765
166838
166878
166825
166808
175172
166844
166824
166812
166838
175006
166746
166983
166766
185338
185337
185381
185570
185409
185512
185280
166737
166974
166841
166809
173608
166843
166754
166748
166843
167067
184060
166906
166826
185333
185384
185447
185295
185279
185316
185295
185363
185451
185332
185330
185286
185325
185280
185335
185312
185379
185284
185433
185338
166807
166812
166787
166812
166808
166860
166810
166824
166905
166831
185331
185281
185369
185336
185283
185319
185279
185274
185427
185687
166810
166811
166791
166750
166881
166898
166824
166836
166886
166812
182937
166757
166863
166817
166825
166839
166823
166755
175471
166751
166806
166762
166833
166819
166809
166782
166754
166799
166913
166772
238257
239443
166859
166827
166822
166782
166759
166752
166993
166821
166808
166746
166856
166825
166745
166887
166883
166814
166898
166804
195199
185361
185313
185275
185331
185366
194688
166833
166909
166827
166804
166822
166909
166819
166812
166823
166754
166747
167005
166812
185328
185278
185313
185338
185357
185382
185341
185272
185372
166751
166808
166810
166919
166804
166816
166788
166763
166750
167015
166802
185332
185336
185377
185347
190514
197463
185339
185273
166963
166827
166808
166819
166856
166755
166748
166909
166796
166833
166909
166753
166802
166816
166822
166892
166811
166907
166762
166757
166970
166805
166810
166814
166798
166782
166747
166849
166877
166832
166885
166820
166805
166822
166783
166753
166813
166908
166951
166754
166902
166755
166807
197292
166804
166755
166826
166884
166764
238283
166928
166771
185324
185355
185385
185332
185276
191388
185292
185294
185695
185276
166808
166814
166856
166809
166809
166822
166819
185276
167045
185353
166805
166749
166851
166813
166810
166852
166816
171870
166910
166751
167093
166756
166851
172275
166882
166852
166805
166830
166939
166828
166815
166842
166851
166750
166749
185365
166789
166749
167011
166803
166818
166825
166794
166818
166809
166868
166810
166827
167017
166816
166808
166751
166862
166881
166751
166789
166807
166753
166903
166754
166806
166811
166857
166808
166796
166831
167085
166755
166905
166762
166807
166757
166847
166823
166752
166830
166760
166786
166845
166827
166808
166749
166789
166754
166810
166833
166750
166833
166894
166808
166805
166815
172613
166755
166752
166848
166760
166748
166876
166759
166809
166753
166829
166796
166747
166903
166824
166832
166885
166810
166801
166835
166863
166793
166752
182548
166789
166798
166902
166764
166809
166758
167084
178844
166819
166846
166815
166807
166847
166810
166805
166823
166861
166831
166812
166861
166828
166833
166905
166827
185331
185315
166790
166879
166821
166847
166805
166746
166918
166749
