168318
166767
166767
166765
166763
171977
166762
166790
166837
179624
166772
166741
166806
166784
166749
166779
166751
166743
166892
166831
166799
166818
166764
166750
166750
166794
166767
166782
166969
166768
185368
185294
185305
209600
185356
185318
185280
173892
166902
166763
166841
166797
166844
166749
166752
185311
171248
166748
166928
166753
185383
185334
185305
189265
185275
185328
185296
238278
166833
166748
185380
166835
166783
166791
185280
166790
185277
185311
166973
185304
185369
185285
185327
185278
185337
185387
185292
185331
180936
166824
185527
185280
185315
185289
185278
185354
185362
166887
174103
166752
238268
238215
238253
193643
185355
238313
185281
166834
172093
167103
195080
185344
185307
185283
185279
185312
185292
166743
166889
166818
238319
238279
238288
250381
238300
238243
238218
167142
185368
166805
166846
166838
166805
166750
166835
181331
166773
244080
166915
166805
185369
185360
185352
185289
185356
238289
185292
247465
166840
166749
185370
185330
185322
185289
185343
185364
185292
166995
166879
166824
238310
238227
185348
185309
185412
185391
185293
166745
166908
166758
166801
167028
166778
166827
166892
166787
166777
166789
166880
166828
185377
185338
185296
185298
166788
166829
166830
166777
166828
166758
185338
208431
185280
185370
185282
185303
185279
166737
166844
166798
166845
166814
166783
166752
166810
166848
166768
166757
166900
166793
166851
166764
166792
166757
166976
166779
170391
166749
166830
166759
185376
185313
185352
185324
185281
185314
185272
185347
166964
166759
185383
185362
185277
189967
185299
185305
185280
199270
166903
166832
185380
166817
166793
191643
166892
166838
166750
166804
166851
166751
185361
217676
185310
185279
238330
185314
185300
185313
166845
166750
185361
185333
185304
185296
213403
185310
185280
167007
166975
166763
166832
166811
166754
167029
166828
166789
167032
238272
175366
166766
185572
166816
166808
166953
185699
166794
166772
270013
166863
166757
166833
166874
172234
166750
197471
202342
166755
185296
166867
185290
238269
238237
185276
185279
185356
185305
185292
166742
166893
166768
185371
185358
185401
185278
201973
191074
185301
166818
166915
166754
185360
185337
185295
185288
185321
185359
185280
185286
166882
166823
185368
185370
185311
190037
185361
185306
185294
166807
166913
166754
183738
166791
166795
166756
166819
166850
166758
185407
166823
166761
185379
185330
185320
185293
185287
185329
238214
166785
166836
166765
166853
166811
166767
166763
167138
166803
170593
166804
166932
166821
238266
238284
238229
238234
238276
238248
238299
166746
166857
166762
166848
166822
166793
166766
166822
166784
166750
166783
166973
166753
238256
238219
238244
238218
238290
252088
185291
166784
166947
235897
185373
185340
185287
185293
185332
185304
185299
166808
166877
166759
238266
238291
238291
238570
238606
185317
169923
166756
166926
166753
185377
185335
166808
166759
185333
166797
166762
166754
166880
166749
185378
185337
185298
185277
185417
166856
166758
238224
166889
166822
181687
167123
166793
166765
166751
166760
166751
177643
166927
166762
185324
166808
166788
166768
166816
166788
166768
166755
166950
166818
244560
185337
185308
185292
226354
185390
166762
185307
166888
166751
185368
185396
238312
185283
238281
185333
185292
166786
166911
166752
166830
166812
166797
166763
166885
185395
185286
166804
166872
166827
202282
238304
185388
185359
185359
185316
185305
179895
166891
166751
166804
166789
166781
166763
166749
166790
166754
166832
166839
166750
185359
185290
185326
185303
185300
185399
185291
238221
166936
166753
185361
185369
185358
185307
185335
185306
185293
238233
185491
166753
185383
185310
166800
166759
166827
166789
188552
166742
166894
166766
249047
185406
204558
185282
185312
185372
202286
166786
167001
166751
166804
166834
166786
166751
166754
166792
185353
185272
166910
166754
185603
166818
166802
206522
166811
166848
166766
166784
166898
166826
238280
185294
238260
185287
185362
185310
185313
166787
166925
188222
185359
185411
185348
185281
185353
185327
185290
167191
166899
166823
196004
166770
166792
185281
166830
176816
166755
166793
166839
166974
238265
238290
185317
185280
185298
185328
185286
166788
166905
166825
166853
185277
166803
166762
185399
166825
166762
238238
166829
166825
238255
238236
185357
185459
185359
185305
185284
166806
166959
166793
166841
166751
166780
166756
166794
185313
185293
187016
166885
166762
185385
185277
185305
185341
238365
185313
185278
166830
166842
166758
185370
185289
185331
185283
193801
166783
166759
166788
166966
166768
238266
238222
238248
238216
238269
238286
238213
166799
166959
185291
166841
185354
166786
166754
166756
166847
166766
185332
176327
166765
238256
238214
238249
238242
238214
238243
238236
166807
173439
185392
166831
166830
201762
166838
166891
166839
166831
245812
166845
166750
238255
238266
238290
185334
185355
185375
185287
166747
185432
166753
185373
166819
166793
187524
166825
185318
166763
186374
166880
166767
238295
238270
238241
185305
185336
185333
185290
185310
166885
185279
185369
185343
185333
185343
238346
185312
185291
166746
166879
166752
166850
166749
166770
166750
166809
166838
166752
238259
166944
166752
185381
185281
185364
185278
185319
185305
185286
166835
166884
166754
185328
185339
185354
185331
185310
185447
185278
167070
166936
195551
185370
185335
185312
238227
238219
185318
185278
166746
166906
166754
185381
185277
185310
185289
185310
185319
185278
166744
185494
166757
185471
166814
185305
185278
166891
185367
166750
166830
166846
170346
185389
185282
185289
185278
185408
185321
185360
166747
166872
166752
185350
185355
185384
185285
185288
185313
185282
189792
166828
166764
166843
166828
190987
166752
166749
166801
166757
166810
166932
166824
166806
166818
166785
166755
166881
166780
166772
238261
166889
166758
166804
166810
166807
166825
166820
166786
166770
166786
166843
166752
166842
185678
166841
166763
166892
166780
190368
194868
166899
185281
166808
166755
166764
166829
172723
166797
166753
166818
166907
166751
166813
166809
166782
166766
166869
166783
166758
166788
166888
166752
185370
185306
185390
185290
185283
185330
185277
166790
166889
166754
185384
185351
185319
185287
185282
185308
185281
166822
166923
166773
185372
185348
185394
197695
185277
185370
185287
166743
166954
166752
238261
238236
238259
238212
185347
185315
185282
166756
166921
166760
166806
185337
166782
166784
185315
166770
166771
236847
166906
166770
238255
166816
166820
185274
166819
166847
166818
188342
166956
166754
185383
185349
185324
185293
185335
185315
185290
249911
166832
166751
238271
185353
185311
238227
238271
185311
185354
167154
166818
166757
185366
185354
185330
185281
185357
185315
185283
166747
166983
166769
238261
238224
238242
238215
238219
238241
238236
166745
166875
166751
166843
166819
166793
166749
166807
166788
166767
166746
166923
166749
238269
238219
238248
238288
185280
185305
185300
166756
166861
166765
185394
185334
185361
185289
185277
185313
185290
190902
166855
166751
