20857810
18237180
18239938
18222725
18233156
18236878
18238379
16317055
12268893
12241938
11239789
11230857
11245776
11233144
11239660
11246275
11129333
11231022
11235734
11095433
12140096
12132651
12130462
12122944
12148692
12130788
12129551
12128160
12130124
12130451
15547289
14503834
12127823
12132426
12133312
12134895
12132684
12134978
12138107
12141690
15549560
15537045
15544613
15534853
14584882
12837710
12421097
12683034
12961178
12677524
12703958
12689290
12681983
12691890
12415446
12844764
12169089
12145247
12149871
12146401
12143820
12143897
12413975
12145354
12143836
12144094
12145658
12140865
12144424
12138924
12682848
12690249
12841019
12521342
12683367
12683951
12671876
12695851
12868678
12882185
15541480
15543869
12856116
12135170
12136863
12134429
12148490
12132947
12139782
12134749
15557013
15547073
15560738
15555664
15552109
15565621
15550306
15553629
15562546
15552904
15558673
15560789
15550381
15557184
15559036
15547727
15553076
15561325
15554146
15575741
18339954
15557315
15564347
15557757
13290228
12145809
12146569
12149457
12421232
12152933
12140959
12138894
12133069
12134611
12135347
12168564
12138680
12147012
12444367
12137153
12139472
12127339
12127593
12128698
12143604
12150451
12147663
12143183
12146249
12150785
12138938
12145071
12407413
12139824
12142060
12147195
12140808
12140945
12143640
12142478
12132610
12139061
12140126
12379266
12127760
12127854
12131972
12130511
12132831
12131114
15560813
15565212
15547592
15554528
15553477
15554391
15552934
15553545
15557908
15552063
15552470
15549976
15549016
15550769
15553051
15543123
13880461
12689252
12698109
12418309
12139607
12132331
12136706
12134178
12131962
12133405
12429792
12146426
12149998
12141821
15551964
15561204
15558330
15558084
15553372
15557826
15553506
15559179
15564692
15557499
11087959
11218826
11148069
11086300
11226089
11143062
11084468
11174648
11224651
11282452
15551492
15546148
15539234
15545918
15545131
15547154
15540933
15543113
15547885
15550509
15549207
15554583
15562293
15540893
15557549
15554959
15544890
15551161
15557013
15555740
12143726
12145880
12140892
12137958
12145134
12141708
12138373
12141295
12145705
12147937
12139434
12136425
12140984
15592350
12159611
12427014
12162217
12162813
12161773
12171587
15564418
15565729
12844858
12162144
12158416
12162782
12502865
12147945
12148440
12154987
10969225
10960484
10976840
10970137
10967488
10970066
10976019
10967491
10977765
10976998
15567656
15558410
15569550
15557544
15567936
15578118
15584587
15573543
15574857
14729408
12149354
12151762
12149942
12145847
12155465
12154855
12154847
12151148
12159873
12151764
15588493
15576675
15585119
15586660
15589801
15580790
15579649
15582524
15580097
15586377
12157847
12147915
12156444
12150812
12153729
12151718
12151102
12149574
12416354
12154504
12418542
12151246
12150011
12150269
12152010
12148812
12153871
12151667
12155375
12149456
12149492
12152398
12151686
12150652
12148632
12150104
12153580
12154192
12154893
12155782
15576203
15572570
15579708
15582313
15579681
15591403
15580030
15584356
15587680
15580758
15580950
15576311
15576002
15576168
15576851
15578784
15576397
15580387
15566607
15585812
12151624
12152036
12149083
12144478
12154351
12155274
12495687
12223827
12157899
12150391
21704470
18187698
18170490
18179802
18176683
18188402
18185243
18171769
18175709
18173014
15601098
15599455
15594445
15602731
15596948
15601080
15606334
15599907
12182380
12185394
12204686
12191408
12199941
12185664
12190625
12193650
12197500
12192406
12186370
11673983
15604089
15596223
15600983
15617901
15612346
15606706
15609443
15611725
15612480
15613143
11281938
11270795
11264298
11266572
11261198
11161904
11265182
11587969
11262294
11269056
15599784
15597788
15597870
15583870
15598553
15967889
15596780
15596361
15620070
15591829
15616043
15596840
15611984
15615088
15602330
15604253
15610470
15610192
13211572
12196472
12198955
12201750
12201611
12196209
12194597
12208403
12195018
12186740
12189103
12185213
13515884
15609171
15606007
15613605
15601599
15598939
15618580
15610421
15598114
14811279
12190588
12189390
12192260
12196526
12194296
12194389
12189785
12193404
12198494
12190063
15610681
15607361
15616731
15604263
15616393
15602706
15625385
15619069
15606344
15611758
12205248
12201981
12198246
12465801
12188008
12185388
12187155
12187271
12181283
12245423
15585142
15570305
15588099
15581129
15581121
15586705
16252217
15583777
15576790
15582201
12185086
12186024
12498659
12179111
12180597
12199345
12176488
12254715
12175131
12181782
12167698
12176463
12179936
12171237
12705781
12176376
12168602
12179159
12172995
12172544
15592840
15595461
14873172
12182206
12186440
12174371
12181316
12186007
12508452
12183331
12183323
12186169
12169911
12176343
12165999
12174101
12183883
12158186
10981775
11113538
15592610
15577523
15583214
16371708
15585698
15580026
15621967
15600474
15582399
15578237
15597479
15601639
15598113
15601139
16092939
15586307
15588575
15540683
12181137
12454705
15589653
15582133
15594411
15576205
15581665
15573365
15580470
15578551
12893640
12525938
12237740
12183324
12185836
12190748
12192315
12077346
10979582
10990301
10980941
10980968
12157131
12148210
12150374
12143482
12148911
12147887
12427284
12152593
12154910
12145071
15559027
15557674
15551765
15561766
15548363
15554519
15548498
12150969
13180013
12132116
14378860
12681275
12688675
12412663
12682264
12772541
12726426
12676679
12689200
12822414
12139697
12134740
12133245
12133719
13430509
15540130
18350627
12174332
12172282
12165721
12137165
12446379
16702057
12139008
12130877
12130289
12131332
12137286
12128134
12133451
12032799
11126591
11226416
11225281
11160023
11221670
11212468
12266020
11157550
11238267
15548513
15557004
15548433
15542129
15546868
15543708
15550951
13960868
12128616
16071681
15565328
15559437
15572750
15563486
15558188
15552598
15554032
15562060
15555943
15556877
15562739
15567176
15562212
12750575
12144855
12487331
12160702
12148286
12148778
12152552
15579381
15569039
15565890
15559508
15562589
15562406
15562548
15567759
15556906
14664770
12152263
12144863
12150857
12144717
12148688
12147236
12145726
12153870
12148869
12143962
10948209
10939308
11307464
10953431
10940441
10942146
10947673
10945204
10949038
10947038
10966051
10942184
10959213
10955329
10947018
11432897
12140201
12136792
12138390
12131294
15559285
15566564
15549925
12146954
12969593
10983975
10957830
10959626
10950741
11154931
15594156
15582920
12467514
11245371
11176305
11255577
11244897
11252964
11255309
11395760
15593657
15593474
15589636
15598213
15594788
15600662
15597152
15593408
15597540
15977562
12458342
12173063
12171134
12172770
12166880
12174555
12171472
12167010
12176378
12245450
15583942
15582915
15563445
12188345
12183857
12179158
12181472
12180792
12179782
12183580
15587695
15583347
15585256
15579920
15580247
15578211
15575583
15587374
15569202
15582979
15589990
15587618
15585093
15583193
15598942
15590700
15588089
15585471
15591469
15591524
17646806
15597742
15591745
15587258
15610450
13358577
12720826
12179206
12178515
12177368
15598957
15588328
15588473
15593547
15587863
15975704
15586201
15590865
15592882
15600093
12176240
12173753
12172348
12168939
12176043
12171369
12171411
12168973
12166688
12200014
12309264
12188078
12494882
12173508
12174714
12177821
12172389
12174710
12173017
12173157
12174664
12170440
12184021
12169831
12173043
12170616
12173203
12169414
11195066
11388176
11879956
11250213
11316448
11252356
11183721
11248820
11244880
11511960
11252150
11558275
13232509
13211326
11260021
11133435
11575588
10980201
10979745
10981867
10980805
10978610
15578200
15584064
15580691
15586486
15573464
15577877
15594493
15575178
15581324
12437810
15600847
15595231
15589676
15588282
15597449
15592863
15599306
15574130
12187404
12179922
15593936
15593037
15594728
15597611
15588169
15596817
15590097
15591206
15585231
15594950
15589654
15598175
15581628
15580880
15575835
15577392
15568334
15577231
12710836
12183605
12729471
12717589
12717740
12718666
12709183
12918663
12447966
12174685
12174190
12179020
12009493
10995481
10994151
10990457
10998333
11124186
10970417
10984993
10975584
11016526
15583214
15579301
15570691
15575058
15574301
15580641
15577694
15583178
12168896
11781599
15586516
15572867
15579400
15589110
15579809
15582018
15575441
15576765
15578070
13930314
15975343
15597821
15607273
15583880
15598430
15593804
15588266
15594467
15606903
15599170
12181211
12184564
12172508
12182704
12178056
12176306
12178367
12175441
12179042
12173606
11221861
11235069
11255931
11165376
11251944
11375595
11382366
11253823
11201671
11505491
12114336
10998420
11153284
10982374
11249355
11387070
11386250
10978461
11112830
10980708
12173438
12170220
12172943
12170475
12175422
12168572
12435991
12182469
12178111
12184041
12717588
12714035
12715248
12792990
12949580
12718672
12714669
12718563
12983482
12710321
15600075
15589018
15596554
20262908
15590163
15585202
15592000
15589949
15593669
15600124
11255853
11384051
11199428
11253614
11163078
11250301
11252734
11248581
11536234
11170117
