22687981
20889814
20848486
20823720
20756838
20778468
19791935
17981105
17987774
17954436
17890360
17842603
17850573
17906594
17389524
15561103
15581333
15569680
15587489
15570552
15587094
15578799
15583345
15573506
15566343
15577180
15571083
15576552
15578341
15586640
15575097
15580086
15585108
15583876
15573799
15588110
15604621
15579890
15578492
15583556
15583906
15584302
15576373
15591379
15580452
15587548
15593244
15582135
15581796
15585803
15561486
15565025
15556646
15580569
15567087
15565262
15570208
15565587
15571422
15564198
15579559
15585762
15570966
15590214
15566525
15576293
15577533
15566484
15556743
15563400
15565282
15565510
15563230
15561908
15568279
15555080
15594801
15574549
15580806
15569546
15580347
15583286
15581214
15578328
15581980
15582701
15569324
15584966
15576859
15566610
15570617
15573292
15562732
15552631
15576310
15564387
15566596
15571608
15561456
15572698
15575001
15587005
15610162
15570474
15560266
15567112
15565603
15560547
15552419
15570154
15568833
15562924
15582827
15553291
15570661
15566784
15563497
15574927
15565694
15574267
15564584
15576901
15559129
15559857
15569804
15569339
15572925
15563962
15570053
15564044
15559516
15587750
15572836
15589771
15593489
15577106
15582805
15572809
15603876
15571248
15564283
15567193
15557927
15567068
15559705
15586295
15566891
15574641
15567442
15568803
15554928
15563497
15566337
15574600
15572323
15575410
15575659
15585246
15583028
15571704
15588324
15564218
15557098
15568410
15565385
15547655
15582996
15558419
15569904
15570211
15580638
15579564
15552628
15566585
15565039
15560964
15573529
15564228
15561797
15564770
15580154
15577940
15586832
15570906
15595876
15565917
15584882
15578617
15582698
15573650
15582281
15578378
15580283
15587911
15592554
15588249
15596923
15581653
15573843
15587428
15576381
15582439
15574410
15587551
15578327
15569154
15582391
15591475
15598768
15585462
17972519
18006619
17937715
18065862
17967173
17925660
17960286
17948979
17949293
18129141
17924694
18113946
17971656
18080624
18241820
18497283
17987930
18113430
18034333
18074462
17986529
17993811
17951960
17962294
17941453
17960485
17585974
17912942
17854419
17842088
17964126
18034609
17911676
17984971
17956526
17944768
17599324
17920432
17879798
17974185
15572892
15578884
15577104
15575837
15572728
15585917
15576127
15571386
15577468
15574154
15583924
15588288
15571432
15579485
15581834
15576582
15578599
15573505
15572128
15575511
15577059
15573495
15559789
15582721
15583699
15573027
15576549
15571494
15563205
15571058
15575194
15579364
15564395
15568445
15591550
15576309
15580086
15575710
15580889
15580895
17776104
15603771
15594782
15582292
15587217
15597203
15592682
15592901
15591212
15596807
15572563
15581296
15582341
15567448
15591803
15581727
15576424
15586059
15589168
15574759
15573818
15577994
15566195
15578048
15582863
15578241
15578601
15577373
15582521
15561367
15575768
15567823
15570997
15556991
15570777
15560241
15561616
15561562
15579901
15557046
15597620
15580120
15568347
15570840
15580963
15570006
15584360
15575027
15576583
15572283
15587355
15575537
15583600
15571911
15584974
15582191
15577425
15597566
15587394
15574908
15568284
15586343
15581521
15573149
15588397
15573663
15563423
15577593
15578364
15579523
15579946
15575134
15579306
15587859
15599011
15576231
15591092
15578216
15572825
15605892
15572390
15606642
15591539
15573218
15587042
15592866
15589594
15598247
15591974
15608342
15575649
15571790
15584394
15577517
15580517
15577970
15581187
15586827
15587959
15581653
15574582
15574607
15575010
15592289
15587246
15583412
15582554
15582039
15580920
15578313
15568766
15569381
15572527
15554242
15579083
15557758
15549136
15577927
15558050
15569093
15574189
15590172
15577586
15576097
15575587
15575304
15585678
15568443
15589069
15582914
15570782
15566890
15564620
15565406
15574526
15581938
15567693
15558120
15561720
15570947
15578434
15573229
15583185
15570774
15585117
15575471
15584985
15578481
15578934
15571400
15578618
15584058
15576403
15571647
15591342
15586951
15569913
15585687
15599249
15571321
15587922
15582331
15586881
15588075
15592659
15583767
15592156
15592631
15602427
15581269
15577691
15581607
15581788
15575468
15580435
15560873
15590447
15585005
15580827
15578048
15572565
15585211
15575865
15584276
15578954
15577755
15588454
15573345
15589606
15581448
15564840
15562827
15551442
15567839
15559603
15577462
15557973
15564110
15562442
15566729
15570989
15574572
15560526
15574218
15580957
15576453
15588067
15584608
15579436
15566143
15582164
15572640
15562854
15573454
15554807
15576251
15568312
15560524
15571918
15561818
15559543
15567504
15561820
15565408
15555481
15573713
15563288
15580049
15565996
15567605
15574027
15579017
15563969
15576358
15582813
15574869
15578431
15581766
15568057
15574278
17878021
17925058
17951416
17905641
17885286
17932603
17797450
17869392
17911779
17859994
15560154
15573561
15573696
15568506
15566257
15587419
15570116
15556879
15561954
15561458
15570177
15586117
15577117
15579671
15581820
15581865
15573426
15581338
15567451
15622858
15581099
15573255
15566324
15600661
15573805
15591057
15577137
15577238
15591600
15569481
15588042
15574573
15556633
15593291
15581662
15580554
15582325
15576484
15576361
15579080
15590127
15582595
15580760
15577505
15602805
15569414
15584050
15578760
15589022
15588086
15563383
15572182
15589946
15586835
15570845
15596331
15577314
15564107
15577609
15598162
15565196
15585470
15552136
15571863
15559525
15571782
15564995
15573239
15563375
15570277
15583684
15572695
15572084
15585806
15575133
15576057
15571449
15588598
15575040
15578734
15576847
15566571
15568044
15569927
15562868
15570168
15558292
15575845
15560628
15557976
15588435
15571837
15564093
15564023
15587971
15572455
15579258
15572160
15581264
15577414
15578202
15565514
15555403
15572747
15586699
15587211
15581021
15579520
15594597
15585339
15583394
15582497
15571939
15580532
15556687
15581681
15555875
15559525
15554851
15570180
15558727
15565082
15559672
15573453
15556538
15559790
15566745
15563164
15577841
15574285
15576688
15570547
15580825
15564972
15564902
15569538
15576925
15584216
15576914
15572233
15574493
15556314
15555103
15566234
15571233
15560319
15581351
15567371
15560872
15566451
15603581
15611554
15620467
15625516
15631233
15621299
15610947
15608825
15618617
15616313
15613130
15622418
15620850
15627275
15644241
15617435
15612532
15635444
15629113
15627836
15616543
15621678
15631423
15623448
15633796
15635475
15626839
15605068
15609636
15610968
15625707
15640928
15632264
15608274
15617503
15620924
15621168
15636370
15636573
15636264
15610531
15616049
15624001
15622346
15615461
15616620
15610664
15610092
15615916
15625750
15630350
15629004
15635578
15632317
15625673
15623845
15638734
15649698
15603939
15623553
15618903
15625916
15637347
15624945
15622759
15626201
15620176
15627912
15629999
15615536
15596149
15621163
15606841
15612193
15595008
15622949
15608170
15623078
15628226
15611912
15628603
15634327
15633323
15615925
15641685
15633982
15621418
15742681
15627288
15622250
15632572
15630072
15632103
15630546
15635085
15624557
15630883
15627207
15628761
15617573
15588094
15588922
15581451
15574550
15589914
15580532
15578324
15582111
15588540
15588068
15587427
15578193
15580501
15567680
15569419
15587116
15578616
15602692
15585900
15577765
15562466
15569895
15559472
15566345
15571283
15561324
15570178
15566170
15574974
15598096
15586120
15592873
15585113
15574929
15592942
15579580
15589588
15597681
15594944
15581619
15584745
15581172
15576370
15600675
15578540
15573155
15588648
15580101
15580290
15582603
15609556
15623677
15615854
15612952
15630071
15615172
15617143
15624234
15627651
15620640
15632480
15631596
15658190
15617822
15622657
15620553
15620699
15655528
15640586
15638011
15625008
15622629
15623011
15637768
15645795
15631737
15627519
15624081
15625063
15621586
15625024
15625416
15637161
15638671
15645292
15614088
15603395
15620969
15615543
15622954
15628717
15611797
15628825
15636119
15607197
15614946
15625642
15631671
15623984
15633412
15625677
15622194
15638758
15625565
15619124
15630937
15633829
15628260
15654854
15617955
15618563
15614434
15605574
15631257
15618367
15621579
15624514
15624183
15613382
15614645
15624262
15632742
15630290
15644493
15626243
15633680
15628041
15626768
15617387
15644903
15638968
15623368
15630196
15633855
15630228
15637594
15627933
15626991
15633902
15652493
17820531
17877151
17871639
17962818
17853048
18250436
17924909
17658974
18123923
17789923
15632238
15641146
15634615
15635326
15644785
15640443
15631293
15641191
15636195
15635753
15624122
15612144
15627946
15629597
15626232
15623627
15634580
15618297
15618401
15620258
15616318
15617307
15618039
15609909
15637406
15619484
15616597
15617636
15631907
15621875
15632190
15622131
15647841
15646682
15667459
15627755
15616150
15625299
15640688
15642642
15628631
15626298
15643939
15633463
15617079
15640021
15628819
15621958
15629776
15632428
15611873
15615192
15619684
15602769
15608043
15626966
15616001
15624595
15632618
15619721
