240358
239508
238489
238496
238415
238362
254785
240635
238380
238479
238446
238390
238610
238343
238441
294441
238405
238504
238412
238243
238546
238290
238406
367070
247569
248520
238828
238229
238366
238225
238403
239351
238307
238447
238558
238472
239574
238511
238361
239543
238277
238424
238422
238492
238486
238545
238789
238634
238497
238737
253258
238411
262780
238360
276627
246465
245971
248550
238452
239301
238391
238372
238336
238369
238463
239538
301742
240129
238373
238845
238448
238221
238320
238566
238226
238378
238710
239751
368438
238484
238407
238221
238383
239024
238483
238431
238325
238388
238340
238345
238273
253811
238398
238251
238304
238385
239237
238226
238409
238362
238317
238245
238370
238636
238216
238429
239161
240054
238455
243879
238268
238222
238373
238255
238347
238381
238905
239254
238387
238351
238344
244276
238442
238308
238584
238418
239001
239574
247282
238770
238311
238534
238603
244289
238348
238641
238906
238372
238376
239404
238402
238363
238380
238675
239811
238412
238588
254147
238399
238232
238269
238433
238317
251057
238486
238484
238419
238302
260166
238750
238546
244521
238496
238284
238429
250076
238268
252381
263106
257110
238431
238440
238446
238796
238408
238688
238978
238234
246808
238477
238555
238597
238704
238366
238220
238569
238500
238246
238455
238561
238422
238236
238337
238521
238485
238689
238241
238367
238717
238219
238471
238433
238402
238611
238476
238381
238345
249446
238406
239025
238290
238438
238373
238366
238887
238424
238359
238249
238287
238571
238419
238295
238298
238481
238873
252869
248243
245795
238404
239252
238270
238346
238359
238204
239029
238427
238616
253394
238440
238877
238402
238439
238355
238479
238657
238447
239021
238886
238254
238486
238399
238361
238264
238447
238472
238457
238435
238245
238366
239694
238404
238271
238441
238907
238853
238474
238697
238531
238458
238961
238435
238355
238291
238247
238355
248936
238858
240128
238572
269059
238271
238567
238349
238230
238497
238579
238439
238640
238317
238478
238446
238645
238466
238362
239159
238390
238486
238505
238349
238225
238543
238388
238368
238353
239071
238424
238364
238237
297688
238345
238560
238332
238443
238432
239187
238395
238211
239021
238354
240380
238392
238305
238314
238301
238491
238667
238224
238369
238415
239337
238403
238317
238365
238315
238910
238372
238504
238772
239247
240156
238311
238432
238442
238362
239008
238375
238515
238361
238373
238486
249247
238373
238381
238361
253346
238426
238754
239393
238512
238435
238286
238355
238491
238445
238231
238521
238484
239044
265900
238231
238336
238351
238378
238486
239064
245259
244773
266212
242927
239300
238401
238322
238380
238425
238710
238386
239026
238908
238369
238513
238273
238690
238461
238658
238350
238394
238902
238641
238405
238359
238409
238447
238481
238644
238448
245054
238616
238242
238373
238221
238686
238605
238357
238489
239290
238458
238436
239042
242648
238212
238277
238222
238519
238348
238482
238446
238345
238567
255550
238345
238415
238293
238438
238485
239455
238433
243151
243521
238494
238557
238295
238544
238357
238496
238754
238758
245692
238243
238506
238492
238822
238345
238369
238439
238218
238783
238382
238241
238373
247282
238395
238423
238445
238424
238871
238414
345280
238243
238296
238571
248248
238321
238396
238380
246416
245399
238777
238504
238272
255712
238675
238752
301974
238514
239419
238409
238405
238513
279389
238887
248138
238485
244028
238248
238316
238416
238380
238370
238503
239296
238536
238378
238592
238487
238310
238408
245832
238880
238379
238636
238536
238610
238343
238469
238480
238400
238665
238241
341478
238307
238272
238317
238346
238714
238222
255920
238650
238773
238661
238765
238403
238290
238289
238501
238859
238398
238369
238759
238392
238361
238266
238346
255412
238370
238497
238637
238840
238242
238399
238662
238287
238353
238293
238440
238618
238540
238354
238355
268912
294186
238533
238618
238339
269224
238628
238731
252492
238372
238365
238364
238278
238342
238284
238481
238688
238381
238656
238367
238538
238603
238276
238462
238412
238368
239023
238392
238614
238509
238263
238914
238409
238357
238434
238359
238701
238368
239841
238354
238436
238493
238566
238522
238296
238345
238350
238428
238646
238775
238413
238348
238267
238342
238368
238483
238222
238401
238398
238608
238656
238342
238273
238350
238302
238297
238991
238530
238255
238354
268304
238773
275430
238222
301139
238232
284975
324041
238618
238368
238382
238222
238424
238660
238452
238347
238928
238394
238574
238240
238267
249721
238277
251839
238439
238251
238572
238489
238748
247782
238408
238220
238403
244730
238426
238234
238584
238679
238390
238335
238317
238221
238539
238427
238321
239021
238481
238416
238497
238602
238364
248072
238283
244069
238326
238857
238540
238524
238497
254489
238376
238497
238530
238444
238366
238211
238219
238396
239311
238368
238514
238358
238572
238308
238435
238262
238445
238354
239255
238711
238327
310972
238428
238236
238584
238432
238699
238444
238385
238251
238604
238235
238331
238584
238313
238499
238504
238467
247660
238333
238554
238233
238293
238451
238389
238225
238478
238425
238263
238778
238389
238363
238308
238484
238514
238432
239276
320121
238367
239325
238272
238356
238564
239021
238388
238345
239125
238391
238340
238244
257915
238347
238271
244642
238328
238636
238214
238416
238362
238851
238302
238614
238714
238341
238556
238364
238631
238436
238509
238214
246451
238217
238536
244778
238363
238619
238911
238396
238618
238435
238650
238617
238532
238615
238427
238239
238350
238425
238353
238255
238542
238538
238399
238851
238426
238755
238592
243277
244975
245122
244839
238623
238319
238709
238307
238492
245687
238502
239327
238515
238375
267680
256188
238345
253813
238781
238431
238384
238904
238643
238321
238222
238283
238617
238383
238254
238219
238381
238445
238728
238465
238228
238285
238484
238428
238518
238512
238607
238356
239080
238307
378631
333541
238613
238358
238377
238865
238510
238618
238764
238490
238479
238550
238485
238371
238374
255019
238825
238354
243650
238311
241585
238272
238713
238317
238635
238626
238507
238498
238366
238385
238617
238277
238361
238323
238634
239184
238484
238481
239617
238260
239293
238269
239431
238318
238716
238577
238391
238585
239295
238415
238352
238409
238351
238415
238495
239225
238530
238217
299867
238425
238482
238278
238561
238332
238316
238324
238420
252213
238237
238446
238691
238409
238436
238443
238361
238527
238379
238525
238506
238453
259365
238274
238582
238411
238700
238447
238515
238228
238507
331002
238298
247613
238217
245346
238445
240373
238404
238248
238374
238493
238620
238403
239656
238391
238581
238347
238535
238536
240253
258425
238485
238419
238348
238309
238374
238627
238432
238368
239065
238552
238488
238268
238223
238466
238249
239656
238408
238234
238251
238396
238872
238312
238328
238334
243256
238353
238406
238900
251852
238390
238611
238265
238423
238402
238580
238883
238548
239130
238763
238377
238239
