226748
185293
185395
185279
185288
190000
231464
185282
246834
175650
185393
185381
185371
185281
185284
185306
185298
180378
166846
166757
238339
238225
255766
238217
238214
185439
166936
166771
166980
166752
185418
185291
185414
195431
185379
185338
185299
238311
185468
166754
185348
185294
185332
185279
185278
185321
185286
238223
166863
182681
238291
238227
238235
238227
238219
238252
238252
185380
166865
185368
185446
185291
185445
185295
185280
185327
185292
185316
166872
166892
238316
238221
185333
185293
185293
185314
185298
185311
166873
185365
185655
185306
185323
202547
185289
185303
185283
238457
173681
201371
238355
238212
238240
238220
238346
238248
238222
238325
185356
166760
185350
185288
185313
185288
185292
185308
185276
185375
166859
185380
238372
238512
238305
238236
238233
238263
238230
185375
166859
185359
238350
238216
238233
281176
238219
238236
238227
166842
185374
166758
185345
185292
185463
185294
185279
185448
185297
238691
166860
166772
185349
185288
191494
185284
185282
185310
207189
239602
185390
166755
166828
166760
166801
166751
166760
166900
166766
166754
166837
166750
238306
238360
238226
245964
238221
238265
238213
238252
185399
185291
166825
193608
239248
166752
166752
166800
166750
238212
166915
166770
238351
245383
185381
185279
185303
185383
185303
185376
166933
166752
238286
238356
238302
185304
185290
185321
185281
185375
167020
166753
258059
238246
238260
238354
238218
238236
238223
185374
177417
238233
238443
238362
238296
238224
238224
185429
185291
185326
185408
185282
238317
238491
238253
238225
238350
238291
238231
196006
166882
166759
185341
185294
185370
185289
185310
185305
185289
238346
166867
166752
185499
185294
185300
185284
185286
185328
185278
196598
166868
166853
248886
238246
238251
238304
238224
238238
238234
189055
166910
238227
185347
185281
240937
166750
185292
185306
166749
166847
166829
167164
185353
185287
238239
185278
196346
185324
238233
238389
185398
166841
238628
238218
238244
238217
238353
238310
238228
185407
185694
235305
238285
238230
238248
238230
238217
238234
185280
185305
204110
166752
185467
185292
185287
185292
185275
185380
185286
185305
167131
166751
185349
185279
185308
185288
185287
185389
185281
238289
166869
166758
238350
238218
238229
238230
238222
238248
238227
256998
166872
166759
238323
185295
185312
185295
185285
185409
185303
185292
166850
166761
238312
238366
238234
238366
238220
238306
238213
185343
238353
166762
185344
185346
185381
185279
185286
185315
185279
238321
185379
185280
185397
185281
185310
185290
185279
185293
185293
190410
185376
166757
185389
185399
185319
190472
238235
185312
185277
185380
185391
185289
185350
185280
185349
185283
185281
185369
185286
243915
166887
166752
238339
238343
238255
238223
238220
238260
238236
185373
185377
185299
185366
185274
185320
185284
185281
185365
185277
238311
185400
166754
238360
238219
238255
238231
238218
238444
238250
185390
166912
166895
238459
238354
238304
238233
238219
238241
238215
185322
166833
238248
238292
238211
238244
238226
238219
238242
166751
166853
166847
166763
238295
238220
238237
268303
238349
238245
238222
185307
166858
238219
185358
185377
185310
185286
185292
185367
185321
238568
166863
166836
185735
193510
185298
185465
185276
185372
191612
238272
166839
199383
238413
238230
245431
238217
238219
238238
238214
185392
166863
185281
185358
185290
185318
185276
185280
185373
185293
238327
166853
166753
238280
238200
238247
238223
238216
238250
238219
185376
166846
238217
238312
238228
245585
238228
238355
238259
238230
238251
192489
185290
238578
238216
238251
238213
238226
248764
185279
166892
166864
166771
238284
238238
238257
238222
166849
166782
166754
166775
166853
166774
185473
185382
185320
185300
238216
185318
185295
274630
166846
166753
185408
185279
185306
185298
185292
185382
198728
193234
166869
166836
185675
185274
185311
185284
185285
238246
185289
185384
166899
179339
166827
195398
166768
166749
166764
166958
166757
203370
238324
166759
238297
238223
238237
238235
238346
238244
249141
166765
167039
166768
185402
185286
185322
185290
185284
185308
191360
238262
166849
166752
238314
238231
238227
238364
238230
238257
238235
238304
185456
247958
185352
185279
185309
185296
185317
185377
185278
238738
185395
185286
238366
238344
238322
238231
238221
238243
250225
185373
166855
166751
185350
166757
166795
166759
166759
166911
185294
166755
185362
185306
185409
185279
166786
166788
185281
185325
204712
185382
185642
185363
238316
238639
238298
238225
238224
254841
238213
241742
185459
185293
185404
185288
185301
185293
185281
185384
185298
238328
185426
185284
185353
185285
185317
185282
185286
185392
185281
238329
166853
166764
185410
185283
185287
185396
196401
185385
185405
241931
166857
166756
238491
238221
238242
238238
238356
238437
238230
185314
166861
185307
249185
238222
238234
238220
248526
185310
185298
185287
166851
166860
238448
238223
238249
243485
238224
238240
166840
185377
185431
166794
185349
185287
185298
185294
185288
185317
185282
166755
166913
166773
185453
185342
185313
185288
266123
185313
185279
185286
166916
242987
209756
185281
238223
185277
185310
185303
185280
190315
185383
185518
185358
185288
185402
185287
185279
185451
185280
243114
166857
166854
185348
185281
185316
195613
191854
185286
185278
185382
166867
166748
185575
185286
185328
185281
185287
185390
185294
185385
166840
166754
185411
185285
191929
185285
185283
185310
185297
189391
185366
166851
238299
238221
238238
238232
238215
251795
238225
166855
166927
166755
238356
238224
238275
238236
238240
238308
238231
252930
185550
185280
238314
238220
238256
238237
238218
238290
238234
166846
166944
238227
185401
185287
185306
185283
185278
185451
185280
185329
166882
166752
238481
238370
238254
238230
248301
245329
238216
185318
166855
185352
238415
238293
238230
238220
185281
185304
185302
185364
166908
166836
243481
238226
185310
185278
185283
185383
185278
185311
183543
166770
238316
238217
238235
238246
238223
238253
249769
185377
167100
238358
238367
238226
238257
245400
185290
185476
185289
185394
166854
166750
185463
185273
185309
185290
185281
185411
185299
185360
166917
166756
238312
238223
238243
244783
238221
238242
238231
270969
226361
172593
238298
238585
238294
238235
238247
238279
238237
185318
185766
166753
238317
238223
238257
238232
238215
238247
238234
185376
166916
166852
238282
238265
238248
238233
238231
238243
238229
185390
166931
238233
251373
185280
185301
185289
185279
185298
185276
238318
167158
166748
238317
238231
238261
238240
238293
238307
238213
238311
185367
238227
238287
238236
238247
238225
185279
185405
221886
185372
166831
166759
238288
238223
238265
238218
248331
238440
238219
185391
185448
185279
185352
185286
185309
185289
185291
185310
185276
238237
166856
166762
238425
238212
238281
238215
238220
238245
238224
258604
166988
188391
185413
185286
185298
185289
229941
185304
238217
185425
185439
166778
249522
238226
238228
238227
245561
238260
238231
166852
184604
238212
