1519275
1446764
1390429
1377697
1358513
1356056
1362353
1358287
1228846
1220168
1247770
1264668
1252314
1246116
1260996
1251444
1254304
1246334
1258690
1250765
1242059
1267064
1255648
1248761
1258320
1246265
1229487
1224307
1230937
1227647
1236710
1265119
1250898
1249677
2457570
1438714
1429495
1418410
1448105
1412196
1295623
1076810
1100904
1050085
1168994
1052697
1059034
1057105
1060531
1058163
1248080
1245316
1236553
1230822
1236799
1255272
1238260
1234296
1231826
1249438
1234098
1235069
1246685
1232947
1235346
1238120
1229124
1231468
1054426
1090528
1243086
1237539
1225185
1234664
1227736
1223867
1245208
1234283
1226533
1243575
1235111
1228458
1221272
1230861
1224764
1225000
1237530
1225638
1111902
1201492
1223112
1224969
1229413
1225760
1224827
1235421
1220000
1223107
1218281
1226989
1226622
1220854
1231449
1233483
1227958
1219289
1228851
1223601
1223217
1234209
1218332
1225412
1238072
1226795
1222197
1228347
1222263
1225493
1234129
1222369
1226300
1223512
1228005
1225258
1229598
1219153
1217703
1220147
1223351
1217382
1221127
1226902
1218579
1223389
1231558
1213181
1213538
1212893
1218175
1210692
1220112
1221431
1227190
1221527
1226742
1220731
1220375
1222030
1218198
1215024
1229757
1220467
1229182
1230188
1219271
1219306
1224484
1215805
1215334
1229293
1230633
1221626
1225289
1225269
1219925
1221222
1220647
1231223
1213762
1222536
1223968
1221941
1233010
1220092
1212875
1225720
1228015
1211533
1216568
1221672
1218615
1220391
1224870
1230887
1215789
1216697
1225307
1212179
1209389
1226740
1227717
1224497
1225849
1220483
1218785
1218931
1214363
1225513
1214094
1213136
1220661
1228093
1221456
1221085
1222443
1230707
1215556
1223216
1214196
1217036
1220111
1220392
1230456
1225616
1218588
1216356
1225228
1217590
1209774
1230758
1221163
1222755
1241966
1221696
1218488
1229460
1221969
1216834
1219658
1208416
1225420
1226047
1229108
1222986
1219478
1228703
1220964
1208453
1209348
1221980
1226628
1226720
1230082
1222937
1226059
1225146
1071519
1059448
1055865
1134013
1231229
1221061
1232930
1222930
1220305
1218631
1220575
1220021
1220969
1216789
1227672
1219657
1222499
1221658
1224073
1217993
1218812
1227434
1216141
1225026
1221863
1223713
1237302
1223387
1218055
1225713
1226332
1218284
1220362
1180362
1232622
1221714
1227062
1214467
1219151
1218532
1220285
1101488
1076748
1126532
1220488
1226780
1229073
1221061
1232520
1220008
1220372
1218135
1214548
1226585
1219726
1227861
1232479
1219483
1215123
1223120
1218985
1203050
1203521
1237919
1217774
1213009
1218521
1216362
1205236
1034639
1024949
1023443
1025378
1192075
1229674
1255276
1230382
1152111
1150187
1180541
1192026
1207750
1174445
1213044
1219753
1223761
1228979
1220410
1215827
1232981
1223851
1212713
1214112
1219214
1216472
1223168
1224270
1226576
1217539
1221465
1222624
1211913
1216716
1214070
1219402
1224345
1232521
1224165
1215982
1230381
1223046
1208367
1215324
1216747
1220962
1222169
1238641
1223569
1222581
1220491
1229618
1215207
1210296
1237869
1218933
1216011
1223862
1220515
1216461
1220705
1226087
1222009
1144354
1139065
1228064
1218634
1230007
1228217
1223779
1212967
1217333
1224125
1200398
1206700
1217078
1222308
1234401
1222757
1219211
1220190
1219195
1220668
1217040
1215389
1221436
1245441
1226170
1219544
1223061
1219464
1219084
1216808
1221482
1213043
1224644
1220567
1228053
1224873
1217749
1220282
1217709
1056068
1043212
1152156
1179551
1166705
1163534
1147567
1129143
1121074
1117469
1105802
1087483
1217302
1222270
1217720
1230632
1226913
1219153
1215822
1216083
1204241
1203437
1211385
1217385
1221036
1231653
1226137
1218723
1210761
1236046
1217013
1210997
1229048
1221930
1224346
1239389
1227950
1222588
1222852
1229396
1218999
1218160
1220245
1159711
1176588
1201727
1211819
1171300
1153448
1132281
1124165
1103957
1010572
1221410
1246203
1229536
1224305
1225507
1232029
1221542
1219669
1229142
1219169
1218775
1222165
1233136
1219061
1221312
1215608
1218409
1216529
1211517
1228371
1229316
1220604
1229647
1220741
1214517
1211103
1221277
1210559
1209396
1210676
1220103
1218801
1231291
1220710
1188973
1204691
1231994
1226140
1215889
1229086
1218856
1235507
1228306
1223003
1225119
1218283
1212533
1232522
1222083
1217076
1222598
1230727
1227276
1222082
1217628
1219676
1214240
1216617
1224143
1160669
1221330
1218411
1231624
1217443
1217830
1220195
1219182
1214532
1211230
1214997
1225647
1220794
1232129
1218077
1212540
1211470
1215296
1204690
1207963
1221822
1219434
1223640
1238454
1221697
1220870
1225862
1218887
1039307
1026957
1187607
1218645
1215073
1229435
1224480
1209906
1216442
1218364
1215106
1210184
1224175
1220802
1226316
1225431
1221912
1225956
1215474
1220650
1218417
1218740
1192830
1222062
1217886
1227271
1223865
1214945
1212743
1222965
1211250
1119305
1210711
1218443
1226395
1227970
1219298
1223426
1217994
1214027
1212119
1219720
1216151
1234976
1224876
1222610
1228420
1218467
1211583
1221390
1219030
1217165
1217774
1220241
1221257
1229159
1216922
1219822
1222554
1222429
1218643
1204482
1212078
1223756
1226181
1231768
1218843
1221509
1216867
1220085
1215604
1216088
1217886
1229143
1223133
1228938
1224940
1224243
1223897
1220104
1224977
1214919
1222820
1218519
1221082
1222761
1219432
1223626
1213130
1213640
1215760
1210611
1213638
1225888
1223536
1238272
1219955
1213539
1218765
1217401
1211656
1217635
1212781
1230344
1224341
1224776
1217166
1224006
1219163
1225837
1219036
1206043
1216797
1194505
1204136
1196334
1192306
1201830
1194966
1194021
1123444
1107444
1111683
1225043
1223445
1224797
1222157
1219222
1219179
1228102
1221662
1156360
1145137
1225327
1221771
1228038
1217510
1217832
1220783
1218912
1218989
1204213
1215521
1222208
1221921
1231101
1214010
1212530
1221980
1223303
1210332
1215304
1210329
1226834
1221313
1227875
1222611
1220017
1225538
1221914
1225155
1213966
1220281
1228160
1215547
1217849
1213332
1207729
1209081
1208269
1216847
1212531
1213838
1221060
1223260
1225566
1220770
1218480
1222210
1228909
1217839
1214514
1223226
1221813
1232784
1233030
1223186
1224462
1219865
1221717
1224509
1221147
1210444
1226684
1230992
1222765
1207569
1209114
1215065
1205773
1202992
1213455
1206743
1230833
1231321
1224030
1231517
1221927
1221284
1218782
1226816
1219668
1223355
1218966
1230845
1224885
1225419
1218596
1220503
1221922
1211552
1222392
1208999
1222099
1224505
1230620
1221593
1213236
1233853
1228201
1208348
1217372
1226044
1220012
1221801
1268411
1225499
1211972
1226444
1225545
1211082
1225082
1225242
1230033
1218398
1220103
1217924
1231595
1204356
1209063
1208405
1201917
1203919
1221613
1223472
1225364
1221441
1224030
1218517
1217170
1225495
1207495
1219753
1224034
1226661
1224368
1220340
1218765
1223241
1218546
1209321
1214080
1221806
1225372
1224248
1233019
1227038
1223399
1221968
1229368
1216993
1212406
1223396
1236595
1223915
1227457
1231860
1216434
1214059
1220565
1217404
1212100
1217757
1222180
1218212
1227207
1219168
1213148
1216262
1223554
1215851
1212796
1223291
1222224
1223517
1228453
1231568
1211917
1217290
1231139
1214900
1217600
1221868
1210661
1249687
1218391
1207591
1210571
1217478
1207280
1208183
1219031
1206691
1225436
1221705
1230104
1233031
1214818
1220321
1225087
1220226
1211711
1219221
1217093
1220836
1234443
1217027
1219642
1224776
1212679
1204057
1201402
1219513
1230449
1220836
1238947
1228747
1218880
1212341
1206892
1226012
1213099
1213956
1230078
1220513
1228474
1233209
1215759
1209968
1206411
1217443
1204040
1207641
1222861
1223999
1233422
1235425
1212046
1220212
1214843
1211800
1211361
1232071
1222720
1230664
1239185
1224728
1212135
1215999
1210708
1207099
1226218
1209244
1224660
1228350
1235783
1221273
1217636
1226420
1225829
1217125
1210163
1231959
1226272
1234113
1231513
1222793
1227131
1213269
1225909
1220404
1210525
1217379
1222900
1225957
1230903
1220327
1233695
1223977
1219961
1215607
1228141
1203657
1130057
1113979
1117275
1098212
1089480
1080091
1084701
1062281
1053753
1156161
1224093
1222000
1228561
1220173
1216871
1233017
1215873
1217507
1209437
1228734
1218120
1225482
1236829
1216774
1217736
1232155
1218755
1216720
1217909
1206929
