28655037
30112625
28812757
30904003
28684079
28071861
28119995
28451182
28274655
28130657
28705730
28495553
28691965
28798156
28501560
30012037
28428982
28235404
28922248
28961499
28725456
28470943
28703044
28704898
28560736
29004425
35839861
28441835
29628709
29153407
28824828
28477272
28802246
28850962
28532693
28078608
28420350
27904119
28895998
29057114
28732092
28464183
28858835
28765821
28526130
28572918
28754593
28421190
28789170
29233570
28774408
28489801
28772138
28724965
28521458
30098566
29668186
28787858
29032614
28942982
28909191
28529994
28876264
28991034
28668387
28161632
28557947
27994941
29076160
29255000
28951451
28522037
28916567
29008215
28693568
28912424
28921568
28500555
28886537
29435678
28739056
28412568
28832169
28823384
28568846
29536564
30453080
28446119
29286314
28788246
28812973
28493266
28806631
28770102
28487567
28682944
28760804
28386885
28811885
29964764
28757254
28407672
28770574
28739682
28517088
28692697
28944971
28385837
29098907
30204146
28747308
28432641
28703449
28853079
28530111
28571065
28956737
28356267
28814296
28735118
28723302
28493561
28763936
28718792
28470014
28628587
28706545
28362737
28772413
29995274
28817815
28487221
28685448
28870460
28558394
27988375
28435569
27846915
28953969
30460593
28727633
28478645
28780501
28759705
28505094
28665895
28817123
28407347
28807153
29860271
28737244
28487231
28698187
28860492
28475551
28591309
28754167
28343874
28945798
29664822
28753478
28449873
28738718
28684928
28448373
30861359
31229784
30307937
31084016
30891279
28744817
28507616
28781735
28871605
28510088
28628222
28864938
28379430
28833703
30257099
28775437
28467114
28707010
28863425
28557109
28593165
28747369
28353481
28831605
30187035
28824886
28508621
28747187
28882244
28561816
28733199
28731140
28376578
28827978
30303279
28750492
28473176
28788655
28861559
28491516
28382972
28508055
28243101
28929559
29739626
28759626
28491552
28893541
28732246
28505530
28716384
29003500
28353582
28963743
29342292
28735477
28444262
28727961
28807561
28519872
29709380
30890256
28595325
28478785
28473346
28740109
28437779
28755227
28855377
28541974
28716989
28852897
28366480
28907700
29783733
28728667
28443777
28690953
28823375
28577980
28672944
29214385
28359990
28843367
29820639
28812886
28430319
28758992
28921663
28518394
28607945
28784416
28427184
28821185
30198118
28803433
28507000
28737492
28882123
28587735
28722155
28702634
28427905
28871647
30249717
28786697
28435090
28698257
28704603
28449764
27939210
28416334
27814525
29215702
29724282
28781366
28441285
28736664
28965282
28591016
28626156
28641308
28333104
28878710
29769332
28744223
28479120
28886828
28678545
28537297
28596210
28788349
28376333
28814147
29157166
28787879
28506089
28718772
28700879
28481649
28675578
28758185
28417485
28870207
29459758
28867712
28615392
28860169
28856311
28680652
28791874
28946105
28544166
28987502
29478254
28811734
28457148
28745321
28869670
28581867
28720800
28784421
28371473
28895698
29453089
28780803
28468291
28780491
28686512
28532003
29168513
29542835
28396395
29393812
28658580
28766051
28488700
28765434
28887193
28517085
28760561
28787696
28358505
28889492
29878380
28789398
28484043
28764914
28728697
28501927
28645260
28750057
28345569
28834469
29326220
28762030
28459273
28759542
28722509
28513429
28608390
28740145
28355906
28777925
29412067
28799879
28458387
28745608
28880548
28497045
29464831
29896381
29230408
29091418
29533083
28802720
28495019
28762351
28742782
28552144
28551755
28745432
28346477
28904505
29122956
28818330
28487863
28730171
28713200
28518426
28701597
28732289
28299883
28719306
30123943
28765829
28458362
28815091
28832495
28588615
28698028
28745206
28338017
28814348
30299345
28786124
28468540
28776089
28897924
28592767
28694490
28757669
28342330
28816502
29147480
28774459
28412544
28726870
28885268
28558752
28717182
28741283
28401605
28810838
29949580
28812120
28516646
28748400
28905370
28619677
29041893
29565035
28772503
28958516
28783134
28759220
28480979
28772377
28890603
28553580
28691597
29599994
28424289
29093547
28910251
28774404
28476426
28758821
28876290
28524893
28616031
28783247
28349221
28935564
30142961
28753242
28389747
28694973
28892400
28518311
28574288
28655027
28432798
28864057
29980062
28715803
28427169
28763516
28884778
28592332
28725224
29128873
28353631
28871158
29489575
28935735
28573565
28923763
28995572
28689041
28766189
28892085
28479562
29027985
29739445
28753436
28507026
28763075
28879918
28535569
28662681
28814898
28317674
28899166
29923540
28811837
28457731
28760660
28888709
28569720
28603959
28694622
28348272
28860812
29651112
28786481
28401542
28753482
28906045
28585157
28677970
28773357
28395352
28781030
29492314
28777031
28396761
28721176
28834957
28574051
28689269
28759994
28327957
28807776
29558362
28740635
28493641
28785652
28699965
28545234
28616986
28709255
28400401
28805959
29137164
28795745
28482918
28788527
28911545
28580239
28925085
29523786
28420487
29104950
28900815
28811262
28444582
28805935
28893941
28599983
28776081
29434708
28348625
28786304
29232578
28827006
28521118
28726298
28884004
28599393
28664732
28661958
28411025
28915295
29679278
28770361
28511310
28723653
28709847
28487086
28662788
28731425
28358146
28846978
30753117
28723232
28448173
28714184
28721176
28496709
28638002
28699979
28364693
28791348
30100984
28788799
30252544
28986419
28770530
28605624
28581664
28651739
28284519
28749256
30087243
28754359
28464663
28853864
28791731
28600693
28696574
28682046
28339690
28789529
29657077
28790432
28556228
28751460
28790186
28542317
28650127
28724250
28321639
28844911
29289820
28934772
28533190
28928814
29064490
28708445
28837283
28857234
28483373
28940121
29386923
28953126
28636930
28895651
28883068
28681827
28871225
28847877
28511390
28982667
29275910
28777253
28521720
28758738
28736978
28580046
28700437
28958602
28326863
29030437
29018577
28723544
28457919
30540133
28690971
28427360
28693891
29010572
28427565
28946612
28635917
28785604
28546581
28762295
28831657
28565102
28672029
28977046
28380776
28901152
29029977
28778822
28502241
28810357
28735964
28639842
28638059
28642817
28338517
28864050
29218448
28759856
28464783
28707579
28850583
28628119
28666800
28664397
28343803
28795006
29175322
28777543
28458097
28900387
28645995
28622338
28574633
28745144
28305766
28733280
29942001
28754421
28419431
28705026
28882570
28595292
27922206
28326956
27839458
29282896
31902757
28802641
28462213
28735396
28884960
28580597
28689157
28700507
28350667
28854296
29314687
28766622
28505603
28821773
28822763
28571853
28636796
28623843
28322095
28771262
29013057
28755529
28457143
28753228
28735073
28533859
28735876
29252432
28294457
28787142
29186666
28910712
28557227
28883808
29015977
28656659
28779501
28706978
28341668
28745285
29364922
28743534
28446268
28738253
28719317
28561098
28695960
28793635
28384121
28928095
29642149
28755414
28428478
28813419
28790093
28484642
28885205
30060509
28262346
28985613
28734548
28750722
28445770
28839441
28779989
28521438
28651935
28844238
28370736
28827990
29363469
28736718
28449239
28753550
28845946
28572348
28574610
28668875
28359770
28791485
29361467
28908571
28596610
28838219
28871127
28592332
28756381
29038736
28449512
28857411
29606490
28771850
28536230
28687114
28864627
28577457
29560593
29750389
29250507
29032603
29374284
28789792
28483623
28732550
28700860
28493054
28370591
28508774
28241867
28937935
29488549
28781722
28471047
28793734
28903304
28629107
28705658
28708006
28363381
28793232
29031391
28750375
28480399
30484411
28727186
28484839
28640140
28725796
28400036
28773814
29697582
28769632
28426627
28730612
28895465
28546095
28668451
28717138
28332792
28822341
30119162
28731355
28494849
28780615
28792385
28580358
28784429
28792677
28406755
28795864
28834199
28773423
28472796
28748576
28709385
28486705
28713417
29104020
28735410
28729226
29211439
28779719
28433738
28775538
28902435
28582342
28702228
28685438
28332628
28797242
29108521
28915075
28559295
28906344
28997315
28667780
28767878
29010607
28385446
28890934
29090517
28752933
28473702
28770938
28862924
28598540
28644557
28680475
28345013
28779473
30225504
28730932
28486212
28761057
28739943
28556340
28709503
28733284
28425259
28977628
29188680
28781105
28507080
28745803
28909611
28592546
28607254
28936020
28328183
28874873
29193674
28768988
28502830
28735210
28886209
28649385
28663903
28814463
28320479
28964262
29139927
28898914
28548533
28914140
29009486
28662447
28805408
28854884
28464222
29009416
29702635
28779135
28525283
28799403
28730142
28592330
28654919
28703028
28359776
28892056
29077919
28770240
28488516
28718548
28717014
28442886
28730011
28729325
28363431
28790648
28959642
28958230
28620077
28939018
28824567
28640300
28940711
29037573
28500756
29088623
29222771
28776661
28443935
28788892
28964171
28578318
29133106
29669624
28376702
29261912
28695886
28807595
28503940
28709994
28701944
28571027
28797896
29327426
28362329
29077908
29129434
28766862
28507389
28837323
28876964
28579434
28804120
28843961
28392002
28803658
29260017
