2134498
1989050
1897284
1828167
1870368
1895591
1796372
1711552
1770047
1699658
1728013
1790281
1725426
1774124
1227083
1209607
1203038
1210505
1209732
1200269
1245473
1259588
1237507
1248887
1240167
1259112
1240270
1239330
1250035
1238761
1253356
1253930
1254849
1244114
1242434
1248836
1234498
1233425
1244023
1238695
1237114
1255945
1259385
1243975
1252167
1236578
1263933
1230411
1241691
1249932
1237053
1266013
1242769
1238798
1256103
1245240
1234677
1239544
1230811
1233002
1233475
1271941
1231278
1243754
1244973
1256144
1235716
1234757
1243629
1244813
1237801
1263618
1258542
1243872
1240183
1253971
1244461
1240785
1237666
1265491
1244807
1245803
1242137
1249243
1250252
1241497
1250911
1232623
1238253
1262053
1254116
1258540
1240417
1260440
1233442
1244052
1245341
1245778
1239687
1239727
1237244
1261946
1241832
1248599
1234928
1235964
1265055
1235237
1236839
1243266
1245069
1251111
1262265
1250152
1244384
1267752
1238274
1243609
1239356
1235672
1242089
1261632
1242263
1263798
1237674
1238099
1236255
1260687
1234283
1245109
1240585
1257732
1241924
1244998
1245473
1236589
1232067
1251566
1225317
1234977
1227533
1269547
1250160
1233223
1236014
1243866
1240601
1249822
1231106
1242493
1239123
1251533
1242029
1246396
1247379
1240954
1235709
1253012
1229868
1246481
1234618
1251425
1241705
1250030
1236745
1250082
1247395
1238865
1248081
1237428
1238816
1254110
1229951
1265130
1241980
1246690
1250040
1243648
1242060
1249240
1243856
1272917
1226489
1250164
1230727
1249836
1234748
1245820
1252518
1239647
1233910
1231466
1253279
1231960
1236019
1239361
1249432
1228271
1232696
1244600
1242974
1259497
1247601
1248798
1232954
1249337
1242711
1237795
1229725
1247539
1732805
1689870
1743864
1632956
1694324
1667407
1759751
1720008
1737347
1769547
1738098
1705199
1687414
1708022
1730170
1573349
1553847
1537591
1514121
1608308
1725439
1713860
1674131
1706824
1749908
1659904
1705478
1721587
1685941
1694496
1705739
1690945
1654764
1681467
1768309
1764034
1715532
1751594
1697049
1703862
1234981
1261381
1238427
1241585
1253423
1237477
1231157
1247027
1226670
1241692
1227799
1247166
1222260
1238931
1229404
1233946
1252756
1237328
1224358
1251092
1225541
1222087
1259978
1229989
1235373
1243650
1230486
1231559
1239452
1231234
1237191
1251777
1251210
1243881
1239220
1241976
1245961
1235280
1239177
1242435
1334830
1193425
1191821
1192038
1190459
1189253
1190507
1199528
1190580
1191143
1236775
1261275
1237738
1260231
1254505
1245912
1236807
1254735
1237046
1243393
1237007
1249862
1232341
1247498
1235699
1240564
1246322
1236756
1236110
1256724
1224200
1247090
1243725
1231483
1249610
1231981
1235759
1242292
1244773
1228789
1230905
1277551
1231173
1243231
1249191
1251485
1238715
1246020
1225538
1240417
1239586
1262707
1227986
1261612
1235802
1247372
1238508
1244999
1230180
1234897
1236693
1251942
1231952
1255434
1240985
1234369
1236412
1263253
1228075
1231102
1238781
1245358
1233942
1258240
1231581
1245216
1240191
1235947
1229381
1251031
1207731
1199116
1196254
1208467
1192767
1197016
1196846
1210746
1195948
1189821
1236969
1275725
1233450
1239728
1234322
1264573
1239574
1240561
1251978
1243256
1226174
1261088
1248167
1242328
1238625
1238248
1237871
1242484
1229481
1255469
1254274
1250331
1239226
1255095
1239026
1237818
1242705
1239555
1222757
1232633
1252880
1226094
1239930
1239887
1224816
1221048
1221013
1223540
1230040
1226970
1251517
1267720
1240821
1246388
1244667
1244016
1231854
1234010
1230611
1236952
1237604
1274443
1228657
1250661
1245280
1262296
1236376
1226880
1237841
1236558
1237936
1241771
1234925
1252897
1231391
1221057
1226558
1225899
1230158
1235834
1230960
1231546
1254699
1226793
1226339
1218960
1231688
1215490
1224650
1242008
1230954
1259336
1235206
1248847
1244218
1246142
1257215
1232178
1242969
1269624
1237339
1266713
1240631
1240031
1264308
1240995
1233235
1243246
1236533
1246460
1235907
1231396
1232057
1237624
1249037
1236108
1235014
1235778
1219579
1231687
1249564
1257547
1228101
1254854
1237591
1234775
1253592
1235748
1230731
1238213
1227723
1270403
1237610
1248073
1248714
1242054
1239274
1252223
1238392
1248919
1244121
1253167
1233935
1231287
1237132
1236549
1242679
1242598
1235576
1238626
1241226
1252945
1244994
1277011
1237676
1237292
1243708
1242875
1240809
1257540
1744833
1680993
1636835
1608386
1594189
1588304
1666292
1649961
1653839
1616428
1236364
1271143
1235961
1242322
1231798
1244580
1243362
1239599
1245881
1251066
1237517
1241855
1267008
1246790
1242221
1262700
1225336
1224143
1242028
1247028
1230819
1229971
1249155
1231227
1234415
1234053
1266298
1223799
1226918
1254159
1231514
1227346
1252673
1230844
1230847
1229291
1235548
1225369
1236930
1262973
1244025
1230445
1226165
1244226
1229083
1235049
1240791
1224955
1224127
1251319
1237739
1267406
1233264
1240373
1237616
1258600
1220622
1220185
1240901
1240732
1244517
1247912
1238894
1229051
1249668
1231435
1244031
1260300
1236852
1258894
1251541
1255445
1230690
1267258
1237207
1239229
1250198
1252462
1232918
1243546
1246461
1253199
1233377
1254036
1230260
1239361
1247106
1239933
1241609
1248498
1236617
1247392
1227424
1260781
1242882
1235803
1230029
1229801
1233897
1265267
1240619
1245734
1233475
1259425
1229675
1230615
1237357
1234409
1227909
1248377
1234876
1253977
1240418
1244846
1230745
1250858
1234725
1243818
1256996
1265326
1228014
1238908
1229942
1229979
1232276
1238140
1236405
1226685
1235064
1236886
1235752
1285970
1236916
1241754
1234050
1261151
1222151
1239294
1239958
1259188
1235342
1254010
1244456
1255109
1223981
1238697
1229793
1236656
1234338
1249160
1242669
1260532
1234203
1240634
1238589
1245160
1229910
1248968
1225437
1247173
1242704
1247687
1247199
1232036
1253499
1213329
1228627
1231791
1219458
1235747
1246066
1254427
1230314
1242824
1233450
1234500
1226347
1239563
1220789
1266895
1242698
1263120
1231273
1243664
1228213
1263375
1229400
1232523
1228908
1243348
1234606
1256912
1240245
1237236
1228860
1248135
1234237
1230721
1224852
1241707
1235357
1262886
1233905
1243945
1233587
1245749
1224085
1225011
1226555
1227442
1238667
1258799
1236654
1257618
1230302
1230592
1244118
1228263
1229257
1256164
1235095
1251671
1237294
1238306
1241577
1224457
1222972
1227844
1228869
1244682
1262710
1254006
1248090
1239730
1239131
1244795
1228310
1251370
1218722
1236872
1238247
1256155
1245353
1249640
1229712
1233388
1237899
1226227
1222054
1253910
1243170
1241945
1235429
1254438
1234828
1242994
1238106
1254947
1238575
1238401
1243299
1244550
1241010
1219586
1240054
1241943
1226725
1227630
1225761
1221973
1234335
1239165
1260363
1247210
1237377
1248173
1249217
1233345
1250795
1234311
1237304
1227482
1227115
1237146
1213413
1221129
1224813
1234789
1214714
1222679
1238648
1254662
1243500
1227940
1236894
1228696
1244171
1220976
1227017
1236828
1258980
1251431
1235334
1243363
1251798
1237524
1228646
1247396
1231716
1238326
1232540
1259975
1237560
1239109
1238873
1233322
1233797
1225514
1234779
1242042
1236754
1244446
1253727
1240014
1236113
1229336
1247737
1236402
1222312
1259212
1232636
1258569
1233657
1247183
1226719
1232337
1232992
1227437
1223739
1235653
1236018
1251153
1242214
1230407
1249359
1230389
1230317
1229385
1233711
1247838
1234398
1268726
1230299
1249773
1248285
1231561
1221979
1230612
1236090
1231925
1243053
1252224
1238776
1258484
1234404
1242438
1237451
1228000
1226044
1246022
1240569
1270095
1241333
1241580
1229395
1248372
1226542
1228708
1235596
1232970
1234319
1260297
1238060
1239924
1235506
1251443
1232650
1220658
1233949
1230420
1700445
1665747
1691706
1700269
1640392
1716320
1715212
1733845
1702439
1716200
1238448
1285017
1231405
1237745
1239765
1231663
1225763
1238945
1225754
1235059
1239480
1275387
1234954
1235427
1230629
1244433
1227019
1229250
1241911
1242239
1242954
1270343
1235992
1240362
1239960
1245565
1237133
1239100
1236486
1242338
1258196
1261060
1232339
1252290
1224787
1232502
1223566
1249062
1217227
1240432
1234852
1249397
1230291
1236905
1253963
1226916
1227463
1226639
1243575
1238434
1235137
1282089
1240981
1242943
1243173
1236680
1232042
1231411
1233253
1248506
