1562862
1557503
1561343
1564465
1559557
1569165
1565404
1559421
1172105
1143383
1004431
1001111
1033021
1000717
1069060
999921
1016864
1006842
980600
1042738
1047759
1034344
1035746
1038581
1035636
1034607
1035814
1037932
1039058
1040001
1218533
1225939
1216012
1214590
1221061
1212359
1212639
1031049
1037712
1038489
1046819
979464
981527
986207
980283
967999
973952
964091
967208
973949
995177
998112
964715
1037699
969836
975422
1008826
970159
1030932
967255
1029575
1028484
1025109
1024815
1027217
1025551
1026760
1033680
1026963
1024953
1033369
1029715
1033800
1024465
1035596
1028509
1030482
1032821
1027341
1025577
1214080
1219601
1213222
1213204
1216206
1211366
1207768
1219611
1210488
1208861
1032389
1026467
1030391
1029861
1029281
1031213
1026692
1027923
1040146
1029553
976377
975042
969455
973834
974176
976858
971572
977381
977136
978115
981674
1030613
975306
1022658
973830
968354
1027895
974996
979750
976341
1040380
973324
981466
997838
975812
1039376
973827
973942
1000426
977481
1223784
1034184
1029964
1026025
1028466
1026669
1220983
1026653
1028665
1028366
971840
979417
970503
970936
977317
969524
971606
972835
969695
970537
1098644
1067975
1221230
1136548
1066839
1068517
1067012
1069196
1068692
1229091
1061778
1002584
1063053
982015
1014204
999380
978457
976816
982976
1032634
1048373
1042039
1041116
1044671
1041895
1043652
1045847
1038842
1041090
1040592
993317
983588
980356
985585
983009
980817
987749
974160
973877
980837
978868
973792
986390
974922
975582
986614
973360
975370
970899
1025475
1219648
1223873
1217625
1216995
1033071
1035093
1038247
1197190
1039006
1036875
1151727
1044311
1035410
1034431
1036331
1220301
1216684
1219280
1216848
1221463
1038764
1036493
1036069
1040103
1034632
1038927
1045017
1035894
1035093
1041933
981998
980716
975273
981340
976322
977607
974646
976220
976179
970814
1035174
1038078
1032373
1033301
1035948
1031755
1031294
1032841
1030754
1029363
1027130
1030317
1031086
1032153
1032684
1220696
1037272
1031342
1032374
1033257
1219661
1211148
1218090
1211250
1212415
1220602
1210662
1209645
1210798
1215709
978796
1010263
989131
978089
1039606
969394
979532
971053
967667
1021977
1039175
1029356
1026393
1032900
1026356
1030167
1028603
1029076
1027734
1027700
979989
1029415
971601
972144
976976
975650
980511
972238
974475
1047080
1210419
1206570
1206748
1206513
1209934
1206438
1217543
1204425
1208313
1211681
996645
1028951
981942
982276
979473
978954
973834
976396
1038896
980224
1038234
1036058
1033347
1038792
1035969
1035975
1039597
1037217
1038674
1040071
980630
1039104
980052
985767
979231
981284
1031096
983286
1040936
979895
983860
986175
978779
981196
985625
976578
981585
985062
980383
978857
1036348
1036507
1035870
1033859
1039060
1032266
1033685
1051293
1039575
1035549
977566
973900
980159
980715
976025
984397
978774
979667
982698
977346
1211006
1220713
1209888
1209837
1220322
1210511
1208986
1218312
1210591
1212591
1032834
1034954
1029224
1030004
1033147
1029518
1030781
1038358
1031461
1028683
978713
973874
974790
969614
973060
969777
970845
972854
973030
972020
1129353
1027614
1117199
969432
1031844
973379
971950
976587
973120
1009384
967400
978646
968133
967441
971228
971467
971016
969218
963269
973905
1151440
1121215
1057098
1091059
1012302
1010651
1001172
974452
972501
980120
1031087
1031099
1035863
1032400
1030447
1038077
1030149
1030831
1039041
1030745
1030685
1035215
1027105
1028378
1028576
1028436
1028134
1032287
1028606
1032739
971240
969909
968697
968356
966348
970730
967144
970948
972365
973421
1522240
1512930
1518514
1191756
1153660
1112559
1071008
1068571
1030195
1023458
1207045
1210610
1208722
1204530
1212983
1201667
1203838
1208086
1208006
1206269
1025199
1022025
1024804
1021743
1224427
1113942
1023172
1021433
1022070
1023309
1223301
1027379
1157376
1062259
1031564
1028679
1029845
1024431
1110953
1030104
1038853
1021119
1026822
1019919
1028785
1021769
1019157
1022343
1025528
1025764
1216402
1204754
1209463
1221887
1205566
1210426
1210563
1208920
1209756
1210216
1027511
1026498
1027712
1029195
1035985
1029390
1024693
1030082
1025858
1029215
1029014
1030141
1031886
1030324
1028251
1032044
1028285
1030559
1034449
1031223
1045298
968150
996072
996919
971792
1038252
971288
975951
966077
970416
1025172
1024017
1019918
1019026
1025419
1020301
1017874
1020456
1017706
1165547
964235
972925
998400
972534
1349720
975548
1012579
972972
1004769
999511
1030911
1072723
1022004
1027617
1023103
1024586
1181761
1156543
1028539
1024627
1205865
1204836
1213988
1206392
1206600
1207294
1207571
1204272
1205362
2595793
1034600
1138383
1075255
1121968
1044665
1028195
1030913
1035247
1029630
1033253
1030006
1033588
1027059
1025946
1036613
1027978
1027561
1035486
1024927
1027668
981195
974915
965383
968304
965882
972399
966411
969944
971560
968801
1027009
1030553
1029948
1029173
1027238
1033834
1029230
1031521
1027018
1027330
1024373
1182207
1085255
1016859
1018464
1017675
1049738
1015958
1121416
1015581
1027739
1025989
1023757
1023017
1056463
1151411
1030058
1044705
1022475
982501
1209560
1201887
1200682
1207664
1199758
1021272
1020166
1019339
1020021
1020053
1205569
1216034
1204969
1202669
1205206
2197089
1418458
1430350
1494598
1521529
1029128
1027229
1031637
1032923
1030755
1025834
1036026
1026918
1030534
1041805
971920
970033
966400
967327
974610
1026597
971188
962578
964453
961750
977731
962036
968057
960420
964060
961127
966622
959877
968791
961777
960101
959409
992411
956078
961209
959924
961684
1014748
1023128
1022453
1200070
1203651
1206322
1198017
1200207
1203756
1199371
1197084
1207005
1016618
1019649
1015849
1018347
1016137
1016395
1016354
1024802
1015880
1022035
1022309
1209386
1584673
1206449
1201731
1205336
1202925
1206325
1204094
1211241
1201934
1207379
1202427
1213815
1202779
1208184
1210639
1203113
1201847
1207998
1021822
1208580
1199273
1206323
1202684
1116844
1221375
1075840
1022839
1027966
1021286
1024185
1017792
1028440
1074611
1024245
1021488
1022495
1022177
1023239
1205480
1204999
1204932
1201429
1210115
1205694
1204164
1209105
1202802
1204913
1024174
1022153
1023107
1023174
1024303
1024170
1026115
1024115
1022786
1028966
1022294
1032545
967505
990469
990045
961843
967573
963726
1002463
979657
968624
1022480
1029135
1021830
1022446
1030066
1023956
1021131
1026306
1027119
1029285
1022044
1143473
1024857
1024699
1019796
1027145
1021558
1218207
1027222
1028091
1031398
1025984
1021639
1029381
1020657
1025198
1023490
1027185
1020286
1026878
1204280
1221299
1204066
1209662
1202779
1217617
1203767
1026225
1230650
1023712
1026413
1034946
1022493
1026421
1191147
1028676
1024387
1024248
1030113
969258
1204183
1214732
1203191
1206934
1203109
1209219
1204087
1206944
1217687
1205274
1028364
1024838
1025835
1027200
1023644
1021839
1030276
1021871
1025501
1031685
1039859
1025819
1024568
1028648
1024203
1026024
1027979
1025612
1027295
1008586
1026802
1025270
1028521
1027175
1097594
1024563
1117272
1023475
1029133
1024370
1032975
1024295
1032368
1023180
1025673
1021893
1029599
1021881
1028321
1120038
1030809
1021908
1031843
1023393
1026178
1026302
1024610
1023364
1027179
1026167
971119
964095
968179
956450
964205
963273
965511
960920
971620
961183
1212558
1208035
1209776
1205352
1211430
1213000
1205258
1204659
1208003
1216238
1027347
1029545
1028416
1024684
1026528
1023149
1028040
1023425
1027161
1026020
1040524
1127339
1205973
1024988
1025830
1023972
1027237
1057163
1025039
1033353
1035404
1027218
1024198
1029750
1023928
1027524
1033520
1024463
1022374
1027026
1209675
1205344
1207672
1206839
1205520
1210250
1022593
1033827
1026780
1029527
1024287
1027722
1056178
1025593
1157447
1030104
1023070
1027078
1023165
1037344
992022
994323
961769
968563
959038
974710
961821
969933
1032747
964376
1021061
1028505
1022691
1027715
1021910
1025092
1028139
1025888
1024166
1037631
1560830
1544137
1556023
1547578
1560107
1560121
1567377
1234491
1137881
1103307
1040037
1032792
1030353
1034638
1032152
1031742
1029306
1031637
1031161
1033244
1038318
1035311
1034743
1033816
976343
979883
982093
976918
980171
981886
1033869
1034036
1035825
1023976
1022809
1027490
1022608
1022873
1030161
1051024
1220300
1205256
1207497
1212107
1206993
1206956
1208940
1207704
1207279
1027081
1026571
1031683
1024191
1025595
1031411
1024754
1023553
1028340
1218399
1109244
1039800
1026553
1027775
1035329
1027457
1025629
1032797
1027666
1025319
971645
973232
975835
984948
971899
971445
977040
970014
978153
978199
996080
990041
971054
971008
984285
971517
971246
973955
971415
976715
1014631
1033126
1030605
1037416
1031316
1029905
1035369
1024320
1023653
1032142
1025073
1215965
1207205
1204635
1215322
1208940
1208395
1212772
1203777
1031248
1027680
975232
967545
966128
972000
968701
969949
978632
970637
967495
976762
1029516
1026414
1029290
1026336
1027834
1031671
1028643
1027338
1032175
1026786
1028384
1027786
1029958
1026495
1028530
1087863
1026728
1028251
1033212
1027784
1025085
1025214
1025853
1225344
1025100
1026409
1025664
1026274
1017951
1151529
