23925686
23984822
23986424
24077564
23987679
26273481
24297940
23975726
24410438
23691493
23447511
23413974
23588459
23635400
23429605
23154603
23061273
23782170
22130368
21874843
28029178
27812222
27971279
27913873
27821426
22166503
23949862
21577753
21912760
23476103
23655306
23404183
23586652
23426192
23472254
23582791
24392989
23659695
22305310
22288339
23606295
23386232
23505226
23627021
23400915
23458466
24600319
25303502
21981776
26715844
28034021
27819531
28002141
27842568
27821560
27969052
23712326
22335222
22396123
21955711
23659420
23369534
23709871
23441516
23383041
23558645
24230542
22839934
22299302
22028756
28008502
24375579
23520109
23338970
23401085
23297918
23090382
23424187
22652611
23429499
23587109
23377142
23597308
23366590
23635132
23610611
25099261
25980972
22333538
22556768
28052056
27823647
27955788
27940694
27818516
28060726
25445321
23416101
22613743
22483114
23618957
23404518
23709702
23386812
23456875
23613436
24409095
24039989
22314900
21902892
28004185
27804649
27948619
27967449
27796783
28006951
25411909
24043832
23549228
23563468
28005842
27853996
27938028
27875606
27843044
27988213
23290127
22880800
22355827
23683106
23639868
23417301
23602663
23411853
23439751
23413055
25303437
23945390
22163599
22860856
23586611
23402843
23503950
23368338
23442115
23551349
24505951
24215371
22200630
22366662
22160447
21895712
22003076
21850097
21880239
22083693
22128040
23876410
22352860
21973921
28024087
27828396
27980371
27919708
27827957
28062457
24662080
24609272
23587755
25717754
22397133
22566565
22469798
21913860
21870766
22010860
22029611
24274262
22177432
21828722
27991453
25049471
23534725
23447360
23402869
23616831
24826003
23805350
22326293
22169900
28017636
27808970
25072362
23672985
23404945
23616381
23832559
22708409
22288785
22739850
28065713
27874182
27993489
27877822
27840856
28035965
25363867
24486932
22740702
27784169
28018298
27834972
27983338
27906656
24985442
23605670
23156099
24032515
23623889
23425006
28047963
27816071
27951909
27917332
27849808
28037079
23275317
22757858
22215369
22058308
23589470
23382287
23563426
23380815
23410323
23618174
24675516
24158395
22333288
22323476
23596596
23397080
23516931
23466544
23403448
23275220
23243197
23709439
21967233
22020967
28015139
27824432
28025993
27837651
27856890
28049719
25510606
23215314
22374732
23730613
23582717
23567941
23628422
22130521
22194241
22387074
23281195
23842726
22548593
22380899
24313067
24161712
24398832
24205075
24017991
24403871
26451580
26598859
22545641
22525274
28053680
27841458
27960904
27873824
27850821
28031449
26672662
23720127
22565069
23409982
28006673
27766833
27936229
27798523
27746667
27108132
26003075
24614526
22756183
23568591
23624608
23434629
23532777
23452641
23408424
23574274
24983082
25016140
22247913
22252647
24171893
23964681
24324290
24270049
23957724
24384746
25049292
23066616
22349426
22301752
28059415
27789504
27949943
27863314
27816308
28011034
24850155
24114435
22344078
23293824
28015081
23406962
23716453
23409908
23382538
23619550
25371098
23930501
22289734
22329743
28081353
27833801
27973615
27937962
27863134
28036900
26746494
22341257
22315293
25824954
24189763
24148729
24384752
24194667
24207178
24432848
25870919
24444678
22543769
22313697
23629248
23376437
23572075
23431904
23413272
23608362
24348739
23455691
22580635
22353939
24051634
23975798
24333303
24241879
24150527
24200133
25450977
23059104
22464115
23348186
24172411
23950928
24251282
24221182
23976260
24414498
25202059
24614605
22563280
22372661
28061437
27805823
27973614
27909620
27837107
28033740
24926102
24631361
23572137
24574549
23654082
23380338
23556706
23449233
23405064
23573812
24821983
25181433
22128996
22183687
28049094
27834502
27960428
27933222
27860344
27393060
24160384
22625515
22204341
26442030
28091597
27887555
28013331
27858749
27852072
28009865
25446677
24366052
24164178
27825619
28055723
27817577
27959968
27856998
27799813
26063577
24337992
23817265
22314635
22181511
28004192
27793666
27930569
27798507
27796692
27984230
25455425
22819869
23638659
25518589
23641122
23403083
23618472
23432645
23427152
23629693
24578292
25252757
22403109
22190961
23675826
23401138
23605289
23769607
24613444
23619486
25027935
23976529
22196641
21884206
28094271
27824736
27973463
27829263
27865416
28072323
24855361
22945453
22654028
23789287
23618009
23426788
23550906
23415381
23426560
23654984
24517873
24495662
22431964
22155696
28018564
27770866
27931548
27874518
27773231
27998438
23632856
23770073
23646794
23970301
28025473
27756635
27908136
27899410
27831227
28054124
24284245
24479679
23886118
24623880
28065048
27817030
27949825
27851652
27854136
24904322
23329504
24009978
22054371
25658341
28035093
27801856
27974627
22809932
21872918
22055560
24026334
23652255
22231957
23659100
24377718
24241751
24383442
24254840
24046967
24209831
27034132
24705100
22363029
23685698
23610367
23360753
23605498
23415231
23635088
23613131
25111491
23361023
22262997
23880299
24227297
24210909
24350681
24223616
24214371
24381142
26453785
24871606
22772997
22359304
22362149
22224488
22380584
22117006
22206129
22445331
22356027
24798729
23414593
22389957
28033482
27832475
27999720
27919569
27863890
28029874
23548598
23301052
22344273
23392523
23613142
23409269
23591323
23420239
23425659
23611699
24439687
24923760
22324480
22094806
28088371
27776962
28076951
27822778
27818400
28120795
26525116
24523572
23850527
23424521
23673592
23375468
23546946
23649651
23423772
23591986
24608122
23212982
23587248
23412796
28022494
27851794
27979281
27913305
27834102
28090081
24207152
25323266
22274571
22053691
23248562
22175006
22322841
22137095
22273556
22347056
22192553
24051078
24415180
23795999
23626935
22451418
22042100
21857392
23418927
23601651
24773677
24490158
23838388
23666635
28016482
27812714
27964279
27911293
27810962
28101663
24326802
24827496
23793526
24737596
23626486
23416714
23758930
23476123
23423276
23597527
24960535
25658021
23631009
23604278
23623402
23382518
23548450
23402858
23411539
23581305
24382450
24573342
22177722
21969380
23616923
23332194
23544641
23490473
23349672
23637343
24151611
25824871
22414649
22373312
28014111
27805927
27950129
27889682
27836255
27360405
24586756
22318874
22235090
25046332
28031724
27847020
27981954
27937459
27848316
24416038
23476239
23848459
22399461
23527496
28022860
27767652
27905008
27856940
27770473
23786855
24974290
24235197
22515677
22349318
23638354
23354636
23533659
23364340
23413142
23758318
24036055
23949866
22557205
22354167
24215184
24197644
24189314
23973687
24145606
24188883
25102507
24151957
22806988
24212311
24602183
23990797
24155606
24024899
23694758
22404142
22893394
24416141
23791115
23894505
23618040
23389785
23612644
23510538
23428830
23648656
24025792
24388499
22221007
22144094
23668270
23426520
23645253
23436568
23458163
23624146
27023941
24017608
22254829
22335198
24327878
23973051
23576503
23484820
23396337
23597292
25120571
24704213
22184499
22598039
23657430
23376291
23531374
23460501
23434923
23860339
24998521
23939816
22483167
22111759
28039508
27842379
27990640
27854037
27829513
27668464
22349288
22594610
22080306
26187226
28021213
27785964
27998096
27881944
27793391
28062789
28175253
26617618
23809702
23418583
27996060
27824926
27972973
27817183
27863064
28017490
23380476
22301879
26621114
27762824
23591458
23631623
23575628
23416103
23423093
23622596
24095614
24201612
22299562
22203967
28026369
27826022
27942756
27909033
27802143
28013166
23991036
24716992
23205203
23402510
28011226
27803198
27925173
26543134
23393722
23568766
25814513
23827277
22656263
27270440
24193716
23988972
24178719
24014474
23981822
24355847
25775403
24702078
22549091
23281058
28024821
27837242
27968824
27899371
27821278
28024944
24472879
24535055
22376597
22749789
27995338
27820217
27948632
23800552
23396202
23617199
25190757
23765302
22164134
22041926
23656946
23372936
23750750
23415934
23421667
23597343
23982878
23796459
22259172
22133816
28013468
27802153
27946693
27949031
27861571
28051447
26675529
25063845
22330254
22872636
27992821
27751258
27923604
27851826
27796340
28054428
24585445
25094360
22606476
22560895
28023082
27825523
27926277
27924875
27818563
28062634
24752417
24100849
22436630
22207955
28020394
27773197
27951961
27860928
27807856
27973882
23246968
23024458
24828272
27752433
26446712
23394643
23553951
23397386
23396828
23553076
25383449
24217323
22550721
22301168
28009191
27773585
27944291
27824521
27795812
27973685
25030506
25654049
24680645
27746919
27975558
27774628
27917405
24534687
24163917
24163618
26170086
23517039
22508943
26164551
27994751
27817104
27923696
27833966
27835922
27371754
25398774
23138448
23408249
26730180
23548630
23417737
23521702
23636460
23396957
23603081
24305646
24823070
22092575
21970333
28022247
27815052
27918389
27853408
27832469
27987541
23491788
24301091
22237689
22179319
24152867
24188878
24132641
23991719
24160917
24196007
25016087
23816711
22327537
22220533
28013361
27825281
27925307
27789081
27826299
27967617
23894202
22911442
24298158
27738215
