21783836
21744124
21639075
20663056
21752123
21774977
21825483
21745714
21880206
21756907
21684781
21748396
21635008
21484007
21724546
21660428
21814671
22891769
21758982
21479151
21865641
21668356
21672307
21483282
21691377
21687984
22364977
21739085
21734306
21658714
22147604
21696521
21641378
21603831
21699621
21715505
22220075
21858279
21755337
21487937
21877597
21688103
21987441
21543972
21694110
21959599
22926221
22149977
21770854
21529643
21863772
21674582
21645525
21519052
21684302
21682802
22244884
21732069
21717235
21615878
21863211
21663296
21673678
21477416
21820143
21688152
22339301
21990381
21751717
21500380
23386223
23179384
23262483
23297161
22037527
21891251
22524123
21774921
21755025
21514794
22013520
21695452
21667953
21512833
21692440
21698993
22580029
22231181
21764217
21498901
21894049
21774649
21659963
21513768
21794370
21671422
22841721
21865138
23482196
21513628
22121129
22043230
21881980
21846777
21998425
22005735
23240158
22630909
22060910
21852673
21876569
21674906
21683435
21483849
21698870
21698979
22954775
22518736
22027872
21709417
23397845
22154734
21685482
21506330
21743646
21691111
22114571
22025737
21831541
21519575
21902822
21689615
21675064
21503623
21681299
21677128
22444100
21958419
21781349
21494746
23427666
23209641
21945260
21794550
21704515
21706113
22230199
22019565
21722704
21491748
21889849
21684888
21687055
21507143
21712010
21689405
22342015
21832456
21775478
21479052
21876148
21684363
21709943
21479651
21709778
21678256
22493830
21877206
21766310
21515558
21915905
21708961
21654365
21496708
21785072
21702056
22454834
21752395
21750476
21501127
22184600
21997388
21976198
21819892
21921361
22016263
23030499
22059810
22277380
22003505
21880557
21686462
21693528
21486083
21697719
22083416
23147804
22377548
21992224
21489563
23432376
23195498
23177921
22967914
23189236
23240699
23047628
21783852
21954041
21804175
21888521
21689476
22884596
22979091
23201494
23221592
23962392
22130646
21772298
21496934
23418741
23213408
23192935
22977691
23254260
23209889
23550692
23281042
23293708
23013964
21913096
21822851
21674994
21476506
21699192
21685597
22019750
22096434
21759550
21502586
23425607
23193950
23202785
22989259
23208356
21689311
22668895
21870022
23268420
22406686
21898555
21716616
21670369
21499892
21696430
21705409
22620767
22224497
21733248
21511062
21877454
21670015
21664926
21520825
21708767
21681500
22178205
21975459
21786306
21518159
22108348
21719731
21668186
21495797
21683648
21695350
22589893
21970302
21773788
21494400
21898028
21683273
21910762
21570006
21731545
21702675
22446227
21736786
21765536
21522031
21887830
21699927
21677300
21503496
21712242
21985517
22432777
21831551
21748209
21514047
21921703
21673949
21660509
21470189
21705370
21722530
22742714
21813230
21805158
21543294
22193405
21972597
21956727
21811346
21893746
22011798
22549864
22014068
21773434
21647363
21885393
21687851
21785682
21502747
21708334
21693085
22365667
22522426
21754125
21496069
21908698
21680797
21659733
21495835
21689750
21739491
22448367
22211526
21783849
21514353
21996492
21717229
21711694
21488960
21711307
21679749
22263708
22057535
21792478
21502787
21896776
21684573
21643882
21470307
21686977
21987625
22567238
22137857
21722029
21515523
23443211
23210728
23177516
23019293
23214411
23210832
22745994
22023078
21742129
21496723
21886968
21704394
21964087
21496455
21708398
21699758
22561968
22039976
21846483
21505020
22059927
21688204
23271907
21511561
22085995
22032679
22448428
21837665
21884192
21501597
21887052
21699136
21689912
21492552
21709750
21702617
22444043
21947277
21777513
21498817
22148567
21718360
21651757
21658351
21691373
21702265
22636041
21837189
21754157
21526711
21871416
21663684
21643819
21568655
21702072
21995809
22226289
22050193
21792728
21490899
22198510
21894670
22006243
21837914
21984509
22047348
22891368
21834830
21885330
21491327
21888638
21693149
21715908
21526285
21712131
21698071
23075908
22267590
21751048
21507291
21919526
21693486
21668861
21497731
21706172
21702787
22278061
21861143
21775816
21506859
21911724
21693063
21657658
21528814
21695517
21716871
22190388
22080433
21749475
21512687
21916515
21700955
21655056
21491958
21699640
21709276
22502032
21898673
21758241
21505397
22196683
22172079
22020049
21953835
21711276
21687573
22576747
22018935
21767171
21494030
21895030
21700251
21673995
21515483
21709521
21680193
22664895
22117209
21749621
21497202
23427905
23214146
23170701
23030405
23188243
23202186
22448508
21889071
21735954
21516306
21912864
21696370
21650616
21639415
21703566
21737780
22741012
21915821
21773582
21504643
23483537
22923654
21692748
21510924
21727280
21694561
23304176
23328170
21767278
21644364
21928925
21694321
21823693
21520295
21697241
21750615
22841226
21776246
21777555
21510383
23474065
23242615
23230649
23038998
23239672
23264121
22721111
22048505
21772663
21548632
21938223
21668399
21660763
21499536
21679039
21724508
22972291
22043928
21747149
21525628
21929577
21698067
21719912
21508491
21734808
21704232
22377522
22169344
21792510
21518602
21907394
21713471
21976797
21500900
21701329
21743710
22477049
22299010
21751645
21538777
21928654
21691917
21676850
21527281
21715952
21697562
23003712
22143995
21769121
21539345
21899233
21689022
21694072
21498351
21696532
21719060
22516523
22151846
21783788
21501246
21930044
21712137
21693183
21501184
21823280
21707227
22701258
22419779
21774465
21532359
21916978
21694628
21702441
21517580
21705727
21714360
22356117
22038056
21772038
21529167
23141690
21732737
21702493
21514854
21719919
21716239
22623897
21963405
21792750
21556208
21918904
21702533
21677501
21504605
21895779
21723773
22451373
22341599
21768534
21621524
23454623
23250964
23241527
23060291
23258285
23258268
22721977
22182399
21778709
21538282
21907769
21685976
21881282
21508266
21714176
21705870
22415781
22088687
21926314
21506704
23455501
23203140
23186110
23054672
23225514
23244857
24229101
23311338
23329639
23053519
23471180
23214912
23199875
22995269
23226660
23259850
24371764
23307731
23260035
23025496
22220486
21929407
21680714
21527439
21750448
21733230
22556095
22317510
21780828
21557813
23427084
23212666
23200745
23021663
23219092
23229583
24281891
23312272
23298514
23062989
21944576
21717256
21693692
21519864
21738361
21738244
22674489
21832100
21750958
21552549
21909069
21698463
21678625
21535273
21713121
21713668
22423019
21929412
21755478
21510087
21910171
21709991
21681917
21509252
21712060
21715764
22330467
21947125
21787793
21533198
24469452
23783091
21770632
21492750
21688400
21717042
22393675
22174630
21765190
21517603
21941018
21695542
21682951
21814106
21694077
21726898
22741862
22073483
21782471
21543527
23429246
23201139
23199999
23041534
23211815
23247942
22804467
21767623
21755939
21526216
21926827
21719398
21700008
21642356
21708227
21692972
22399333
22109310
21791247
21526874
23462680
23213952
23222012
23013610
23241085
23262389
24029114
23337868
22837539
21514600
22230529
21692977
21691211
21505154
21705504
21710887
22746582
22141552
21758233
21560971
23456792
23180927
23184100
23003282
23202936
23240566
24936681
23279495
21874273
21513617
21932749
21702754
21703477
21530638
21703230
21701987
22919020
21887057
21801669
21538381
21906678
21702661
21692389
21504131
22005376
21709857
22698715
22017265
21758356
21513998
21941329
21732365
21703317
21520067
21724882
21738474
22594595
21867797
21780311
21545541
22188565
21693594
21708192
21481859
21690876
21690632
22312793
22096252
21758913
21499040
22069506
22071474
22208139
21855348
22013819
22009173
22886054
22120296
21974240
21858065
23458466
23218570
23234387
23002999
23217120
23246755
23980549
23314898
23277374
23030121
21936464
21707293
21683919
21526888
21716698
21715214
22810861
22127595
23126476
23070746
21926634
21691648
21662352
21499617
21843555
21722846
22330222
22010869
21760928
21539762
21920278
21843411
21706082
21631905
21727586
21708082
22740879
22335505
21748519
21543938
22208925
21882674
21978894
21816487
22015504
21754862
22327143
22034189
21750376
21505764
21912336
21719548
21711344
21536801
21732665
21708388
22445857
21852528
21798152
21521493
21921060
21695274
21675126
21492314
21727265
21863692
22896140
22215446
21755907
21511935
21935739
21718693
21815578
21527611
21701512
21724634
22260656
22240527
21768317
21547293
21914943
21673720
21693642
21485357
21711027
21752181
22683072
21808132
21776244
21550453
21900719
21711624
21692950
21525527
21714766
21701683
22177130
21996246
21762847
21513002
21894133
21686086
21688758
21490010
21710836
21725663
22279548
22139270
21756322
21503589
21928082
21712709
21980176
21635918
21704983
21697110
22262390
22119956
21779799
21516436
21932124
21705271
21707428
21517593
21721975
21742882
22352107
21887940
21763535
21539996
21925121
21716327
21698115
21518893
21698850
21708221
22724834
22175643
21779147
21533120
21899533
21691556
21689019
21520416
21706396
21744331
22693639
21754488
21774832
21503646
23993994
23481492
21906417
21516965
21730492
21697141
22259670
22123772
21808371
21656988
