27976721
28030080
28108662
28013541
28176987
28169311
28183678
28081830
25609026
25389456
28160871
27959472
28171613
26706921
23589576
24311434
26894844
27918945
24409714
25205337
28531403
28193156
28260176
28242544
28513965
33108771
34467835
31477025
31624531
31986099
28430605
28188430
28368652
28428844
28187498
28654431
29191602
28852014
25772970
25417294
28453908
28163784
28420662
28398595
28147907
29628999
28729314
28221464
28777523
28320058
28407498
28132093
28376861
28381445
28157924
28460413
28470788
24487997
24301174
25143986
28455521
28167280
28406100
28477070
28167819
28406957
28531278
28117802
24603002
28158799
28493117
28178439
28436655
28502413
28178118
28422559
28630451
25809350
31986786
32644339
28392099
28076423
28409946
28325342
28098460
28398244
28377980
25418859
24869785
26218120
28390079
28104051
28335894
28256008
28082507
28388086
28586964
28085757
28358858
28355781
28445058
28132260
28379604
28382153
28139432
28392767
28927427
28119046
28447732
29153686
28394866
28085646
28343404
28440791
28094669
28318264
25631352
28034731
28378807
28181051
28368685
28133684
28304381
28397043
28106361
28408949
27287342
26285736
25095627
26427178
28306923
28094919
28379069
28312903
28091056
28379600
27472977
28088811
28379912
28667499
28373509
28070575
28370373
28288742
28126162
33037315
31555422
31421083
28227723
27990916
28320817
28027310
28257530
28260623
28032088
28313769
28276081
26254607
24297002
26131041
28266848
28009345
28309016
24238138
23639027
24006340
26897591
26827382
24180344
25240608
28308791
28007207
28292060
28283317
27987708
28298559
28225727
27912696
28221510
28276494
28290082
28014391
28258436
28351465
27960548
28306201
26719641
27989832
28283764
28236070
28327030
28004096
28264017
28261208
28005293
30287090
29479636
28019200
26538066
28080872
28332821
27988171
28378149
28204702
28037825
28538431
28659679
28052197
25019244
24732091
28343173
28024004
28307213
28262962
28043817
28342022
28224894
27963023
28392819
28228202
28322978
28000097
28351012
28243140
28060732
28316322
28251594
28006796
28314936
28225544
28302629
28012504
28299686
28330380
28059063
28411959
28272664
27989015
28228134
28295335
28367774
27994927
28279053
28220514
28044375
28308910
25536149
26057890
23900833
24842147
28300216
28051069
28282858
28232177
28038698
28373683
28372356
24676286
24557896
24516799
28323034
28031014
28293551
28325206
28044726
28357636
26500290
27990594
28343359
28288988
28312779
28025801
28229847
28259342
28002542
23235535
27961647
25962322
28223175
27694244
25826934
24456616
25243951
25490644
24498243
24725413
25870768
26223087
28228422
28140142
28280726
27982180
28266445
28145128
28043529
28349708
28257559
28077901
24863546
25516164
28251895
28022999
28231609
28321872
28042227
28272661
28274716
27988036
28213102
28171314
28329541
27980735
28303213
28184755
28038799
28277145
28279966
27986987
28260419
28020603
28288967
27977894
28237814
28230253
27989261
28276697
28250601
27970951
28233192
28219265
28308627
28044046
28237418
28220685
28053251
28279523
28266205
27967645
28308543
28170635
28262985
28003684
28198583
28202237
28010823
28305238
28428258
27953538
28268140
28172027
28319114
28027896
28224739
28303344
28011262
28318932
28266370
27997718
28320170
28230031
28299314
27976012
28244203
28365283
28023536
28264205
28265827
28002950
24448387
24655974
28291827
28004519
28227400
28278261
28028052
24250515
25161309
27974554
28285911
28177547
28287739
28007431
28224797
28341641
28015325
28275027
27311364
27991098
28237644
28217944
28252075
28028182
28245365
28299753
27995791
28205583
28215915
27901010
28260932
28118440
28269322
28014215
28212938
28322010
28050292
28290736
28303590
27989213
28247298
28286144
28331547
28039706
28290512
28156237
28030546
28289487
28219581
28056041
28356935
28219232
28276287
27983419
28234365
28174255
28009570
28291242
28267609
27982539
24249742
24887952
28248822
28016301
28198837
28309838
27984551
28307243
28253995
28016240
28243904
28416345
28405703
28008177
28249315
28288373
27995565
28328325
28195673
27936598
28276908
28271314
28293311
28002314
28271172
28207473
28035304
28305908
26624490
26331996
28384856
28230998
28268253
28037585
28248284
28213771
28035370
28361632
28293402
28029005
24987031
24894761
28314797
28066225
28251797
28285225
28006750
28334465
28251438
27649459
24925543
25789390
28282826
28025843
28234782
28353759
27995828
28346513
28295578
27992513
28334993
28248860
28376366
28019341
28265082
30062768
28029593
28261496
27536683
27933346
28286315
28246529
28319238
28051946
28237907
28288865
28033506
28300826
26547580
27973572
28365390
28239096
28325753
27976501
28228692
28178531
28070770
31673855
31622439
31549678
31619556
31559895
28350103
28008951
28264883
28266338
28067120
28357589
28361112
28050332
28282311
28573343
28357002
28112922
28307631
28253640
25487649
24546848
25305265
28106606
28286933
28237474
28311767
28086410
28326167
28323503
26143395
24001834
24590672
27370094
24098947
24695307
28357412
28069236
28315220
28285952
26651036
24192302
24308649
27741702
23905078
28291364
28344363
28078059
28276665
28339030
28031945
28432952
28345308
28059835
28360847
28339107
28290281
28065532
28258339
28344964
28053632
28373880
28335849
28063733
24822865
25311193
28352058
28083750
28301911
28386011
28030479
28387565
26864382
28081190
28434395
28361924
23934359
23623311
23937893
28305116
28070963
28407310
28206608
28052492
28311863
28166885
28290639
28092277
28269607
30043888
28048022
28305590
28342814
28047110
28383267
28404360
28331733
28023685
28276616
28285116
28065580
28353744
28311571
28061282
28268388
27464345
28344589
28110489
28319713
28328968
28023271
28384048
28320174
28018084
28423853
28634594
24572835
24355740
24707016
24736835
24475260
24753273
24942363
24393090
24907016
24963444
28371359
27023859
23892583
23933262
23713792
24006324
23957159
28037698
28330689
28220314
26450029
24380740
24769721
24744373
24551244
24783896
25298394
25521045
28358293
28314918
28388225
28050863
28345332
28262586
28090535
28402016
28384714
28035358
28353583
28551912
28371400
28075254
28332332
28376359
26719173
23981259
27190220
26235113
24139845
24582531
28381290
28106594
28268755
28256880
28075771
30023939
29722475
28798400
28295566
27078267
28408485
28071032
28343605
28364022
28086702
28461359
28415765
28043796
28412586
28567167
28411823
28090843
28338049
28425127
28056117
28428872
28326128
28023732
28443377
28474876
28414824
28061373
28297384
28278537
28112249
26034459
26149015
26225006
24167514
24545634
28388371
25109104
24769552
24603765
24564748
24841678
24817642
26058307
28275375
27479920
28374922
28054054
28360794
28236278
28131532
25868106
25702656
28195517
28361253
28043268
28448790
28119013
28422734
28428953
28048903
28472525
26954113
28076246
24743826
24579785
28414737
28119345
28332834
28383561
28107334
28375692
28465284
28034120
28840651
28228664
24755240
24559744
24707539
24729892
24745495
24721322
26677750
25985474
28242358
28174879
25670199
24478998
24722216
24705465
24547459
24729318
24757559
25439470
24659245
24922007
25490022
23704502
23903141
23907517
23677493
24126274
28271759
26741561
24356767
24578543
28316304
28069845
28285683
28293928
28095791
28385898
28362843
28003273
28312549
28574102
28342406
28072555
28322550
28322270
28080739
28371935
25441521
26322461
28400223
28125762
28341057
28053426
28303958
28257199
25867191
23965020
24365085
27279144
28298421
28350240
28381319
28055533
28293062
28284086
28086829
28347739
28541395
28068066
28476473
28123238
28319289
28091725
28290628
28356811
28045297
28424222
28302783
28031094
28312199
28516717
28337898
28064758
28263736
28122386
24573558
24735217
24842022
28070512
28352720
28131441
28322416
28047569
28291875
28302287
28074177
28326077
28288701
28022451
28273278
28523007
24760344
24466519
24949506
24695692
24301370
24731483
26411317
28044981
24667982
25037549
28368305
28074340
28307983
28211957
28122123
28346919
28086468
25420324
24129837
24540125
28274142
28030111
28293810
28229768
28036450
28191527
28333466
27079250
24771707
25451305
28292131
28087430
28259463
28274095
28073955
28388955
28534527
28058961
24734125
25697388
28373380
28075706
28331530
28203883
28079932
28325249
28337180
28075308
24872166
25575811
28346584
28082569
28272859
28297178
28103586
28333760
28412447
28123045
28356681
28522567
28362943
28062236
28284227
28293414
28065904
30027745
30238783
28852433
28293803
27775878
28358626
28140645
28334453
28406267
28090526
28376582
28333147
28055944
28350878
28266326
28377583
28091906
28323889
28250841
28068659
28336911
28274266
28062634
24112771
24671690
28347821
28065688
28320644
28413014
28079061
28373014
27699368
24647116
24631217
24480490
28355121
28027458
28280335
28279718
28095541
28352459
28383932
28019280
28292372
28449905
28342652
28081128
28467631
28291186
28135059
28450886
28381403
28048053
28351424
28545639
28405470
28047135
28284899
28283545
28083020
28367127
28347046
28057982
24607250
27223528
28370355
28070138
28308479
28289000
28050936
28455364
28458674
28075646
28466916
26631301
