1587987
1571339
1574481
1590495
1568157
1548821
1537248
1266232
1186852
1134841
990016
984329
991136
1000704
987078
991434
994994
990272
1020418
979895
1047640
1051683
1046615
1049770
1049482
1054242
1046789
1051989
1052243
1053216
1238768
1049237
1056908
1051654
1047172
1059114
1055093
1053265
1062299
1052411
1231708
1228566
1228946
1239381
1053548
1139406
1204128
1062534
1055658
1061430
1047641
1218181
1058742
1053831
1051468
1050795
1052635
1046538
1051764
1049040
1046893
1048686
1053700
1047330
1050728
1061349
1053405
1057140
1056298
1050672
1050579
1046083
1051921
1167888
1058525
1086690
1046462
1052141
1077039
1105410
1234330
1223405
1051289
1047971
1052006
1050659
1052289
1049635
1060093
1054299
1230644
1238791
1226040
1222593
1228340
1232852
1228130
1231833
1239144
1228961
1222677
1219735
1229693
1228422
1221895
1234094
1220385
1221286
1224917
1230337
1207009
1210819
1203212
1207597
1026574
1027885
1032579
1026138
1024104
1031347
1039748
1031925
1023277
1024430
1023778
1027424
1027061
1024567
1026629
1040481
1051555
1041624
1042363
1045904
1047753
1045460
1050082
1046472
1046361
1051521
1041528
1129332
1043437
1045872
1047360
1047237
1044108
1046850
1047988
1050731
1041068
1053156
1044266
1043306
1051298
1043585
1047328
1060155
1046173
1046349
1227974
1224994
1224646
1234092
1232735
1225127
1236796
1229784
1229234
1226930
1221909
1229394
1208627
1198539
1199258
1204128
1065279
1023195
1128174
1024716
1048409
1041697
1043100
1052806
1044279
1050279
1050452
1049196
1046136
1046237
1224249
1223341
1238933
1226002
1220417
1233153
1234765
1218577
1231424
1222724
981075
984861
1043427
986611
980322
1034538
981452
1043419
980684
987475
1229737
1219629
1224028
1232042
1221509
1220516
1235310
1221221
1224317
1234597
1228603
1216523
1226430
1222755
1225693
1219685
1228534
1237689
1227884
1235715
1040569
1045388
1044802
1047771
1041245
1042480
1053286
1044199
1043248
1047278
1041450
1041433
1043972
1019823
1022943
1024542
1021682
1022592
1029285
1029511
1220788
1235231
1046762
1046433
1045086
1048456
1044254
1048598
1051375
1044109
975461
990263
981889
988610
989624
986393
982632
989044
991124
983804
1221222
1232362
1229357
1228305
1233505
1227674
1224449
1220700
1204990
1025178
1044642
1046147
1050222
1037787
1047002
1047817
1045091
1044520
1039485
1043304
1221540
1234317
1230837
1219280
1219784
1238363
1226975
1225863
1229978
1223436
1038455
1044468
1040043
1045636
1043258
1045248
1050584
1046503
1044468
1054499
1042835
1045739
1043142
1050448
1044325
1045100
1052877
1048060
1046305
1053686
1043805
1059488
1045168
1021797
1028874
1022418
1021793
1029277
1023984
1023694
1222389
1237058
1222757
1227764
1230446
1220420
1223377
1226844
1238964
1222757
1224546
1225671
1232334
1222675
1222605
1249365
1222915
1222557
1237147
1226751
1042257
1037003
1054983
1048440
1040353
1050025
1050455
1045851
1046234
1046138
1422541
1404226
1400824
1393360
1394495
1396249
1397024
1407037
1394306
1411152
1251192
1236121
1208493
1206831
1207789
1210328
1221177
1217827
1025162
1033205
1039387
1034922
1039812
1032114
1025680
1035130
1028299
1029537
1034643
967398
1225666
1214584
1218401
1222066
1204747
1205151
1207561
1203112
1204354
1208865
1042956
959286
965984
959055
958141
1042482
961599
1012138
959747
958646
1214942
1211134
1207885
1214026
1204998
1208555
1207931
1214566
1206198
1206950
1204921
1212837
1204653
1209235
1209498
1214189
1204945
1204905
1023844
1031545
1036495
1022275
1022428
1024236
1021867
1018553
1018058
1022893
1024473
1022337
1201762
1200947
1207594
1203692
1201516
1209946
1204398
1205766
1201625
1022326
1022934
1021044
1029482
1021091
1025208
1027500
1020820
1023502
1025471
1020823
1204361
1203884
1213829
1199778
1200890
1209602
1200205
1199444
1212014
1198376
1020429
1101586
1017703
1016978
1017753
1018116
1019222
1017008
1021846
1020243
1199779
1204024
1197401
1195488
1197625
1197495
1197365
1196837
1205103
1196601
1016632
1022922
1016120
1014591
1012816
1018434
1014987
1155242
1018667
1016813
1021739
1021813
1026772
1020430
1015435
1018035
1016685
1017408
1016404
1214333
1201669
1198776
1022052
1018034
1013843
1019867
1016584
1019488
1087104
1023254
1016614
1025693
1015849
1019350
1021352
1016591
1017020
958880
952298
955433
1195715
1198009
1205288
1200767
1196042
1201779
1197774
1203296
1197261
1209517
1201000
1205110
1204041
1202028
1198373
1205575
1195547
1020076
1021611
1017028
1196641
1195010
1200277
1195484
1195364
1212453
1196981
1193891
1017422
1019928
1026472
1017104
1015265
1023879
1017572
954023
954099
961025
955488
955702
1013034
1010936
1018797
1012017
1006425
1015128
1008929
1014190
1011457
1015346
1191843
1201745
1187275
1191329
1193071
1188267
1131690
1019542
1010353
1008593
1052325
1010831
1103473
1012946
1006221
1007989
1007906
1210348
1107029
1016758
1006298
1006509
1013060
1011447
1195741
1195274
1010502
1012774
1021382
1011475
1012645
1011268
1022628
1030761
1014594
1007788
1010845
1006011
1006584
1017433
950887
1014469
947658
947122
988344
945657
956636
951687
1019728
948482
1197614
1191484
1188713
1197777
1188993
1190508
1203473
1083320
1016466
1005766
1196438
1192787
1199415
1191417
1191895
1205620
1197005
1191280
1198678
1192262
1195901
1192525
1202069
1008377
1005953
1007000
1014668
1009966
1009253
1013066
1203999
1190216
1192735
1201642
1191360
1187863
1199905
1189001
1192655
1009139
1008673
1005624
1020579
1008408
1008018
1011146
1009801
1006940
1013917
1006452
953022
962476
949813
949248
955968
946489
952361
955372
955047
947527
949488
969026
944631
947843
956289
1012034
1021154
1016706
1015308
1019994
1197055
1194732
1202246
1018032
1009141
958747
948194
953985
965110
947578
1200213
1192764
949771
952554
1000380
956378
955781
950542
949269
1069619
1199423
1211217
1195059
1199366
1203137
1198400
1195386
1200404
1193737
1196189
1013588
1024780
1010138
1013812
1019126
1015858
1010646
1020757
1011035
1027533
1196550
1193490
1012669
1013652
1010518
1013847
1009506
1031481
1011760
1014282
1191167
1194085
1199602
1195560
1194742
1206816
1192520
1196103
1197350
1193558
1198528
1201957
1193470
1195172
1200331
1192840
1193425
1207809
1195425
1194407
1454111
1198481
1201985
1193969
1189890
1011241
1016823
1022221
1014301
1012775
1198811
1197155
1202776
1196554
1195078
1195226
1220535
1191332
1193818
1196111
1024057
1012992
1014119
1020130
1013366
1010449
1020357
1010905
1015245
1012113
1013754
1017996
1019578
1009470
1013549
1016642
1014393
1010042
1023610
1012485
1013826
1011365
1013257
1008711
1013713
1009387
1019907
1011649
1010625
949107
955734
949934
998277
950509
1014803
948899
951518
952168
954967
949595
1469266
949476
952870
954070
953236
956731
949911
947551
960479
949883
1198357
1194224
1202916
1194687
1196011
1200158
1191696
1194108
1210786
1013040
1195256
1196473
1190876
1192130
1203510
1192285
1189811
1020357
1013550
1013062
1200965
1199038
1196400
1197887
1193378
1202069
1197080
1195404
1204470
1194878
1202453
1196452
1192801
1198173
1192674
1191648
1206405
1189762
1010227
1015592
1013826
1098446
1012205
1019771
1014040
1035427
1010595
1013215
1008762
1015096
959123
953125
950116
954090
950590
954732
956684
954187
950835
1026725
1199055
1192185
1189420
1204726
1189328
1196145
1197435
1014841
1010463
961337
1194031
1202059
1193000
1197249
1198397
1195521
1194168
1208386
1195961
1024534
1197601
1200452
1198944
1196242
1193732
1198984
1199882
1194810
1196562
1210310
1018389
1018652
1018669
1018912
1012994
1013383
1014133
1011626
1018049
1013581
997302
966919
952585
1008584
953714
1008992
955294
955932
989478
954276
955650
951560
956042
954052
953393
1006043
957967
951469
956496
951711
1017164
1017929
1023815
1015671
1018821
1016853
1019126
1013052
1015732
1127549
1112240
1012940
1015584
1009881
1010568
1008826
1159619
1064612
1012492
1011910
1197492
1194038
1203261
1191299
1192684
1194629
1192847
1190595
1195021
1197117
953079
949152
988838
951541
1023039
952955
960108
954389
957570
1013570
