1593998
1469968
1432980
1393114
1385721
1388399
1373852
1359337
1360942
1220198
1045905
1059559
1049479
1199466
1048398
1046391
1045205
1044329
1146964
1956246
1231388
1227671
1229592
1221442
1229804
1230928
1042419
1040274
1041429
1040051
1226007
1224325
1228581
1226054
1226346
1231472
1234468
1218398
1222360
1237248
1046076
1039839
1041041
1057191
1040669
1173506
1043292
1031676
1033672
1030820
1040247
1039305
1039666
1037555
1035929
1039136
1038655
1037021
1036350
1036761
1223764
1221535
1220034
1228529
1218174
1221208
1228713
1215588
1214310
1233578
1042403
1195379
1046593
1038105
1040862
974318
1008269
975977
997427
1003509
1043104
1037115
1043029
1036743
1042156
1041863
1042005
1037228
972382
1052123
1232861
1221663
1222421
1229415
1216413
1216572
1220581
1219436
1206886
1209063
1045491
1036545
1032798
1034223
1033889
1164114
1038592
1067521
1029013
1028606
1036088
1041848
1037705
1208041
1096959
1036968
1038333
1032482
1101840
1034446
1223990
1216602
1213108
1214972
1218118
1223871
1227794
1222408
1218527
1224212
1040086
1150397
1044153
1103613
975090
1020059
974288
999124
999483
968415
1036340
1037743
1039320
1083381
1178344
1021790
1021449
1021809
1019916
1022191
1217767
1220870
1211077
1208017
1208719
1203928
1206491
1207541
1205619
1206916
1034974
1037760
1036835
1039202
1040095
1033088
1035222
1033819
1034061
1030679
1031313
1033230
1040017
1032339
1029322
1031092
1026446
1030834
1033580
1030604
1229455
1218454
1219794
1227343
1220783
1223776
1217407
1219449
1212869
1028033
1044300
1153073
1041457
1033505
1032232
1054687
1136330
1169117
1040223
1031187
1220614
1215366
1227432
1215869
1223621
1230812
1222514
1214649
1213594
1219760
1222822
1046040
1035722
1035531
1036797
1032725
1028244
1037365
1030530
1031138
1224074
1231458
1218725
1227073
1221611
1222626
1227309
1216004
1215173
1228360
1041032
1039362
1036750
1065349
1030012
1009650
959372
993248
980201
955866
1033929
1034668
1032829
1189947
1032341
1033679
1035719
1031733
1149070
1037647
1037931
1037796
1033365
1206697
1039788
991420
970268
1008905
967234
1006051
1066764
1032691
1030216
1026825
1126675
1041750
1094060
1032760
1027954
1021254
1030353
1034592
1035110
1029616
1052111
1069780
1090500
1102742
1088712
1098667
1120246
1105206
1106977
1101919
1089892
1085829
1077158
1071395
1066515
1054526
1214010
1215801
1211384
1223530
1208361
1211290
1212245
1027537
1028436
1029844
1029549
1034509
1030584
1030180
1028378
1031384
1032613
1031546
1031952
1030130
1213918
1216896
1219052
1222345
1225527
1218409
1215542
1224144
1216849
1225641
1154268
1152878
1169166
1178683
1198408
1218291
1215478
1213806
1200074
1181427
1215861
1216422
1220890
1217679
1215408
1234785
1217575
1215637
1218594
1220505
1036183
1034957
1036121
1158033
1158755
1037428
1036429
1038346
1029391
1030072
1040192
1038036
1037281
1210686
1102483
1035773
1029154
1026919
1096828
1035666
971828
1040968
977706
1043991
974635
1019653
967432
1043883
966965
1022217
1234261
1229607
1208069
1189918
1169246
1164593
1155233
1129562
1120584
1116125
1034041
1034369
1031682
1031573
1032534
1032617
1046823
1035209
1032552
1035836
1219226
1031811
1041365
1030839
1033262
1030619
1032315
1029482
1031996
1027592
1181007
1192534
1207920
1130204
1151956
1162029
1191231
1202347
1219444
1224831
1219721
1217132
1217001
1225393
1218960
1218842
1226077
1220030
1214040
1229075
1218237
1212425
1212219
1219821
1209531
1214158
1227720
1213907
1206716
1218275
1132197
1116397
1111229
1104191
1092934
1090407
1077950
1068023
1058212
1049714
1215293
1218742
1224265
1216074
1217304
1222737
1213097
1212739
1213270
1220550
1035213
1041505
1045653
1036881
1040945
1032412
1037452
1035054
1031987
1073024
1221607
1232199
1222939
1202995
1204765
1198110
1198646
1202721
1205565
1203968
1031215
1041166
1036588
1034781
1036868
1033692
1239801
1040577
1036655
1034233
1223890
1224683
1223284
1220987
1223957
1219097
1218952
1224345
1219132
1228717
1036896
1038749
1035586
1035105
1035856
1033537
1037063
1031406
1028307
1024957
976700
1041745
971384
1040973
973468
1039369
975852
1018068
967301
993434
1220221
1227335
1215370
1218669
1227622
1216586
1211547
1218360
1211366
1208836
1226206
1192167
1202239
1220618
1232176
1206694
1194625
1174307
1159636
1147275
1043374
1038564
1049421
1033999
1038877
1049956
1039102
1038105
1045681
1030851
1229104
1225240
1223534
1231354
1223614
1229828
1078892
1070026
1073453
1058313
1039941
1042581
1037404
1034030
1033033
1032660
1043869
1032229
1023564
1019678
1038315
1038567
1040133
1043738
1045573
1078011
1044594
1045372
1045329
1023580
1228013
1221954
1223338
1226108
1226104
1226019
1215676
1223611
1217328
1220471
1042302
1039339
1041919
1035055
1034972
1034724
1033269
1038372
1033947
1031215
1036658
1047710
1036284
1039905
1049188
1038796
1046569
1033917
1029072
1028208
1029065
1034435
1030499
1039299
1033291
1032206
1045226
1041196
1041641
1042876
1035583
1036476
1038356
1026825
1029894
1033070
1037735
1033784
1033825
1032971
1053298
1036565
1040271
1037111
1028474
1030367
1041118
1029480
1025446
1032869
1223338
1219618
1233076
1223727
1216183
1221310
1216784
1219955
1226900
1230497
1040874
1035502
1037423
1034100
1034926
1034936
1030946
1033332
1027928
1027752
1037412
1136227
1086031
1099320
1109383
1118046
1143588
1141387
1164139
1228957
1401560
1025336
1014088
1019885
1020346
1020707
1017366
1016361
1019293
1015969
1032082
1056592
1031737
1187130
1123001
1038276
1027859
1029777
1028279
1029063
1036310
1036712
1213398
1037307
1032145
1027803
1026807
1029563
1128883
1160468
1100019
1112134
1109603
1116047
1134219
1146375
1164915
1186465
1196628
1206894
1208452
1204876
1206931
1200035
1211146
1207386
1017994
1019187
1018060
1041464
1035575
1035586
1031973
1030716
1028271
1032047
1031138
1032546
1032048
1023359
1221311
1231114
1225306
1221211
1224275
1220994
1218845
1217466
1216765
1223688
1038026
1037194
1035256
1035644
1045641
1034173
1034649
1036408
1026953
1029125
1216303
1221069
1230903
1217812
1217436
1220350
1216391
1215640
1222143
1216892
1224047
1218246
1217473
1225237
1219483
1218061
1224911
1220096
1215003
1230254
1218986
1218866
1225650
1218723
1218224
1216374
1222185
1216183
1216696
1227486
1038703
1045988
1040275
1036723
1037220
1038844
1029311
1031364
1038811
1023888
1031951
1035946
1029586
1228144
1093351
1034533
1031979
1030070
1082561
1027894
1044708
1039487
1039072
1038845
1030412
1031039
1038483
1026625
1029749
1026214
1033112
1032015
1030411
1037624
1033702
1032050
1030584
1028270
1028660
1026588
1034684
1040814
1036426
1030887
1029111
1029825
1018946
1020511
1017704
1034501
1035383
1031102
1035630
1018263
1018611
1021532
1017224
1019695
1023932
1022711
1031969
1033646
1029403
1027464
1029677
1020665
1019593
1063263
1144681
1126637
1035859
1034935
1138663
1186342
1135418
1020099
1018847
1022014
1039807
1019597
1218539
1209367
1016563
1017263
1016106
1171873
1015822
1022276
1018890
1023089
1219924
1231815
1226941
1197812
1195507
1200152
1203467
1196726
1199106
1019142
1037669
1041325
1038759
1027583
1170753
1038462
1018666
1015230
1014013
1010907
1223841
1035935
1030149
1032787
1030120
1034101
1211715
1038966
1031136
1025049
1041292
1032318
1033607
1030521
1043302
1034503
1036745
1042510
1030795
1031920
1213770
1227852
1216191
1222638
1222474
1216797
1221160
1222401
1201751
1200122
1035678
1035991
1162621
1027357
1029308
1030254
1034521
1030130
1028917
1026643
1216761
1220460
1226893
1220712
1219594
1219394
1212929
1216213
1225717
1216791
1035368
1035135
1035465
1034081
1039781
1200898
1036135
972013
1029382
964952
1221542
1234119
1222127
1221174
1223602
1225601
1217444
1220607
1225309
1030036
1039237
1034572
1038817
1046347
1042584
1039457
1042775
1034049
1035226
1043874
1045713
1030977
1027802
1037145
1027821
1028978
1212742
1208730
1208437
1216014
1034028
1130804
1034217
1104509
1034381
1033585
1033126
1035112
1183217
1116302
1231986
1213232
1201689
1114801
1036218
1039055
1036635
1027428
1154553
1032795
1214851
1205352
1184386
1170525
1159427
1143275
1129159
1040611
1029625
1029842
