21751599
21600232
21436526
21308524
21411332
21588968
21742427
21908754
22292198
21667886
22013552
21709526
21505328
21376762
21464068
21434442
24490660
21691576
21624309
21421880
21846596
23044119
21652817
21413772
21567957
21441948
22455881
21744564
21598557
21502154
23212622
22946450
23032090
22893852
23129471
22957270
21931616
21419397
22072983
21649019
22062825
21551516
21546897
21407279
21445065
21594717
22884357
22428596
21696592
22007735
23233197
22948329
23247108
23124496
22933736
22999525
24769999
21747569
21724444
21548309
22232058
21735910
21851735
21696272
21656175
21776965
23054711
21578313
21764827
21701090
23241391
23124654
23074606
22878692
22957030
23015120
25426108
21894656
22767395
21808652
23261742
23151190
23299857
23090539
22955666
23023128
25533133
21759767
21681603
22022566
27631306
27308620
26761785
23901018
23755191
23665329
22950572
21825775
21982614
21544585
23254373
22932759
23028786
23074077
22941386
22991319
22889607
21787433
21583098
23007381
27653980
27327637
27447301
27293432
27280239
27326045
21983215
21432917
21896960
21344220
22098039
21730594
22093761
21750870
21764788
21808543
23231156
23610645
21889257
21471407
23273176
22948510
23382172
23099798
22962131
23556483
22878639
21790470
21625555
21548456
23306342
22926697
23056006
22941275
22959137
23057856
25405822
21516150
21721045
21591246
27695827
24895156
23079665
22888868
22962087
23060512
23243216
21565085
21697118
21565818
21795873
21419568
21564721
21401474
21444982
21597148
22804496
23627103
21635784
21416276
23284122
23236754
23822765
21544388
21473735
21525382
24574704
21444813
21631981
22280272
23910444
23749175
23945258
23542654
23540813
23409258
24266557
21487357
21688420
21615985
21783225
21440964
21611804
21430108
21553986
21518164
23336049
21638490
21732472
21574709
21920226
21496772
21666687
21423418
21467487
21526320
23445290
22529346
21633721
21786413
23483478
22938518
23059507
23030922
22951712
23283332
24730589
23230620
21716813
21933094
23268166
23138636
23265179
22941728
23171251
23224709
23712499
21919442
21708891
22532181
22071926
21771361
21865006
21716109
22030555
21955924
23772170
22618585
21779249
21654229
23254238
22901263
23121087
23108023
23065567
23045058
24365757
22564362
21741844
23352886
23287725
22947367
23066495
22950391
22956468
23031830
24221258
21715147
21737531
21695448
21794674
21448227
21563115
21404080
21428373
21702027
23785171
22265922
21593146
21573981
23290241
21733321
21873762
21726657
21799428
21957387
23403409
23642740
21721289
21909831
21881917
21454434
21578350
21525172
21539509
21483407
23656652
22238475
21716848
21874774
24091387
23673674
23909299
23723600
23755520
23908154
24132786
21693136
21766951
21645152
23312245
22952759
23073890
22901701
22956181
23049690
25135994
21544305
21648112
21777017
23307097
22964079
23080108
22928237
22985510
23045654
23732216
21915910
23259562
21641821
23330178
22957778
23076257
22911754
22985506
23036524
25173665
21884690
21654306
21687800
21787437
21544533
21562954
21547967
21563366
21648925
22460947
22775303
21667059
21888587
23955778
23851017
23911061
23689109
23752272
23639743
23137093
22037195
21695065
21775260
21817519
21594319
21699223
21447617
21456931
21578425
23455186
22675177
21658360
21517134
27642052
27307587
27454071
27273743
27271492
27728652
21772316
21577290
21550578
21753724
21893472
21461257
22004189
21409832
21594820
21599979
23237650
22813679
21660203
21768308
28026301
27299796
27462656
27268975
25808725
23851791
22352974
22088647
21893833
22829482
23486866
22916881
23064856
23077751
22947795
23425529
24388716
21685200
21923111
21804510
27657349
27305396
27441221
27270750
26500593
23140651
22829780
21813813
21751854
21606475
23292695
21807954
21958265
21928982
21816750
21889473
23210652
22242373
21904041
21504860
23509844
23124570
23057441
22954524
22939089
21621609
23290470
22502790
21686649
21500449
21784714
21523453
21577122
21502261
21563630
21600034
22725649
23129465
21842535
21576865
22198834
21474342
21614410
21432817
21435714
21595240
22774847
23223960
21702542
21522636
23519508
22923572
23254439
23110442
23093918
22025961
24161248
21664965
21845470
21867655
23282008
23116845
23225706
22895159
23095034
23258316
23762967
21949823
21615322
22186159
22465942
21839298
21877503
21913875
21752036
21899120
23472952
22641294
21972147
21527094
23917183
23709854
23890641
23124769
23158615
23272329
24389344
22466260
21874383
21630428
21812541
21701878
21709545
21555105
21459022
21571641
23343964
22531846
21698240
21426428
23302263
22923815
23092037
22877240
23271664
23098033
24542015
21980942
21634089
21660591
23285011
22932727
23412252
23265715
22956654
23076550
24892400
22416253
21792733
21900841
25120516
22372412
21907867
21609454
21758601
21977855
23507057
22578698
21641272
22143520
23941192
23826541
23909314
23650210
23838773
23673361
22713703
21634932
21632514
21711556
22118994
21762870
21896044
21816474
21860018
21768414
23318665
23646944
21731474
21724157
22120872
21825732
21949889
21598983
21561321
21662104
23339021
22586773
21636838
21417441
24782414
23809699
23967228
23643706
23972385
23944579
23895989
21910528
21687969
21703421
23312838
22929695
23095726
22974596
22959723
23068053
24621508
21815735
21774068
21865610
22512146
21745913
22081786
21726100
21788122
21970197
23625665
23030996
21760945
21913889
25072670
23429409
23771415
23350310
23547479
23897926
24238120
21559491
21992990
21737908
22047605
21791999
22166939
21766835
21786472
21981869
23868659
22655563
21660992
21690246
23955137
23455427
23890088
23802471
23645213
23705429
24049226
21673331
22032100
21853877
22205164
21828655
21884913
21860615
21770346
21880325
23894441
23405454
21858045
21714851
24039251
23533141
23904061
23547935
23704674
23487198
23521289
21784690
21681025
21913292
23314362
22910590
23110845
22870980
21684115
21600173
24081937
22834192
21669285
21415543
27724559
27306057
27468390
27334146
27679913
27411384
21920807
21471137
22953041
22869727
22047049
22008854
21960983
21743874
21893426
21878078
23846144
22553161
21627067
21574158
27713110
27321366
27467672
27305778
27317792
27393479
21875825
21714587
22500281
21924882
22112870
21766031
22315595
21970099
21782017
21979964
23482280
22838811
21750583
21660187
27690405
27304366
24394096
22910081
22935231
23268421
23866614
21838692
21853423
21824441
22510751
21807814
21877867
21674294
21786072
21921278
23670890
23292743
21694610
21448837
27680963
27313212
23344051
22911272
23156187
23291828
23079014
22573783
21729385
21830710
23738075
23623471
23916012
23578626
23207556
23072906
23442138
21648377
22141017
21691929
21953155
21557328
21637480
21443947
21450619
21573094
22918804
22843279
21974669
21490380
23568739
22951960
23082007
23268146
23212235
23356459
25336411
21595007
21649383
21734360
23315900
23132441
23304362
22900582
22949092
23189386
23731868
21610373
21746356
22047459
23782706
23641127
23772055
23820805
23206903
23081407
24514802
21564315
21928107
21823961
23492859
23132157
23085904
22906129
22939449
23072609
25383597
21745183
21678203
22105025
22131635
21785017
21928255
21710985
21930607
21955502
23895763
22855413
21652792
22060759
23308290
23136632
23478622
22921541
23468015
23278513
24639717
22063445
21855819
21758216
23522976
23244361
23320931
22885270
22963745
23063017
24577189
21793178
21627504
21868965
21896823
21444683
21588210
21512438
21436418
21708173
23225679
22785811
21842079
21786424
22095458
21777132
21987923
21721143
21776447
22005821
24336930
23746954
21779779
21820373
21948842
21613152
21694997
21409481
21471066
21709494
23092838
22814564
21670217
21556238
22086484
21770930
21934364
21739398
21792951
22035266
23851614
21462017
21613891
21531031
21804654
21449646
21893061
21406366
21423395
21546546
22929995
22980971
22085071
21467933
21817929
21560012
21636009
21464913
21573496
21584104
22903363
23405930
21818700
21404266
23515902
22944014
23287204
22895793
22955170
23070916
25242597
22221967
21750461
21439989
23310898
22941779
23092116
22938953
22953533
23086223
25140510
22164237
21695382
21553122
23575649
23434040
23321265
22957744
22946883
23562153
24962790
21947588
21771686
21738279
27705818
27279717
27443336
27271484
23730125
23442614
22524290
21710068
21771005
21870037
22085140
21929274
21971690
21742690
21822508
21952819
24268368
22544097
22040655
21661048
26854572
21731229
21964797
21697178
21843082
21847634
23259899
21992714
21755525
21758170
23521913
23144957
23055498
23304002
22939365
23071129
25233232
21889109
22168157
22088712
23908103
23555458
23921775
23562924
23691504
23758306
24254912
21745405
21625202
21838672
23297824
24473917
23218164
23124462
22944019
23385997
23895931
21917119
22135623
21781368
27662820
27279767
27846430
27297902
27326409
27378869
22686427
21508954
22113836
21444504
22118444
21646119
21898751
21839762
21765173
21893030
23579896
22883112
21697028
21519020
27717047
27280833
27483312
23575991
23741943
23729215
23244894
21731960
21744117
21792709
23509559
22916757
23089544
22908200
22973059
23303614
25073541
21771731
21774409
21660551
