277.375970
276.788614
280.627384
273.478246
275.206802
328.948318
273.108226
230.385645
261.007249
280.328307
272.247366
280.023418
278.306506
280.145243
257.864551
276.662199
281.719924
233.394950
268.459928
270.266311
270.344440
272.534571
268.798194
277.026389
286.813625
295.130684
291.903523
292.888394
258.064283
294.052659
292.584877
279.683091
275.053572
271.959549
278.798827
264.011061
270.238977
269.012016
269.829447
292.309466
286.330241
162.089011
137.148330
147.101384
269.889527
269.140830
272.240721
270.191951
274.260337
260.349880
264.458954
277.814460
259.681170
266.337283
257.882656
264.896825
263.396745
287.044273
268.394616
269.292969
154.553781
197.936159
267.598859
264.222385
278.167689
277.868622
281.434086
278.197224
270.863031
277.796368
255.423432
278.816730
279.489623
263.719848
260.473711
200.202515
158.055319
262.763699
281.856494
278.631100
277.526351
268.120205
276.224324
265.734873
255.664554
279.402910
280.447616
262.642050
280.036125
280.161188
279.369588
282.028063
267.367872
276.932113
281.905381
276.164589
109.343124
242.641328
284.658951
283.864830
