2.1062386789671006e6
2.0241276010039672e6
2.0836371970912425e6
2.0560901389916935e6
2.1472129176329123e6
2.1441283046377497e6
2.0851143685231134e6
2.1544759237315524e6
2.094240837696335e6
2.0940215684221548e6
2.208480565371025e6
2.0361622414073953e6
2.1067711625163276e6
2.2045855379188713e6
1.969395592492664e6
2.168538838530598e6
2.01718642836971e6
2.21837703536093e6
1.99001014905176e6
2.1147908471852136e6
2.0630892698727073e6
2.1310147892426373e6
1.9812573058863154e6
2.178269582643548e6
1.9873998847308066e6
2.1744802992084892e6
2.1741020958344205e6
2.131105617594408e6
2.044362669937647e6
2.102297811507978e6
2.1329693065716783e6
2.1175224986765482e6
2.0582907953235633e6
2.242403856934634e6
1.8035566136421023e6
2.112200067590402e6
2.0815120103242996e6
2.134471718249733e6
2.0703933747412008e6
2.1596406357982033e6
1.9896142138039435e6
2.147166813389732e6
2.0085967942795164e6
2.148043132706105e6
2.1317870771067385e6
2.0674398891852219e6
2.0928821079508592e6
2.1589878664881904e6
1.9998400127989762e6
2.2837828579258686e6
2.0582484305855716e6
2.099958000839983e6
2.177131411652007e6
2.1135840043962547e6
2.1214756984958737e6
2.0549071181982574e6
2.137254482891278e6
2.2326910625376767e6
2.0420665713702266e6
2.1696680407897593e6
2.0965239632689e6
2.0496003279360526e6
2.189141856392294e6
2.0316118808662794e6
2.0493483072382982e6
2.197705595358446e6
2.0024830790179824e6
2.182310193570914e6
2.0205693964559212e6
2.1639869295189455e6
2.0567244606240103e6
2.060241460299147e6
2.139128946692907e6
2.1899568578499e6
2.021999352960207e6
2.184073734329271e6
2.0489284104413392e6
2.2028857803722876e6
2.0884674825612966e6
2.1083702298123552e6
2.0695364238410597e6
2.169479758753851e6
2.0930135208673447e6
2.1394493057487e6
1.9838120933185208e6
2.196547028071871e6
2.0233494526839731e6
2.1054847878724076e6
2.1529915818029153e6
2.1831677764436197e6
2.0934516831351533e6
2.128248238874582e6
1.9790615290229374e6
2.202303609575616e6
2.104598547827002e6
2.2528611336397226e6
2.073484282989135e6
2.080905610121525e6
2.0689797860674902e6
2.1679746780557605e6
