53316
41905
37561
59383
39319
40375
35970
36257
59137
53210
36175
57267
36468
38658
36831
34301
36114
56734
34102
36509
55910
36402
54999
33509
36207
37318
59231
36241
37198
36447
52861
66336
53771
33521
30397
36511
56617
33113
33767
35860
47989
32799
52478
31048
30757
59930
29687
30645
30457
30801
30401
64724
52857
31016
52671
30662
32039
30001
30567
53756
30025
42832
52266
30288
29561
54188
30241
30728
30365
30303
30097
29628
30765
51404
32632
30154
52471
30210
30778
29766
30511
31039
55214
30497
30567
30603
30541
49125
53205
30342
32643
55598
30486
30639
52992
33674
62856
52625
30176
30487
29993
30459
31430
52930
30167
30433
29468
30620
65436
53322
