66445
34611
61376
56197
49652
48867
48990
49554
55963
49286
46512
55904
50409
32478
32501
45720
36967
50237
52952
49917
45686
46931
50410
49565
50151
50149
57375
49137
34754
48866
49283
65545
56894
48399
29702
47452
55005
44213
32826
30246
32860
32564
52386
30469
42386
53096
29381
32845
31031
29762
40874
65228
30538
29353
30708
30898
52527
30808
30377
51900
29854
41271
27294
29784
29366
53386
30950
30545
52456
30165
30644
26983
30647
27575
30293
29286
51755
28855
27011
26735
26549
30100
51772
28739
29879
30066
29643
47832
49186
29868
29957
53106
30647
30024
30246
29891
63038
53134
29698
30883
29474
30509
27051
52725
30269
30130
30023
30969
61931
52883
