42144
59383
103915
66119
56465
65096
33756
32443
32097
32061
33769
33161
35364
32619
32643
37612
42938
39818
36597
33606
49801
54620
54057
32266
31076
34239
57674
32406
32985
54975
34201
67637
53654
39167
33157
32733
31645
34481
36188
31981
32640
47459
39146
58215
50563
33387
31025
32190
33433
46419
39941
34768
35641
32998
33874
34143
33529
32390
37779
35612
32502
35881
32649
37196
32117
32694
45321
32351
33949
35720
33323
31389
30858
57859
39776
32503
33140
33710
34585
32749
32902
32429
32847
33640
36744
34598
33186
45401
31842
35094
34608
40930
33148
31978
54530
55510
32495
35267
43801
33091
37792
33384
31619
32000
45225
33311
33121
34712
32363
52310
