255719
166987
168703
167098
162609
164287
164172
162937
160677
164782
162538
162851
167679
168424
170470
165570
163161
164864
166821
165798
153293
167746
164838
151032
164653
170690
151952
152711
171675
163040
151164
145901
175328
155440
149765
151732
164700
153178
142611
154939
148978
151210
147273
149366
149380
151743
146095
146809
135754
147335
146188
160529
134779
150864
134199
136337
149333
129168
145551
133456
143718
147085
144314
146392
129654
134042
132233
129920
143335
131885
132483
133649
146640
145896
131870
146073
134809
131619
132429
131586
123839
130888
128596
129998
148872
131654
139221
132952
131629
148881
129071
143796
133186
134073
130859
131832
147726
130529
131306
132355
147162
130990
132029
130463
130884
130514
130976
145288
141105
133492
