45619
45612
99498
67027
57573
68026
34415
53620
31910
32964
32937
34220
32386
34707
35081
37522
40015
49472
37557
34091
47982
33273
46665
32593
32712
31174
30534
35189
33876
32537
33353
63663
53679
36296
34870
31931
35603
34187
32126
125754
34432
40413
33404
57193
53871
33532
33356
30551
32620
152300
120441
124242
33754
121347
35408
31501
33932
30916
55408
33945
34682
33360
42892
33519
34316
32061
38557
34207
33271
33300
30988
32347
30037
34358
30973
32383
32657
33724
32521
32860
32524
31995
29936
32580
32564
33181
32716
86890
33123
34295
32976
37535
32382
29799
34425
42943
29629
46667
39419
46902
56705
32418
31759
48803
38290
46888
35743
32722
32309
29601
