61418
46461
41813
54839
39339
36054
32345
30967
32672
39062
31617
56324
37613
35623
36007
33316
51595
37362
32878
37094
32730
50925
32784
52623
35622
35438
55455
33111
35019
55170
31806
67381
53445
33331
33238
33052
55885
33124
101584
33264
29752
29338
51932
30847
30103
52052
35505
35215
103494
30287
27922
63053
50880
31274
45728
30502
52427
27547
30248
49348
30113
53383
54592
29954
30729
52167
30467
30099
52242
29524
37672
31089
32668
52618
30057
29843
52489
41693
29712
30228
29915
30222
48815
30704
30101
33301
30427
51343
49896
30789
31194
52322
30300
30331
30877
30772
62458
52814
30556
30579
30286
30205
30633
49485
30865
30715
30253
33074
65891
53819
