38127
58381
104247
69292
40274
67763
33965
40187
35017
39930
32704
39217
32177
42328
33596
38402
40866
44771
33222
30832
39557
54678
37857
32723
32855
40341
59100
37324
55624
33573
40656
93321
59313
39316
32961
33693
37798
47039
34689
36154
31295
35005
33956
37760
41229
32010
35404
36793
33931
41246
33520
36962
57292
37270
35996
33955
47785
32543
33754
33445
39780
136076
39001
33504
33131
31820
32521
32349
55724
32540
33393
37110
32912
44473
32037
30956
55340
45421
39726
34261
33305
33663
33160
33078
45502
40093
31667
44223
34699
37188
68100
55125
32757
32590
53149
38791
38951
79522
33413
38495
57124
32998
65290
45956
36114
44447
46118
31979
33613
46362
