132875
122799
198994
126895
122302
122470
122174
120003
120740
122986
123077
117843
116276
123640
124260
112311
117600
114028
106125
105514
107797
103970
158490
110013
166460
111405
105937
104453
106075
105092
125088
120716
122126
113063
114819
121084
119145
100891
101713
187118
171999
116685
169106
104827
109269
104276
104586
192779
170099
198335
194288
198809
198608
186201
173200
104484
102228
106238
107320
113056
118490
199958
167272
104944
163259
162826
112958
106505
102959
106510
105621
105087
101772
104348
104882
104693
155279
102475
105366
167045
107606
153066
190295
201530
162483
103550
165148
107088
112001
106031
106510
105061
103417
105141
116905
106780
168052
106954
108665
163967
107819
113744
201602
116687
105526
100483
101842
106992
104292
105877
