107941
92914
149646
79591
83134
81888
149107
96305
80871
83041
86770
81609
81334
144623
96143
91960
100007
86889
82371
81046
81394
80702
130516
95456
129695
79902
84070
79550
86466
85165
80723
81360
83246
94400
80679
83722
85343
97667
129064
179321
130657
98639
144179
78548
97643
82719
91829
178968
133120
163394
165121
169163
166739
162147
144064
95822
77715
79582
82146
81903
132959
167049
145474
95043
129896
143481
131948
96016
80367
79827
80150
80244
81698
87905
76116
81146
132686
99032
79162
132908
100555
129105
177662
166660
130914
82680
129336
104299
71861
84417
81919
86352
82070
82670
99758
78802
131092
101632
82273
136946
121070
143898
165336
131394
96442
81734
87930
81407
84606
101764
