60345
59243
64741
59587
36966
34723
36008
39457
59624
52789
38364
60240
35466
36473
49514
38465
35662
59133
31426
32130
55796
31040
35420
50570
32918
35752
55250
33049
36160
35497
31640
66730
55300
30134
30538
33180
52671
33028
48767
29625
42378
29646
51570
43391
29434
53134
30085
27010
47207
30116
30743
62508
49032
30426
52576
31044
32730
28878
30468
48878
30369
52394
53146
33306
30452
52257
27006
26845
30592
30204
30942
26932
26517
53015
30451
29160
48956
49584
29812
30501
26913
26916
51820
30552
26504
30052
30039
51126
53282
30329
30459
55380
27197
30486
30233
27122
61850
52259
31145
30225
29586
29527
30667
52266
30356
33244
27127
30261
65539
53284
