700281
467316
452277
451103
437123
434411
438598
432097
446956
432166
436274
436091
432855
431069
439722
436780
443089
433980
435621
445203
430335
438083
432479
433239
430774
437177
443631
429856
436854
430304
412476
418489
400133
380250
403936
385159
417593
365155
425729
405936
382583
354467
365027
349375
347125
345856
380921
337923
415133
343337
383793
357632
335460
343331
324135
397255
341932
341416
307509
330781
327200
308337
335660
330803
305145
333032
343533
399007
361663
345970
323499
317887
332496
332562
317689
341383
330174
308879
343003
309521
403711
313264
337719
305957
311066
333669
311239
303900
348020
319168
317878
330773
321887
305519
351368
337647
450197
337306
327973
343194
317900
308553
320203
348828
330423
317310
399856
357214
420216
333889
