931045
999392
1521938
1021229
964982
987429
1179657
946400
918811
946433
874577
932651
914711
1149848
6427397
753870
771812
737664
714338
694151
746816
717768
813486
766296
702943
719490
714461
722275
829556
931549
902932
975009
942026
920989
924388
886281
2931396
733990
1010922
923805
828989
748732
748892
716396
730460
734929
896647
1335151
878958
1356491
1273543
1191340
1268665
1251691
865542
730403
714283
712582
2028537
730559
1199063
895220
938301
765664
1329953
924017
914005
713032
755282
721143
698804
699315
734317
717191
699378
750391
829142
719680
697816
898030
1334656
1253688
1212370
1357242
834225
860903
880496
714572
735576
732984
716269
712416
728079
730558
730311
715893
912506
734546
735652
849797
734868
1339523
1520915
982771
718042
736361
718259
732370
767389
737500
