177405
130088
129055
133312
129756
129238
115833
117598
124402
122213
129668
136407
128964
115289
124424
126794
128072
130853
129540
127586
126172
123311
131715
111584
129863
126380
125273
116683
128360
127829
120239
118615
113939
113613
110640
114715
113755
114305
123517
113717
134643
112495
113632
111372
110214
112270
111814
112873
160066
112780
110146
109311
109119
113525
107080
100255
112275
111262
112156
109272
112286
110463
111352
111275
116089
105322
110259
157888
114413
111027
107638
111708
111394
115700
111514
111618
108347
109834
108692
109568
165575
104967
114262
108424
114616
111418
116377
109140
105062
110887
110919
111016
110818
105323
111096
114466
109330
111027
113000
111670
112755
111847
108707
109065
110581
110371
122415
112443
110272
110949
