40771
60992
103603
68063
59143
70248
39062
33281
37793
35202
32963
35169
37154
32595
35232
40198
37061
40565
34492
35689
35158
57309
35986
35794
33140
33022
56067
40962
32933
34924
32176
67138
32950
47657
32292
34863
33339
35225
34136
35289
35463
36733
32199
56741
33195
33837
33538
34943
37389
35342
147472
36767
35270
35808
33063
35668
34210
35563
66318
33838
37804
35469
35036
61964
34998
35381
34481
36893
35930
36328
30567
30339
31949
57296
45984
31092
32824
34748
34890
35107
34423
32670
34692
32153
35439
35064
33330
35590
34096
35189
32432
50340
33150
35854
56762
32416
38264
34171
33493
37846
58617
34481
33617
31781
34950
35103
36818
33168
36325
56305
