206405
226301
242299
180972
164378
167487
186461
164061
147647
151911
153271
151114
154528
219162
160972
147153
143973
163719
155064
141621
158464
141859
175622
143705
168121
157321
156022
138795
140346
172644
150409
155531
151523
160616
151675
154251
164488
158041
189897
234864
176720
145933
129648
141254
138139
137914
141673
236501
167093
249333
224427
239098
279136
236763
204162
136265
154748
157066
140917
131319
167324
239798
198280
155298
133882
166061
169219
155905
146946
141675
139644
136498
153372
138224
141752
138304
141943
153858
139682
167093
152304
242607
238081
247094
132288
139641
207301
137716
134399
139036
138234
139810
136097
142079
159250
137648
183273
159518
152518
163054
137087
197190
179572
209257
159610
153776
139839
139219
143964
138550
