665377
52153
47959
37643
45580
44182
41839
44788
37539
42138
41613
38331
44805
41684
36722
42155
44991
41759
41934
41903
44868
44921
45517
41522
62048
43689
41622
42058
37982
41671
44704
67762
34274
55274
34092
57175
36013
38546
32010
31788
33780
32098
31313
31589
31652
31271
31763
31923
29236
30893
29346
80381
37401
31987
30186
29441
29166
29527
29702
31246
31464
37990
31933
28371
29251
29772
30111
29157
31690
31482
30431
32004
28876
38956
29444
29230
28843
29191
29030
29453
28863
28920
29686
29481
28965
29371
28801
29630
32039
29453
31105
29758
29617
29568
31248
28969
77244
31592
28810
32327
31414
47868
29589
29472
29526
29266
29841
29697
76064
29646
