63680
41319
43129
61417
35551
38201
33503
33991
56910
35998
32206
56456
33487
36647
32601
37071
43406
42239
40107
34860
33568
41039
36106
42589
32737
37493
57033
37595
37841
39480
36758
68758
57418
34244
30516
31631
59522
30986
30402
32757
34453
33700
52727
29054
32128
52666
30405
27404
30437
30796
30455
66833
52237
31234
50028
31426
31409
30711
31744
50101
31021
52898
31405
30148
30534
49514
30487
31819
30435
30711
30168
29087
32118
53079
31378
30824
55702
33036
30849
31091
30772
27551
53206
30994
30638
30765
27229
42851
53844
34418
31183
53337
27487
27664
31019
34040
65324
54524
26613
30962
30832
30853
30947
49828
30587
30972
30689
30122
65829
53705
