109300
103200
171397
92256
105670
93734
149460
108216
104886
94622
104629
96430
94516
110193
107952
95776
101242
111026
91675
92126
89537
89445
108703
98646
132923
102519
90630
90762
93256
102094
105548
92345
107373
117215
100552
90756
95710
95957
158035
178344
145971
88859
110542
103870
88765
90015
94719
185147
155012
180052
179925
176821
178837
180666
152311
91621
89794
92820
92343
99823
144436
176762
147342
88983
149744
145059
146962
88175
91087
87482
93591
94576
92915
91207
87545
93602
143790
107357
91932
109964
105226
146157
189471
178220
135145
88769
133439
86637
93884
87303
93293
90582
91858
93021
93046
92898
130549
98471
92095
142874
90089
146230
176455
145684
91263
101208
90679
91772
88169
91623
