1189762
819547
793608
797022
794674
774279
773960
784612
781078
757112
753938
774332
820868
773559
782030
776327
788606
763969
764782
770954
760753
777793
766258
766812
767374
763123
761406
764357
768876
767511
754166
679510
648507
678904
705495
649158
668292
638256
685434
639663
619696
582224
563648
551886
576073
560053
591119
592803
653794
544230
549067
577976
571781
606237
562646
607576
587074
549746
524614
579507
518459
523978
576151
533685
507756
536925
571377
606956
555039
555043
503142
567822
530667
527450
542889
541236
530783
498215
603361
554063
596340
537620
572519
569768
535466
532473
539199
507229
563342
522125
506490
580187
576563
517087
555576
525278
692882
526735
539317
606118
505583
512123
510604
525051
574941
549997
651449
542965
596512
527401
