676696
40506
109074
76199
72669
78069
37584
37795
37971
37519
35772
35256
36702
37921
35327
44897
48323
38337
41701
35621
35563
36157
35898
36110
36467
34151
34864
34953
35089
32590
35681
78026
33430
36159
35839
34464
34901
35579
37499
35079
38343
37053
34698
38917
39873
36227
33390
37300
33906
40233
35108
38368
41368
35243
36953
35026
38707
35102
40632
34242
36493
33674
37036
46936
34303
116094
35556
42713
33836
38965
32906
41345
34388
34304
35052
34897
35442
35389
34811
35508
34636
39901
35299
35494
37423
36078
33083
36593
35916
33932
39928
38771
32503
32133
37567
32385
37196
34550
36951
36252
38790
35628
76543
34578
35085
36033
38393
45659
35762
35830
