57658
38904
103238
67660
34087
68615
35944
55330
35803
34300
32699
32571
31830
32493
31843
36761
45043
39825
44030
32283
29896
53708
32347
32958
34277
34506
54075
33409
37602
32390
32873
71190
54108
33000
34486
32978
34947
39368
33129
31612
35043
36564
36754
55577
44603
34502
29611
32923
32693
34811
34121
121043
42684
29436
34805
43862
39284
33471
46970
30075
32144
39560
36510
47243
31487
54496
30998
32860
39779
34470
30974
44250
30310
38568
33078
33579
34364
38416
32939
31523
32640
55415
32933
31881
38706
35383
35338
32567
32056
35694
42505
53114
30533
34533
32934
31666
32005
32572
32645
34349
39071
35028
34614
32525
32243
35328
72488
32425
31760
33087
