1674616
1465279
1389109
1464228
1381444
1404505
1466690
1341839
1328083
1392626
1395331
1399690
1397193
1401380
1387265
1405631
1393988
1408800
1350505
1378181
1347731
1356958
1330087
1413401
1453605
1322591
1384972
1433953
1385971
1341393
1265021
1221020
1255245
1289592
1196688
1188173
1184037
1272963
1332196
1180841
1047036
1145998
1097908
1000761
1028590
997871
1008839
994659
1138060
970929
1031834
965142
976532
1008340
973023
1115261
946905
1001266
949963
991838
921025
1042585
1050395
930896
910344
1017457
1033300
1115588
1054344
972719
923521
985048
1018366
990460
943047
944820
1005819
925463
961181
1030171
1153017
983353
971029
1038309
1027359
1031551
958207
990720
947620
934190
967323
947823
952699
1018953
985312
952110
986772
952257
957374
1071168
1025032
986948
941481
932456
1011091
954434
1146292
964258
909812
917410
