1612545
2461824
2206571
2262228
2281339
1940412
1839939
1853678
1767867
1769661
1760259
1773705
1840644
1869115
1948661
1406859
1367946
1401667
1274782
1295881
1330919
1382143
1732564
1750739
1326418
1334070
1329251
1323452
1550998
1849675
1998618
1812718
1759849
1837951
1741378
1789957
1556926
1607770
2609287
1722423
1690620
1758968
1398405
1245090
1337721
1385402
1725102
2365764
2207448
2410126
2542209
2663356
2533639
2369265
1400744
1350753
1359941
1313323
1337298
1691743
2360438
1747951
1664599
1734679
2535464
1712273
1439345
1385242
1323866
1330283
1395527
1367440
1337097
1369320
1325141
1562895
1349476
1248805
1269659
1657932
1664363
2492027
2430920
2252170
1317695
1758356
1513139
1384796
1335524
1335195
1351973
1286554
1335056
1306106
1370481
1348189
1432849
1333706
1331628
1768656
1706583
2731754
1730076
1479700
1315208
1381555
1401013
1301275
1254911
1394195
