96869
50305
47288
69291
45119
50472
44815
46819
71151
48948
45141
69632
47283
44845
51864
49890
44492
71738
47619
50502
71663
51980
49624
44469
52458
46019
69720
46889
44465
46727
45635
81129
63838
43187
43068
45220
65505
46426
42736
40492
47954
40342
44540
40392
41137
68208
50515
49749
40047
39701
39129
72066
62778
40095
67488
39960
36858
40270
43103
61307
37716
40440
64993
44318
41174
65718
39239
40274
37086
41782
40189
39371
40420
40817
37916
42016
62328
41601
39561
37266
49548
39450
63013
40169
41074
39857
39491
42190
64882
47117
38767
59565
39177
39653
45703
38691
72581
62885
39099
37216
39203
37590
39419
42888
45785
40485
37467
41772
74068
62556
