42701
44939
113833
76485
41790
75396
42176
41061
44254
39748
41028
41263
43300
39787
40230
50888
49654
49398
50753
49171
41843
75447
42472
41895
41628
44320
40526
40925
41143
65234
40667
73025
66881
39324
43690
43281
41732
46751
42219
40890
42936
41859
42800
67915
40117
39724
45596
40529
43958
39866
42361
42901
44414
135019
42109
42995
42241
41484
63297
42647
43077
40323
41471
41580
40251
39981
42759
40283
43407
46038
40607
43301
39916
63158
41047
39159
61873
40195
41443
41101
39623
41296
40430
40773
43340
42532
41621
39333
41814
39953
42242
65323
43253
40758
66353
40211
40343
39890
42472
43711
41738
48486
43092
40285
40036
41479
42687
42226
40621
65580
