126679
90066
85971
79489
79927
80326
158788
105368
74411
82139
73548
84569
75304
113036
74201
90773
82025
75677
118850
81723
88460
85829
87092
111099
79806
84748
89973
129168
112015
82944
75941
77810
81180
72569
106021
73466
93971
79271
128576
106204
68481
83646
75629
95840
72137
76089
73677
72581
127457
108661
80221
77373
72490
69661
72406
129701
100556
70852
85921
67929
102917
72590
80446
77874
77295
75335
86630
124988
109549
74681
70325
78536
111544
72278
66829
74581
74949
68934
67222
72532
130837
111232
70618
67262
70792
110776
72595
75572
79590
75678
67936
82728
80533
112491
78259
78131
68103
81414
78193
69808
77799
105485
64868
65456
83690
77141
137760
105012
75188
67221
