134255
88380
87542
90182
84413
91590
152371
112596
98086
91504
78376
92638
93035
124176
81360
93083
92027
77993
112994
88870
102005
89234
89366
104762
89907
96239
89417
126435
118945
77914
92833
81688
79609
81964
114488
101121
84546
74854
151992
107724
99079
75796
76571
116829
76312
76180
78910
80674
133017
110599
81182
81023
73991
75267
76203
124199
114934
68397
73244
75427
109676
78996
79054
79012
80173
77940
85580
130444
113018
75915
76108
75740
90187
75837
86851
109634
72891
76107
77129
77962
127367
110261
78093
78426
78351
110299
78296
76599
76077
78318
76019
75657
83635
111403
75361
76496
81233
75197
79162
75292
75765
114126
80807
81618
78188
75634
127881
107459
73959
76002
