434649
562544
766689
558075
476431
430524
593879
475172
504287
503279
510516
493340
499667
598459
506985
447919
433931
415931
430477
379245
431381
408868
526142
381391
425549
411584
433899
416893
405445
454140
496608
620382
517991
496009
511939
507505
502895
427803
594244
598213
476738
424739
462022
419565
398261
382486
498526
782556
546801
724851
724923
802929
771623
736904
510017
443482
415077
381101
387104
381150
509272
568462
515134
445200
678297
550703
477618
429624
415296
410230
386707
382728
402700
386300
383941
412908
530067
377104
391342
526605
412981
743324
758963
729186
455016
529711
544426
380431
377070
399031
403636
398428
417600
401322
413841
382091
510535
398869
380648
512137
382478
558476
562205
527723
412438
412862
426958
399429
410851
399934
