146269
117585
106753
105968
107127
105094
146647
110755
116265
109970
105404
103564
103295
100975
107102
102481
114116
103220
99828
105900
106122
107086
114715
104636
105141
116562
117099
149442
108885
102099
110858
108599
108520
106028
107668
104599
110738
113587
149921
102690
107844
106877
93921
94349
106630
95553
76412
76718
153965
93241
92401
96341
95723
93419
94543
149148
93767
95942
96206
96265
93330
77190
92217
105413
89724
79761
74644
148598
91421
94079
91903
92583
99247
107802
91334
94448
81511
96662
93626
95114
138171
100788
91971
92301
91712
93399
93419
78737
96242
96791
95377
95278
108772
98832
91763
91868
74324
98021
89679
98796
96217
89045
76680
95818
95641
96349
150415
94017
76799
92380
