2759912
2703137
2654522
2604271
2649089
2542065
2638490
2539403
2558024
2571302
2602792
2543318
2591590
2562902
2634577
2663238
2503184
2566476
2547324
2582633
2546811
2572589
2581823
2532370
2605750
2551120
2621851
2518151
2534369
2518634
2285252
2320191
2257686
2236834
2298720
2156389
2394308
2248625
2202599
2143119
2023757
1981942
1964866
1980588
1895098
1963060
1900101
1942072
1867039
1952845
1995972
1969064
1828467
1853048
1856571
1852934
1789054
1824914
1810866
1857138
1875137
1829831
1829611
1786571
1955526
1838369
1842021
1873376
1770768
1817968
1903202
1743856
1841755
1928201
1798830
1831448
1829255
1837782
1825811
1888271
1828752
1825283
1815407
1813976
1836374
1821851
1856130
1904338
1769996
1741499
1778719
1842504
1824957
1839501
1855488
1963190
1852030
1753491
1832044
1784374
1894632
1801837
1838885
1772100
1871849
1866426
1809314
2060347
1897634
1802404
