109911
74854
144130
77856
72922
79808
134405
102886
98573
82333
74228
83099
83449
131586
94225
80247
97339
87381
75441
78244
80823
84626
123152
90619
124567
82051
73156
74028
75238
72007
71695
81892
70229
91206
84286
68289
74554
99524
129019
166428
123975
104027
130814
85431
87869
77939
101881
162345
130929
167680
174313
166425
175966
159731
129149
98527
86742
85729
68826
92167
128931
169901
129520
99044
137121
169334
127926
102294
85527
69267
71214
77576
68734
69651
73709
69067
139600
93495
70622
136894
97071
137145
162726
168182
124361
98144
130953
94338
76587
82947
69926
85153
82703
71515
78996
81787
126087
104073
77952
94358
87754
135510
160347
129681
102231
99217
71163
76110
75397
74417
