297759
385847
521787
360776
267502
276545
375271
294420
245228
275609
277691
277994
262009
353275
309998
254532
270685
267786
262702
230324
241226
263040
328468
261004
326971
246986
261542
226608
265094
260053
292616
373937
277715
332642
348169
302256
308770
246023
379025
413396
347049
263318
346472
252321
261897
256539
243389
423686
361939
521185
502981
418569
433855
516043
355961
293878
244213
245865
259025
263762
364702
411145
327319
263151
312379
336718
344649
263143
268854
248031
241630
242920
242371
259152
244049
265802
363042
263151
266451
361301
263593
514475
405337
419370
351361
344768
385446
261793
241496
243230
239829
261680
262364
239994
263662
230663
345408
275594
248752
359462
291348
384425
395808
356405
262254
244981
264831
246596
242962
261176
