393264
260211
238228
237953
239297
241946
241619
270401
236912
247012
248202
237633
243810
242874
236181
256877
239720
243648
246412
238714
232003
240258
233185
242638
237612
239621
239662
237079
236584
240979
221822
213868
214943
226024
226707
240124
226694
220769
226000
222203
225619
221309
228728
202170
215823
208067
216371
202388
192201
219574
201354
200375
199969
205428
190811
194146
191062
206042
215798
179038
190509
197412
197393
215375
193888
181892
199062
190653
191883
203706
199610
198634
199744
187312
201883
210055
171839
194305
195051
200410
226283
197535
188718
195490
219554
201899
217372
206314
189791
210825
200259
193955
210401
212208
204737
195280
188691
184859
193233
196388
216185
213438
197098
189101
219548
194148
191335
196067
214816
212132
