35810
37365
103910
68079
58746
66829
37509
35580
35063
32751
32614
35153
32975
32673
36158
42142
37699
41371
57056
34104
34873
54896
34058
33307
33228
33193
57892
46562
33271
56662
33582
65910
56676
35180
33743
34770
34182
41404
33220
32822
57211
37546
33410
37600
33092
36598
34840
32780
35159
34750
37143
124920
35066
41628
35079
35856
34055
39134
33873
34052
33783
34916
35690
48691
33010
35701
36603
32422
58860
33152
30371
33332
34056
32883
34410
33901
36965
33614
36524
32609
32832
33470
34166
33193
35055
36370
33755
32377
32253
42645
32025
32718
33102
33810
39893
32531
34212
34630
35836
40869
57938
32610
32503
33361
35926
33920
59500
32699
32668
62374
