58583
52282
49775
56833
36802
36487
36480
35954
55905
49684
56992
55912
36670
36054
37339
49204
35683
60801
33581
31532
73000
34562
38287
36853
36852
36620
55067
36446
37018
37312
47836
64918
53337
30378
33853
33607
53363
41087
33505
31309
33113
30623
57050
29188
32507
52153
30793
30272
30940
30379
30231
65502
52804
26636
59011
32210
27711
31141
30583
53180
31023
56750
52112
29942
30239
49322
30188
30858
29787
30146
30398
29677
32954
52964
29680
33000
52201
30353
30339
29876
28432
30159
52651
33618
29719
30474
29964
48869
54022
30192
29692
34015
30387
30521
52831
30367
65911
53067
31657
29756
30803
31100
30161
52819
29669
29880
30213
32112
66369
52900
