92352
81401
145547
80255
83642
80093
126829
97966
100426
79469
79063
80062
82772
130270
99703
85969
92845
98917
82559
81082
75926
82762
135312
100470
130178
80499
79395
81954
94104
81809
103851
81063
81053
99796
69690
79265
82115
93985
128685
165132
131779
97939
132533
78416
106516
77255
96889
161101
127184
163092
163402
160937
161797
166432
128667
99000
85109
84745
83199
94599
132409
165608
128108
96098
131498
166054
127349
100835
77782
83608
81969
82582
83890
94951
91721
81569
130581
96119
84462
126152
97547
130809
159587
162673
131799
98497
127704
96236
81725
83520
82263
79995
82441
83288
80067
101339
130259
92206
80518
116243
92955
135732
163373
128804
98542
83486
78562
83451
81255
80403
