14191281
8072080
30375999
55233508
10433758
9767416
9858226
11232558
20437486
15611643
8325359
10492129
16300460
74309065
10243660
7442900
8794673
13582103
11899299
20258785
9527108
10891322
15288956
10297197
21546127
14714762
11141933
12854283
12565613
12558377
20257313
10034119
8142682
11893770
12002681
16179101
14826065
9811252
8844780
12423100
7732473
14537699
16656493
7653455
9079846
8850951
7286389
16899484
8248345
9394436
8530476
7192767
6263428
8212242
8134077
8967320
9137184
17407093
10814014
8429444
8242401
8768245
15607970
14925784
8556961
7346774
7045292
10095315
13120507
8924796
9165039
7151315
8590358
8571337
8552032
8235220
16445976
10151589
9412590
7455471
7920731
18714533
8927951
8788184
10113787
10316713
21762998
26118552
16843074
14186694
14140605
13594812
