1590014239113815044
1590014239195181157
1590014239276966080
1590014239348877671
1590014239425827357
1590014239496613320
1590014239566847912
1590014239635820993
1590014239699434073
1590014239762251758
1590014239825753708
1590014239888159476
1590014239950346820
919147630
905619910
886076631
873855595
865420864
852071549
845713578
839698517
836019632
837708347
839449118
840103105
841189905
841510674
841624607
843124606
851989865
853025982
854225110
855331451
855711256
856601006
855929017
855271380
857417034
856422539
866488347
855821554
854467393
850446157
840904441
839046604
852435673
858474856
864978439
870633155
877301831
876565549
874010521
875609624
881193280
890118380
900430726
911117209
920107732
928968867
915578147
907668413
899007109
896981028
889684614
889333119
888881566
888014814
881548782
874831191
867506038
866203019
860144100
863751224
869359484
877309330
885901615
881474463
897777481
897737176
905844937
920166445
930704167
937986165
941135047
937470796
937471756
929960748
923783808
924243298
918450735
914196699
913412267
905426524
896791199
887828391
877577442
875949496
872977439
872569333
873217705
