1590014255672444978
1590014255761346108
1590014255847035588
1590014255923283714
1590014255997586263
1590014256077227227
1590014256156270337
1590014256230654818
1590014256304824287
1590014256379573421
1590014256456016760
1590014256531977423
1590014256607503979
1590014256683063632
1590014256758413609
1590014256835476115
1590014256913466623
1590014256989536020
1590014257065346919
1590014257142513576
1590014257215101402
1590014257288905988
1590014257362616900
1590014257436902569
1590014257510517578
1590014257594243156
1590014257670594027
1590014257750188361
1590014257826823031
1590014257907481745
1590014257984032353
1590014258064742504
1590014258143984668
1590014258222802330
1590014258299122682
1590014258375310045
1590014258450622133
1590014258526275040
1590014258607850764
1590014258684895224
1590014258766551895
1590014258848444710
1590014258923775271
1590014259005658073
1590014259084027291
1590014259164604361
1590014259241277932
1590014259319805198
1590014259394878225
1590014259473916804
1590014259549151835
1590014259629681342
1590014259724186124
1590014259806072672
1590014259890824242
4329551593
4316763501
4310903445
4301132849
4306798639
4307949882
4305970234
4308775821
4323149721
4324102171
4325347386
4323041600
4320068095
4319558985
4318428351
4317418495
4316255376
4312640960
4311645374
4315070786
4314252332
4317485290
4319292509
4321687164
4323565711
4319465320
4323785123
4328085055
4339446829
4337145640
4331492074
4329447844
4326628945
4321499284
4330737762
4329506394
4329359447
4329126933
4329681466
4323069093
4326252910
4322355914
4317320333
4317964745
4328797960
