1590014223986062556
1590014224054168853
1590014224121731549
1590014224190580430
1590014224251269012
1590014224304695894
409215184
394568064
378329352
363204855
349008725
349805643
350411924
359066989
355532880
360649560
363089118
373208662
372355344
372732369
364326377
369236863
377798410
375636685
372480600
374899823
385301551
395374049
394080336
400726625
407500902
400716376
402687064
395589893
392533057
389738043
382474855
380942553
387131617
388848816
389055288
394112024
396518334
396077890
387878587
378608260
376555517
366310618
364534195
371602276
369708931
391630999
416660889
430507811
449789537
445797164
431739189
432996135
392883276
374516672
356046397
366264402
364233770
361707410
353975646
348862700
353596151
353146010
352061441
360046125
364007845
363508024
369281694
367336596
363904265
358067007
348910241
348739855
347653525
342309545
336082527
347776567
350757914
351607646
355786307
365958012
373208681
374991303
377226887
386943490
388170235
383721211
381754589
384050130
380396291
378456869
377956635
382761429
392580632
395271560
