175600416
9767340
6258150
13455171
20730504
9223870
8043428
7401420
19359053
19124060
7267112
7869040
7884259
8954240
7441777
23548613
8064492
7347565
7699481
6830524
6016866
8829002
7494713
8948088
10193574
6622385
11034249
7057153
7193855
7369281
6159499
4697355
6523200
7908114
6840412
5902107
5945605
5545880
15585019
7760246
7880706
7354751
5627911
14050261
7461684
8359780
7160405
7708302
6961039
15605891
8697342
7777386
8346531
6740268
9812516
14375957
8346034
7616418
8175049
6177912
5408082
9980858
5199171
6759010
6623746
6302192
5698993
3998040
3550679
4368408
6201770
6837220
5144964
7427230
8486835
7634028
6609387
10168355
8957395
4683485
6483845
7910432
5447173
5774033
11878887
5771055
6749532
8918856
6758938
7151970
5879956
5743867
5426538
6713978
8395964
11638538
8227231
7942274
6400720
4788391
