182286154
9694657
7355154
23610214
38381550
12517669
10827890
7424247
12377320
81323187
24227195
13235969
10322372
8962532
11056956
73033995
9573640
7730234
8268937
7225805
16978893
17517671
11412949
8120640
8844023
12412438
18487268
15459774
9474940
12851677
11373375
8291841
15984374
17397686
17089704
12075102
14408289
12338509
35881249
14668023
11916336
10945184
12026276
12600504
11708342
13994285
8271455
8115469
8323946
24732249
11733010
12647665
9769567
6905847
11337006
12499047
7547257
6576290
6633132
6670074
11564894
10608597
5840750
8922102
7814336
8503698
15526933
7841829
6331773
7361312
7560344
7023321
17179841
9851991
8571499
11573340
7687716
7258963
10754617
6564690
7415714
11024677
10989729
19087578
20645441
14654003
14935305
10696954
8458058
14976771
13621099
9744348
8853173
11890485
21076804
11468091
7746361
7182038
5544013
6767807
