228814532
8425288
7067953
7895649
17530010
6482559
9875671
9329404
22554352
17414144
19865370
10026377
11018165
9991521
11699729
12917314
6211600
7445974
8526852
9402945
6774356
12578155
9570323
7311220
9210050
7700534
12364671
8313722
8542987
10276831
9738546
9337217
15853021
10559611
7901569
15124048
8082436
8357313
11768971
7464453
12475375
11475401
10532974
11782042
21234350
6964802
8027295
10273325
9021005
8486839
8670546
13136982
10533537
9978368
8655562
9296545
7467189
7759711
5770388
8520801
14466772
14322155
8813098
10120590
8347728
9129554
9750266
8948880
6124466
9270414
7782608
10672397
11585174
12232831
10367047
9148322
10202651
11581889
20329249
10865289
8939967
11731527
10914683
15817529
12708284
10790520
11618759
11329888
9823251
10999261
11342267
10947614
10826585
10266736
6980459
11114926
9838146
6181284
6827857
7364477
