190047757
15737005
5929000
34490170
28563307
7871458
7255347
7044161
10800097
21496579
9229827
14418289
8619062
11279532
11025112
29732041
11639993
11164459
9439483
9313400
18720125
17689061
9335547
9985543
11788379
10464758
15266621
10166708
9280829
11806878
9643881
7738462
16994669
8748562
9395616
8969482
9726351
9496407
18104325
10638524
10661318
9905588
8274169
10205104
15908137
8819240
7941658
10390170
9168534
12468181
9605300
14936283
9398709
10357289
13873821
22011949
12021886
12773620
11062761
9755248
37900277
16769429
9261483
12028499
9827798
8440571
16644535
7236819
11294995
7170781
9058730
11240988
12479350
9657491
8483420
9685017
8479699
9951936
13391905
8515553
9060056
11161593
10101797
19056659
9300473
9259665
14592089
9640861
11483705
20403199
12612211
12713058
12454391
10482778
10230892
21661694
9503178
11156984
9388832
9783933
