1590014247164826148
1590014247250134273
1590014247332375760
1590014247406854731
1590014247485118289
1590014247558529071
1590014247635363663
1590014247706481672
1590014247782366301
1590014247854273222
1590014247926163764
1590014248000723311
1590014248071942877
1590014248143491448
1590014248219228571
1590014248292377313
1590014248365433648
1590014248438208789
1590014248510046895
1590014248581819220
1590014248652167513
1590014248721506118
1590014248785378795
1590014248849572474
1590014248914683440
1590014248990195824
1590014249068727138
2010877244
1989929290
1979189185
1964933255
1955023510
1941157780
1932674702
1921365983
1914636129
1910379067
1909267468
1908069185
1904386589
1897781984
1893549641
1893942957
1893850997
1891834785
1898500796
1902712577
1889659434
1901314493
1895953967
1901046242
1902345148
1897810518
1880742227
1867740603
1874165156
1871003907
1871519389
1879220512
1885314177
1884788845
1882160319
1881687016
1891923932
1883276261
1881005262
1879712938
1883572420
1876733212
1873622265
1863098225
1859078765
1856667113
1853055863
1850689404
1854842856
1853321602
1859120886
1857295046
1866007785
1868268633
1869220782
1873614571
1865545289
1866495177
1858911901
1850436519
1865366599
1861078715
1873743852
1876761006
1866323956
1869804636
1868261133
1861332990
1868741030
1890827386
1897537100
1901517165
1908734111
