1590014231257237828
1590014231329982069
1590014231410193294
1590014231480426781
1590014231556587085
1590014231625789148
457966436
446893960
443099583
439121273
428817641
416872494
418844745
410950181
407244613
404966034
404281894
399895038
398011193
397184869
396830295
391833870
390690796
390192067
395692856
394872333
388124714
387841496
397114177
395873233
402232891
404016792
400696444
409201843
410900241
411190463
407872873
400091421
405296647
403282381
397626260
396724361
396629601
394948344
394441475
394716446
402095416
406692289
413038214
421414321
434770710
427164078
431211828
430817420
423502105
416613101
410619443
401461192
411155457
411501471
402465215
416492121
417138776
419347513
412669956
418247393
416338612
416230265
403730332
403099990
406609445
413884663
407954712
410748372
410465821
412573392
402439344
400284249
404856012
400119292
416059665
423421822
435419865
441552950
440031692
436349038
447194346
445793687
444741828
438433016
440141643
442651284
446730895
429591555
429757765
423592322
416477177
408447972
399521305
393311233
