3666944
1799259
1479438
1336973
1342808
1338654
1333353
1348680
1333351
1333366
1481504
1481514
1481504
1497225
1481501
1481501
1481517
1481500
1481501
1481501
1481502
1481501
1481506
1481505
1481502
1481507
1481503
1481502
1481504
1481507
1481507
1481503
1481502
1481504
1481502
1481501
1481517
1481514
1484311
1568907
1488566
1481522
1481500
1481519
1481522
1481502
1481522
1481504
1481530
1481503
1489173
1488272
1486067
1488794
1481519
1481515
1481506
1481517
1481519
1481503
1601008
1481519
1481504
1481503
1487948
1488296
1488381
1486249
1488250
1488375
1481502
1481501
1481501
1481518
1481521
1481505
1481507
1481502
1481519
1481503
1485433
1481518
1481522
1481501
1481518
1481505
1481501
1481505
1481503
1481515
1481502
1481503
1481519
1481519
1481519
1481517
1481504
1481503
1481518
1481517
1526781
1488179
1488238
1481503
1481502
1481517
1481518
1481518
1481502
1481516
1730593
1481502
1481500
1481517
1481517
1481521
1491250
1497234
1485769
1489334
1486425
1481503
1481514
1481504
1481502
1481519
1481503
1481517
1481517
1481515
1481502
1481521
1481518
1481517
1498444
1485992
1484139
1492738
1486227
1485864
1490896
1486003
1481518
1481518
1481519
1481519
1481503
1481503
1481502
1481514
1488362
1491405
1485618
1488485
1489664
1481519
1481502
1481503
1481504
1481519
1444911
1333363
1347218
1337389
1333352
1333353
1333367
1333363
1333364
1343302
1458280
1338547
1335772
1333353
1333352
1333354
1333353
1342533
1341034
1337248
1438637
1460385
1442532
1336198
1333366
1333369
1333354
1333367
1333352
1342012
1439324
1333366
1342388
1337569
1333364
1333364
1333352
1333362
1333353
1341221
1455293
1340097
1333366
1333351
1333351
1333372
1339148
1340962
1335815
1333365
1441687
1333365
1339422
1339622
1333355
1333363
1333352
1333366
1333365
1339111
1481502
1481504
1481504
1481500
1481517
1481517
1481521
1481521
1481517
1481519
1565447
1333363
1337918
1335835
1343721
1333363
1333371
1333367
1333351
1337932
1481501
1481503
1481514
1481508
1481518
1481518
1481502
1481504
1481517
1490998
1486675
1486203
1609401
1912694
1904814
1904809
1904808
1915226
1908404
1913256
1904802
1915265
1908429
1904789
1904789
1904810
1914780
1908500
1912749
1904789
1914399
1912557
1904813
1904812
1904791
1913705
1912211
1910322
1904805
1904810
1909933
1911852
1934962
1904809
1904790
1904809
1910524
1915315
1904813
1904807
1904792
1917767
1910242
1904814
1904808
1904788
1917042
1912057
1909628
1904804
1914845
1904804
1904813
1910864
1908282
1917604
1904791
1904791
1904786
1912204
1912812
1910273
1904790
1904787
1904804
1912251
1909592
1927300
1904808
1904817
1904787
1904809
1908615
1913463
1489102
1484488
1488329
1490047
1481504
1481515
1456341
1338022
1335962
1333354
1333354
1333352
1333366
1344497
1339995
1333369
1481517
1481520
1481518
1481519
1481503
1481518
1481506
1489808
1485541
1764573
1481502
1481519
1333369
1333350
1400507
1333375
1338480
1346601
1333351
1333369
1455441
1333370
1333365
1333362
1333367
1333366
1335858
1348397
1333363
1333363
1481506
1481517
1566916
1481514
1481517
1481501
1481518
1481503
1481517
1485657
1491937
1486351
1484339
1481522
1481521
1481520
1481520
1481518
1481518
1481517
1481507
1481519
1481502
1481515
1481519
1487943
1489385
1484359
1488423
1489695
1487903
1491637
1481500
1481503
1481506
1481502
1481522
1481514
1481525
1481518
1481504
1481514
1481518
1485159
1489332
1490079
1484346
1488628
1512915
1485832
1487355
1489741
1484246
1488467
1489248
1484203
1481504
1481521
1481518
1481515
1481502
1481503
1481514
1481503
1481514
1481522
1481518
1481514
1486218
1488542
1489446
1487853
1485769
1489884
1488009
1481519
1481518
1481517
1481517
1481502
1481500
1481520
1481519
1486406
1484864
1499342
1486313
1484184
1491509
1481519
1481511
1481521
1481508
1481502
1481506
1484177
1488579
1489394
1484196
1488648
1481502
1481501
1602500
1481518
1481521
1481520
1488065
1490164
1484560
1498398
1481500
1481514
1481518
1481515
1489345
1488584
1491753
1484535
1489485
1511505
1734018
1481503
1481501
1481514
1481519
1481521
1481522
1481502
1481517
1489702
1696468
1486109
1484170
1481514
1481521
1481514
1481514
1481517
1481517
1481503
1731568
1489595
1486237
1481500
1481502
1481518
1481521
1481521
1481521
1481522
4569382
4030380
2232406
2222281
2226840
2242546
2222255
2243393
2222271
2226518
2229804
2222252
2230654
2222255
2230734
2222282
2222255
2228414
2222252
2228693
2222256
2232903
2222258
2231546
2222259
2222251
2228915
2222281
2058559
1484970
1598160
1554572
1481518
1615179
1481501
1575113
1554017
1481502
1600947
1578352
1497130
1481520
1481517
1481518
1481503
1481503
1481503
1484378
1486539
1487959
1481504
1675486
1658580
1481519
1731217
1711215
1704757
1481519
1763789
1517439
1481520
1481504
1481514
1481518
1481518
1481505
1481522
1481501
1481517
1481514
1481505
1645524
1481519
1711156
1481519
1759923
1752960
1481521
1763717
1754389
1497784
1333353
1333352
1333352
1359114
1404117
1345692
1436825
1390155
1333354
1694250
1669306
1678012
1485616
1621783
1630882
1484367
1576358
1583363
1484561
1505154
1333389
1333350
1333353
1333372
1333368
1479024
1451552
1343140
1333369
1580592
1490699
1484504
1485199
1489164
1481502
1481503
1481518
1481504
1481521
1438129
1333387
1333352
1339350
1336586
1337284
1333351
1333352
1333353
1333370
1453390
1382962
1333367
1333363
1333366
1360464
1405509
1471412
1339012
1388214
1538875
1414162
1335965
1428592
1381859
1333369
1333352
1333355
1357677
1333366
1485110
1488285
1486302
1487474
1495273
1481502
1481518
1481503
1481521
1481518
1485302
1484357
1489956
1485518
1484131
1489314
1481522
1481502
1481504
1481503
1448505
1333351
1333355
1370141
1333365
1478604
1425516
1342760
1333368
1333363
1447318
1364542
1333370
1475222
1475954
1336280
1354742
1333366
1333365
1333354
1670622
1471963
1339709
1354393
1333369
1333352
1333375
1384149
1427768
1339399
1449748
1333366
1333352
1391576
1333367
1455594
1408981
1339602
1333362
1333353
1449247
1376171
1423638
1336234
1423460
1372904
1333366
1333351
1333353
1368377
1611674
1481501
1481515
1481518
1761187
1488322
1484284
1486101
1487656
1484355
1449312
1370077
1417602
1336247
1427611
1377247
1333351
1333362
1333366
1362254
1607771
1413218
1339757
1333363
1333369
1333351
1333366
1447891
1471853
1339026
1449670
1333366
1333352
1436051
1476762
1426125
1336076
1333352
1333367
1333372
1665582
1473608
1339909
1360150
1333369
1333367
1333351
1382655
1426291
1338975
1445708
1403940
1450306
1336389
1397134
1333364
1333352
1333363
1348458
1393919
1444528
1333350
1333386
1333353
1333352
1335886
1340734
1336207
1333377
1333366
1486704
1481501
1481506
1481504
1481518
1481518
1481502
1481503
1574946
1481503
1481501
1490277
1484702
1484295
1489880
1484606
1484395
1481503
1481519
1481518
1444643
1333366
1333369
1337748
1344656
1333355
1333366
1333366
1333363
1333363
1898989
1533791
1484291
1616290
1605972
1481522
1683923
1668654
1481522
1742384
1915179
1484682
1642768
1658767
1484752
1595810
1609180
1492232
1545514
1561092
1904788
1520221
1488735
1481522
1481501
1481506
1481503
1481503
1481500
1481522
1712180
1481503
1481506
1481502
1481502
1481514
1481521
1481518
1481522
1481503
1859563
1485613
1763738
1763740
1484814
1764168
6725889
1732876
1749690
1497199
1911909
1908508
1904790
1904790
1904790
1908309
1910460
1912794
1672931
1574553
1910491
1914357
1904808
1904804
1904809
1910307
1912528
1851035
1613258
1458421
1615222
1613897
1618172
1629829
1726957
1481502
1673021
1662669
1481519
1734499
1786110
1566462
1489088
1481519
1504240
1488166
1481518
1481520
1481518
1481519
1754488
1484539
1768843
1754931
1484429
1718982
1725499
1484683
1663696
1668933
1703009
1481543
1489137
1488377
1486243
1488653
1488328
1484764
1481517
1481517
1481556
1481502
1481503
1481504
1481514
1481503
1484378
1491670
1489467
1484218
1494562
1490699
1484770
1481514
1481504
1481515
1481518
1481519
1481502
1481522
1481501
1481519
1481517
1481518
1481517
1486261
1488248
1488969
1484486
1488837
1490142
1493759
1481522
1481521
1481518
1481506
1481522
1481517
1481503
1481520
1487116
1481508
1481514
1481518
1481517
1481503
1481514
1481504
1541838
1481504
