3323871
3097209
2233065
2222257
2231880
2241045
2222372
2231787
2222341
2250779
2222300
2228935
2241894
2222643
2252278
2222793
2222341
2229710
2222252
2233078
2227559
2228109
2223249
2233846
2241093
1905716
1905120
1911371
1919305
1905195
1904812
1904786
1904804
1913523
1912571
1904822
1904814
1904815
1911929
1913676
1916000
1910650
1904788
1904820
1904813
1915862
1913517
1904814
1904786
1904812
1904809
1904908
1912138
1920724
1904786
1904826
1904855
1924815
1919949
1912725
1913994
1909746
1904884
1904864
1904785
1917810
1911003
1909659
1904802
1904871
1908807
1905823
1904786
1904896
1919202
1911267
1911195
1904787
1904815
1904856
1914318
1911059
1920483
1904999
1904787
1911331
1914532
1918313
1904809
1904804
1911160
1916533
1913168
1904841
1904822
1915558
1918584
1910851
1904813
1904787
1912475
1916479
1911898
1904813
1904787
1904824
1917665
1910784
1904829
1904838
1911007
1924102
1912643
1904829
1904787
1904874
1939795
1911579
1904876
1904805
1904809
1904808
1912241
1920355
1911916
1904803
1904821
1904788
1918618
1911658
1908640
1904832
1904890
1921052
1909929
1911025
1904813
1904821
1904874
1912669
3083900
2672668
2222944
2227603
2233631
2222463
2236300
2222252
2251274
2226989
2233188
2222420
2229070
2226939
2222670
2230930
2232641
2222702
2239461
2222291
2222486
2234413
2227562
2222563
2227112
2228469
2222286
2226071
2238737
2222611
2222356
2233822
2222736
2222303
2227260
2222272
2231863
2229369
2222288
2228988
2233339
2233825
2222386
2233135
1791973
1799011
1796191
1788880
1796231
1799783
1710360
1481551
1481502
1481546
1481550
1481527
1481528
1481501
1481524
1481567
1904992
1914613
1909192
1904878
1904821
1904874
1914736
1909878
1909255
1904880
1717977
1705315
1691433
1481590
1761620
1481500
1760139
1761272
1764712
1485418
1723416
1481548
1481524
1481528
1481528
1481560
1481546
1537211
1537962
1481544
1720030
1481549
1481527
1481500
1481502
1515155
1481528
1570547
1481589
1631027
1904843
1481544
1481600
1481528
1333372
1333394
1378153
1536982
1443781
1492059
1849708
1621240
1653343
1674314
1694207
1847517
1791273
1800647
1766394
1746747
1911563
1915811
1909942
1905054
1904977
1904934
1914676
1910760
1904822
1904825
1904866
1904822
1915622
1908616
1911184
1904861
1904866
1904804
1909076
1910374
1914911
1909548
1904944
1905125
1904899
1481543
1481557
1482070
1481522
1481649
1904796
1909750
1911351
1914664
1904891
1904817
1904813
1911010
1913561
1904938
1904789
1904834
1904788
1916214
1909700
1911216
1904809
1904834
1904814
1910335
1904800
1904845
1914850
1911227
1908172
1904825
1904815
1904809
1908871
1913555
1904789
1922227
1916147
1911478
1904801
1904787
1904786
1909061
1909971
1904787
1904800
1909895
1915918
1914205
1904864
1904828
1909602
1912655
1913999
1904817
1909671
1908659
1904818
1904801
1904787
1910954
3328040
1904787
1904787
1922120
1904797
1904855
1904787
1914043
1909707
1912352
1904817
1904818
1904787
1912087
1904800
1904853
1914935
1912764
1908437
1904801
1905162
1904823
1909549
1909223
1904803
1904813
1904821
1910992
1914573
1915154
1904821
1904828
1909798
1914104
1916233
1910436
1904842
1904823
1904844
1910902
1910138
1904867
1904822
1904822
1904812
1915536
1909358
1788948
1756826
1743246
1713058
1696114
1695087
1666742
1716307
1617979
1598942
1560954
1481588
1632421
1624919
1481527
1687483
1481562
1904801
1904785
1909719
1916601
1904801
1904977
1904866
1911942
1914525
1917375
1716187
1481521
1481502
1481522
1481501
1481522
1481562
1481521
1481502
1481528
1863600
1871243
1904786
1510281
1499611
1500943
1506238
1500304
1505778
1517368
1716616
1604693
1589264
1551105
1481582
1622022
1615271
1481535
1688461
1481522
1911786
1904844
1904814
1904817
1914810
1912225
1904814
1904891
1904813
1914257
1909355
1909316
1915331
1904812
1904814
1910608
1910525
1914310
1904787
1904826
1904799
1904815
1904814
1910531
1908823
1904892
1904814
1904787
1909217
1909829
1909104
1693897
1711050
1738236
1763074
1784562
1787617
1792474
1800655
1791358
1717423
1481500
1481522
1481501
1481535
1481521
1542188
1481524
1601513
1596336
1904794
1481516
1481541
1481520
1481527
1481570
1481527
1481528
1481522
1481534
1904800
1909355
1909348
1918601
1904970
1481554
1481521
1498372
1481521
1481518
1904792
1909417
1915139
1791171
1800534
1791515
1792618
1805668
1794982
1798064
1904794
1914677
1913138
1904812
1904969
1904833
1918117
1909373
1909476
1904892
1915896
1910247
1908882
1904785
1904879
1904812
1909027
1912745
1904824
1904813
1909982
1904787
1904813
1904815
1917905
1909879
1904791
1904785
1904802
1913741
1904800
1904834
1913362
1910267
1916626
1904812
1904803
1904786
1909959
1914702
1909995
1646180
1627028
1623186
1619947
1601515
1596286
1594222
1582524
1650493
1912373
1838599
1800531
1787575
1758786
1727306
1709890
1706287
1677862
1673303
1914873
1904808
1559472
1557721
1564613
1549644
1549394
1564226
1545855
1545186
1910130
1537700
1565161
1579394
1607246
1634688
1657666
1677166
1705247
1726107
1904801
1914485
1909783
1904787
1904788
1904813
1914462
1913445
1910016
1658463
1904880
1909598
1573080
1608348
1624105
1648325
1678418
1694209
1714592
1749340
1904862
1481541
1481501
1481518
1481522
1481553
1481575
1481519
1481522
1481521
1909576
1904841
1904812
1481525
1481533
1481581
1481555
1481519
1481517
1481500
1909098
1725369
1911618
1667368
1646547
1633620
1625884
1613253
1609274
1604035
1913167
1798529
1758247
1486441
1761058
1762385
1485973
1752235
1489587
1697911
1904801
1904911
1904814
1913530
1911109
1914403
1904800
1481499
1481521
1481539
1814320
1491339
1773041
1486900
1743960
1760839
1486282
1710111
1484865
1653013
1904944
1481518
1915232
1909994
1702253
1730018
1749801
1777693
1794733
1797565
1909993
1758181
1780587
1795647
1794935
1791577
1797549
1801125
1791136
1767662
1717599
1904833
1904813
1481533
1481844
1481519
1481521
1904814
1920922
1665173
1912025
1914836
1621345
1622208
1609221
1601594
1603586
1586223
1584058
1579785
1850099
1793094
1804792
1770877
1749597
1731260
1705712
1690294
1682347
1661000
1910210
1914266
1904813
1904787
1904786
1908612
1913704
1904824
1904786
1904787
1909741
1909775
1904822
1904786
1904915
1910002
1909599
1833399
1796919
1798480
1892072
1915067
1722718
1715221
1692017
1673071
1665624
1647750
1646304
1642430
1716395
1481533
1481563
1909836
1914762
1904828
1904787
1904785
1909201
1913675
1708615
1646415
1628079
1584027
1481501
1656042
1649412
1639075
1481521
1707709
1807661
1603878
1630567
1487155
1565801
1587681
1486432
1530866
1490184
1481522
1703148
1481533
1490871
1488125
1481501
1481559
1481522
1481555
1498376
1748299
1712007
1481502
1481545
1481562
1481532
1481514
1481501
1481527
1481594
1481562
1909266
1915418
1904890
1904891
1904891
1909849
1915334
1913098
1905021
1904865
1719592
1576711
1904786
1481500
1481516
1481534
1481501
1481535
1481535
1481561
1714944
1481526
1481601
1481521
1481517
1481582
1481536
1481519
1481517
1481524
1911985
1904809
1904813
1904814
1914388
1914129
1909846
1904813
1904821
1923433
1907215
1844853
1904786
1539727
1534479
1535635
1543418
1529196
1532572
1534046
1897162
1749123
1793687
1761766
1485028
1765936
1489370
1760866
1755067
1489472
1904790
1904812
1914598
1910531
1914880
1904813
1904817
1904830
1910085
1916286
1904802
1915858
1911440
1909412
1904820
1904813
1913453
1908969
1909589
1904814
1904797
1904787
1916486
1909633
1904826
1904892
1904822
1909678
1909897
1922743
1914460
1909592
1904825
1904892
1910442
1914683
1908880
1904837
1904814
1904814
1904805
1904783
1908615
1918164
1913954
1904828
1904814
1904818
1915920
1913801
1915537
1908756
1904831
1904813
1904832
1914422
1909745
1917371
1904812
1904786
1910116
1904911
1904812
1904813
1914764
1909027
1909881
1904815
1904808
1914869
1909793
1914313
1904815
1904919
1904810
1909686
7822817
1904810
1915251
1722737
1908800
1904834
1904814
1904813
1908522
1908851
1904786
1904785
1904813
1909621
1910774
1910693
1904813
1904812
1904836
1481525
1481521
1481562
1481531
1481522
1725070
1910081
1918361
1692255
1717731
1755073
1772124
1797599
1793084
1791434
1904803
1481546
1481540
1481522
1481542
1904788
1910351
1593908
1617923
1626458
