3459430
2674228
2222456
2229100
2235122
2222881
2235211
2222522
2234185
2222343
2222290
2235515
2222562
2234175
2228819
2222250
2232699
2222375
2228869
2222352
2233714
2234500
2222326
2235549
2222251
2236383
2229523
2222276
1487517
1486621
1706322
1503275
1481518
1486925
1481521
1528869
1504693
1511547
1491085
1481502
1904842
1904823
1904785
1911041
1909409
1904834
1904866
1904803
1481553
1481515
1904822
1904867
1904788
1913986
1915498
1904800
1904817
1904836
1695285
1481520
1700074
1481515
1481637
1481514
1481564
1481654
1481501
1481590
1481561
1481519
1756883
1481519
1486531
1755414
1485926
1485731
1491653
1486524
1556952
1566347
1688704
1545006
1481501
1615405
1646019
1592648
1580870
1481888
1648459
1481562
1692687
1481501
1481646
1481569
1481518
1481502
1481652
1481548
1481631
1481499
1691575
1481501
1481500
1481502
1481624
1481529
1481564
1481522
1481521
1490166
1794589
1489695
1538867
1486757
1481558
1512734
1485756
1481547
1481501
1495757
1916035
1486143
1697309
1490481
1654212
1669891
1489522
1623881
1485478
1583756
1911508
1486339
1686180
1487340
1635898
1657520
1485994
1607990
1489439
1564824
1708417
1481501
1817423
1481512
1481551
1481519
1481676
1481525
1481537
1481675
1913202
1904808
1904855
1904805
1912191
1909933
1904806
1904829
1682357
1481519
1904837
1909742
1909458
1917637
1904789
1904786
1904814
1912490
1914373
1904894
1908660
1904808
1904786
1914772
1916750
1914237
1904890
1904883
1904856
1909366
1910198
1909479
1921740
1904787
1481513
1481544
1481621
1520361
1481646
1570774
1904789
1904834
1912225
1487043
1551028
1486503
1485681
1523087
1486244
1481515
1904839
1904817
1904883
1915452
1913112
1924219
1904794
1904911
1904786
1911126
1913582
1914396
1904787
1904946
1904814
1915619
1911299
1915272
1904814
1904853
1699873
1481516
1481646
1498846
1481571
1481531
1481635
1481582
1481580
1490523
1851732
1485882
1771544
1487191
1739839
1764214
1486471
1710451
1489595
1666479
1690248
1481514
1481626
1481521
1481548
1481529
1481520
1481929
1333386
1372075
1687862
1481500
1481532
1481562
1490358
1486076
1488302
1490877
1486263
1485864
1904834
1910231
1910096
1918303
1904785
1905248
1904804
1911380
1494720
1333385
1707027
1486256
1757627
1490099
1486529
1487978
1489489
1486143
1481500
1481515
1702271
1481622
1481501
1481548
1481531
1481514
1481629
1481518
1481632
1481523
1700879
1481578
1481501
1481576
1481515
1489208
1488530
1486376
1490497
1485659
1702815
1489473
1626363
1544901
1489825
1488139
1481515
1481629
1481501
1481577
1910205
1909200
1904805
1904979
1904788
1909505
1909513
1917556
1580673
1606335
1711805
1549933
1565241
1486955
1518713
1486453
1481664
1481501
1486418
1481712
1880775
1706999
1493819
1657513
1485532
1619044
1630554
1486374
1577203
1526631
1914128
1904835
1904787
1904791
1916764
1909698
1909822
1904863
1582610
1481660
1910137
1914813
1904792
1904885
1904813
1910120
1914459
1904805
1587569
1481696
1913633
1909878
1909610
1905018
1904817
1904850
1910786
1928371
1616401
1742117
1904787
1909572
1926492
1911035
1904947
1904809
1904822
1914722
1910626
1904806
1904839
1904805
1910136
1911048
1913807
1904817
1904848
1904787
1910062
1915451
1909828
1904903
1904838
1904787
1910160
1912382
1904926
1904813
1904854
1913566
1919850
1910383
1925331
1904804
1904864
1904804
1910069
1909736
1734975
1711788
1909998
1909732
1914855
1904838
1905056
1910530
1909521
1914706
1904806
1904891
1904787
1914847
1910172
1904818
1904814
1904852
1914334
1913006
1910208
1904797
1904787
1904964
1912500
1921417
1910185
1904797
1904787
1904944
1653165
1486808
1700447
1766243
1490354
1490772
1491669
1700620
1723887
1736462
1485925
1490989
1912338
1911051
1915351
1904791
1904788
1910868
1910209
1924845
1904836
1904790
1693186
1481673
1481519
1481517
1481695
1481577
1481502
1481521
1481702
1481500
1702297
1481576
1481514
1481522
1481558
1481501
1481500
1481566
1481578
1481522
1701460
1481517
1481517
1481647
1487632
1486380
1491287
1490121
1487483
1497937
1703384
1481523
1481514
1481561
1481518
1481515
1481605
1481501
1481501
1481583
1700320
1490377
1486903
1487304
1489981
1488806
1487857
1492780
1481580
1481579
1904790
1915515
1910899
1904814
1904865
1904787
1915353
1911596
1911621
1904818
1705443
1481535
1481501
1481923
1481519
1481549
1488886
1494006
1488385
1487428
1689265
1481566
1481514
1490963
1487334
1486161
1492849
1487381
1487810
1481542
1913378
1911113
1904787
1904841
1916815
1910873
1910494
1904813
1904828
1904862
1695261
1481518
1481566
1481518
1481514
1481572
1481704
1481519
1481560
1481522
1690693
1481637
1481525
1481749
1481689
1481521
1751867
1489953
1489336
1486625
1687940
1481502
1481517
1481684
1481515
1488360
1491672
1488447
1490254
1494952
1684325
1486448
1486584
1481518
1481536
1481561
1481531
1481638
1481546
1534449
1702059
1481559
1481501
1481510
1481570
1481517
1481535
1481570
1481524
1481525
1698813
1481608
1481648
1481566
1481522
1481538
1481549
1481643
1481540
1482017
1686973
1481501
1481549
1481640
1481500
1481548
1489122
1492195
1487981
1491698
1904788
1904861
1910619
1913354
1914922
1904787
1904818
1904962
1481581
1481529
1904836
1904814
1904806
1919279
1910426
1904808
1904836
1904786
1573316
1481567
1910283
1913742
1915386
1651591
1481502
1481576
1481516
1486347
1491392
1710810
1704448
1481583
1481518
1481516
1481557
1481524
1481502
1481559
1481501
1481500
1707000
1486909
1490155
1481571
1481518
1481500
1481701
1481522
1481519
1481677
1698420
1481522
1481562
1487697
1488489
1492995
1486677
1487353
1500891
1488000
1924203
1490488
1486281
1487415
1489657
1488621
1486942
1481564
1481518
1481655
1691742
1481515
1481516
1481561
1481522
1481535
1481567
1481582
1481545
1671058
1904786
1904795
1915583
1912061
1904794
1904838
1904919
1917138
1911224
1915374
1904787
1915640
1910315
1913402
1904815
1904885
1914956
1909341
1913220
1904919
1686217
1481534
1481548
1481611
1481539
1481571
1481521
1481521
1481687
1494771
1904822
1904854
1911338
1911456
1914530
1904813
1904787
1911709
1910951
1919154
1694374
1481523
1481511
1481547
1481501
1481513
1733907
1481500
1486416
1486978
1692939
1481611
1481566
1492001
1487678
1486496
1494552
1487599
1487516
1481500
1690017
1481561
1481523
1481515
1486830
1491044
1489512
1487428
1493593
1486918
1704936
1491468
1486923
1487279
1481517
1481515
1481570
1481515
1481580
1670382
1696058
1481514
1481582
1481515
1481521
1481582
1481522
1481529
1481559
1486945
1695126
1481553
1481519
1481583
1481501
1481526
1481578
1481515
1481521
1481632
1704596
1481501
1481556
1481635
1491014
1486449
1488404
1492436
1487927
1764443
1693606
1491358
1487377
1487267
1490282
1488525
1486544
1481558
1481537
1481519
1702349
1481517
1481631
1481569
1481515
1481524
1481548
1481528
1481522
1756676
1698399
1481524
1481677
1481519
1481519
1481616
1481540
1481501
1481502
1489400
1695105
1490912
1486773
1481514
1481514
1481517
1481558
1481515
1481535
1757812
1707672
1491140
1486748
1487484
1489818
1488605
1486758
1492719
1481563
1708152
1701738
1481655
1481519
1481518
1487943
1496554
1493333
1488017
1487276
1723085
1904836
1910597
1914665
1904863
1904810
1904823
1910302
1910957
1487565
1491211
1704531
1495371
1485911
1493944
1486802
1486374
1490556
1481527
1481557
1481631
1695300
1481577
1481528
1481501
1481564
1487199
1488450
1493288
1487808
1553937
1695878
1490244
1481501
1481574
1481515
1481522
1481691
1481528
1481519
1481665
1696938
1481517
1481571
1481546
1481522
1481684
1481529
1481517
1493624
1490740
1904788
1904892
1912105
1916093
1910772
1904786
1904811
1904856
1915625
1911699
1904846
1915357
1910161
1910993
1904815
1904809
1904888
1910547
1911196
1904950
1700294
1481538
1481568
1481517
1491396
1486564
1487324
1495077
1488282
1486818
1914454
1904848
1904813
1904824
1912890
1915434
1910625
1904855
1904809
1904986
1909687
1910017
1904833
1904967
1904808
1910104
1910560
1917301
1909798
1904977
1904786
1915427
1909486
1914021
1904786
1904809
1904941
1913840
1565024
1495646
1904785
1904814
1904861
1915602
1910495
1913145
1904818
1904813
1904914
1914426
1919752
1904836
1904787
1904810
1912993
1915297
1904835
1904949
1904787
1560645
