1905001
1769861
1813673
1916050
1905805
1905417
1517677
1744533
1877920
1680025
1905000
1924471
1904795
1905108
1910796
1905185
1915374
1905604
1914410
1954575
1904828
1919210
1904794
1909963
1905102
1915130
1905029
1910922
1914483
1966606
1904929
1910294
1904792
1916691
1904873
1904871
1904918
1914264
1904908
1919399
1904864
1912069
1904792
1909695
1904793
1915174
1904872
1909501
1904794
1916445
1912727
1904795
1909701
1904796
1904794
1911740
1904869
1909233
1904795
1929357
1904967
1904794
1909434
1904795
1909006
1904874
1925423
1909481
1913291
1935141
1910111
1919070
1904794
1915132
1904872
1910644
1904792
1908846
1904948
1933148
1904836
1916167
1909664
1904795
1908817
1904869
1923105
1904796
1916897
1905027
1918757
1904794
1904863
1904879
1904951
1905029
1904952
1905183
1933178
1925986
1910576
1904797
1910195
1904794
1917816
1904792
1909822
1904794
1909924
1934496
1904824
1917675
1904795
1920707
1904796
1910321
1904791
1917777
1904795
1909693
1904854
1926026
1904794
1909366
1904791
1919083
1904795
1920582
1936706
2030765
1918037
1904795
1912039
1916854
1904796
1910769
1904794
1909488
1904794
1938879
1904832
1908794
1904795
1904793
1923333
1904794
1910718
1909111
1916367
2023197
1904893
1911826
1904872
1909967
1904794
1917338
1904794
1917336
1904819
1945467
1908933
1904795
1909352
1904796
1921461
1904795
1911393
1904798
1909332
1991842
1910079
1904794
1911863
1904793
1915999
1904794
1910604
1904791
1917587
1992455
1916408
1904794
1909688
1904794
1909251
1904794
1927095
1904816
1913181
1935253
1904866
1917408
1904872
1917986
1904793
1909960
1904794
1918137
1910781
1942996
1904828
1904795
1904795
1904796
1910605
1904855
1929646
1904873
1911235
1964299
1910028
1904793
1910098
1904796
1917270
1904794
1917080
1904870
1910939
1922016
1904882
1909942
1904795
1917164
1904794
1909673
1904794
1914892
1904793
1934513
1916200
1904799
1923043
1904794
1910754
1904795
1916093
1904793
1912870
1924377
1904830
1909612
1904792
1916423
1616468
1481507
1792107
1481508
1756727
1850615
1916432
1904796
1918905
1904792
1909676
1904794
1916061
1904796
1910665
1924617
1904846
1910570
1918725
1904821
1909624
1904794
1910136
1904919
1927876
1915455
1917390
1904797
1923965
1904794
1910779
1904794
1909784
1904834
1916354
1917072
1904895
1910103
1904796
1910411
1904795
1917357
1904794
1910419
1904795
1920465
1910296
1904795
1916919
1904795
1910162
1904792
1919314
1904794
1917582
1910996
1916999
1904875
1910242
1904796
1917849
1904792
1910742
1904793
1915698
2001037
1904837
1915091
1904792
1909254
1904792
1924242
1904794
1916462
1911274
1972894
1904917
1918268
1904875
1910535
1904796
1918491
1904793
1910776
1904847
1919231
1909490
1904794
1918090
1904795
1917600
1904796
1911033
1904793
1910179
1942943
1904868
1916699
1904792
1910661
1904794
1910766
1904791
1916878
1910827
1950355
1904870
1904793
1904795
1904795
1904795
1904792
1904795
1904823
1919253
1914107
1916088
1904795
1916566
1904796
1913273
1904792
1909553
1904794
1924446
1913910
1904907
1909806
1904807
1918888
1904794
1904857
1911104
1904794
1916234
1915300
1915280
1904797
1904802
1904795
1904793
1904793
1904792
1916732
1911083
1931220
1923474
1904793
1910907
1904792
1913211
1904794
1923156
1904793
1915823
1923900
1904837
1909049
1904793
1916675
1904795
1920445
1904794
1911760
1904793
1932062
1904834
1910594
1904793
1910215
1619756
1481506
1798859
1481505
1722221
1965709
1904818
1910160
1904792
1917777
1904793
1909951
1904795
1928794
1908611
1993511
1915142
1904879
1918961
1904812
1910894
1904871
1918649
1919790
1912229
2049793
1904842
1910556
1904795
1904793
1904796
1904793
1913238
1904796
1942918
1928166
1917245
1904794
1916064
1904792
1910512
1904795
1910193
1904795
1932818
1941346
1917223
1904794
1909632
1904794
1909042
1904796
1925688
1904792
1921494
1944437
1909600
1904795
1917493
1904797
1917318
1904793
1904795
1904796
1904793
1567988
1916924
1904794
1910315
1904794
1910003
1904792
1928253
1904831
1912207
1914991
1904870
1916840
1904795
1916818
1904793
1911756
1904794
1909711
1904793
1927389
1904821
1910112
1904794
1909068
1904792
1926331
1904795
1911233
1904837
1920046
1915581
1904794
1916292
1904793
1910966
1904794
1910232
1904796
1916053
1915552
1909930
1904793
1926363
1904793
1910687
1904795
1909155
1904841
1923968
1918452
1904886
1916996
1904794
1911260
1904794
1916611
1904795
1909698
1920983
1626018
1910736
1904794
1915984
1904794
1910601
1904795
1920096
1904813
1923264
1960568
1904852
1910412
1904794
1917279
1904796
1911619
1904793
1909500
1904816
1932239
1904857
1904796
1904793
1910154
1904792
1915803
1904874
1910795
1910403
1626206
1904837
1917117
1904792
1909331
1904792
1909906
1904794
1915421
1910773
1971852
1904856
1909364
1904810
1927723
1904795
1910781
1904794
1909246
1904793
1926761
1904859
1910347
1904807
1910290
1904794
1916561
1904793
1922618
1909877
1923116
1909719
1904857
1927359
1904811
1910402
1904794
1911594
1904794
1922515
1915228
1904855
1912247
1904799
1916657
1904792
1904795
1904794
1904792
1904890
1917086
1909256
1904791
1926740
1904795
1910470
1904796
1911063
1904795
1921542
1919718
1904859
1910236
1904793
1909605
1904792
1916368
1904796
1920993
1904792
1922478
1904822
1923426
1904794
1909941
1904794
1911078
1904796
1916084
1904794
1943118
1910198
1904791
1909517
1904792
1916727
1904792
1910007
1910074
1904795
1973432
1904880
1918592
1904795
1910125
1904873
1922948
1904794
1917198
1910900
1930861
1904848
1917667
1904795
1909429
1904795
1909273
1904796
1915220
1904796
1929920
1904834
1909862
1904792
1909703
1904795
1917225
1904795
1917331
1904795
1948716
1904946
1926103
1904809
1910524
1904795
1909582
1904795
1915850
1904792
1955492
1904858
1909995
1904794
1909738
1904793
1916652
1904794
1920388
1904832
1966457
1909650
1904795
1926964
1904794
1911356
1904815
1910328
1904822
1916933
1971557
1909956
1904888
1909484
1904794
1917642
1904794
1911547
1904795
1917970
1915131
1915382
1904812
1920110
1904794
1911010
1904793
1915507
1904793
1910811
1920027
1904820
1918072
1904794
1916251
1904794
1910614
1904794
1917925
1904794
1926968
1923037
1904794
1919848
1904792
1910143
1904797
1916191
1904792
1910294
1915856
1904869
1909972
1904794
1919318
1904872
1909617
1904794
1909877
1913461
1944723
1904812
1904794
1904794
1904795
1904796
1904793
1918294
1904795
1920781
1904903
1904811
1909265
1904792
1927345
1904796
1911611
1904792
1910038
1904820
1939440
1904839
1904793
1904795
1904795
1917658
1904793
1923503
1904839
1909937
1936168
1909913
1904795
1925719
1904794
1910571
1904792
1909662
1904834
1915695
1938464
1904856
1910781
1904795
1910671
1904794
1916972
1904794
1919577
1904795
1942580
1908754
1904792
1929137
1904794
1904794
1904795
1904792
1918114
1904841
1927278
1911917
1904794
1916896
1904794
1916393
1904874
1918628
1905063
1910146
1904821
1920920
1904794
1917979
1904795
1909585
1904792
1909671
1904791
1915767
1919430
1904879
1909913
1904793
1909928
1904794
1925871
1904794
1911414
1916381
1936133
1904938
1916718
1904791
1916665
1904794
1910417
1904793
1904818
1913864
1929486
1904851
1909078
1904792
1923425
1904794
1918923
1904794
1910806
1916458
1968955
1924985
1904793
1910346
1904913
1911504
1904793
1918313
1904817
1923477
1967635
1909635
1904792
1918788
1904793
1921804
1904794
1910451
1904793
1922229
1912728
1904866
1910305
1904805
1917291
1904795
1915861
1904794
1919860
1912055
1960807
1904819
1915915
1904794
1910143
1904795
1919089
1904794
1915986
1904793
1959942
1910083
1904795
1915914
1904795
1909538
1904794
1916592
1904791
1924916
1941473
1916285
1904799
1910397
1904794
1916697
1904794
1910842
1914184
1913324
1938933
1909587
1904813
1909323
1904795
1918652
1904871
1917189
1904794
1914698
1908181
1904834
1911024
1904803
1916824
1904792
1909583
1904793
1910777
1904819
1947331
1915520
1904796
1910381
1904794
1909506
1904793
1916716
1905029
1914158
1943877
1904839
1909954
1904796
1926338
1904793
1911521
1904792
1920190
1904796
1946406
1904843
1910152
1904792
1910994
1904795
1916507
1904794
1910270
1909993
1927659
1909787
1904792
1916401
1904792
1909487
1904795
1911095
1904953
1928223
2078324
