2669224
2312674
2262165
2241139
2224493
2273258
2225906
2265636
2262822
2237807
2225193
2249236
2232813
2254872
2264901
2245473
2264637
2246380
2280122
2254013
1905812
1916954
1910930
1924703
1918845
1921575
1938596
1920942
1932862
1928638
1918544
1906399
1926250
1912692
1920705
1934467
1926713
1942260
1932151
1951604
1911155
1909759
1925248
1913557
1917487
1927168
1914804
1937274
1920958
1932600
1906037
1927729
1909281
1929411
1905267
1906092
1926177
1905794
1913666
1911142
1905812
1917708
1911633
1927959
1933974
1917018
1932361
1920089
1940550
1920088
1905807
1910730
1928914
1917533
1931823
1922596
1932052
1931018
1937577
1959778
1917770
1906638
1910898
1930139
1917689
1929196
1925570
1944246
1944897
1933588
1905809
2022426
1905082
1911666
1933306
1916201
1935164
1916818
1933391
1911136
1911489
1907101
1930394
1911146
1922059
1909008
1908631
1925348
1907196
1919729
1911705
1909193
1924514
1909571
1917257
1905329
1914356
1909503
1912316
1937195
1918563
1909689
1934910
1906971
1932583
1911154
1922430
1911876
1930285
1920634
1912044
1908810
1924683
1910922
1920820
1933438
1923309
1932330
1921446
1925618
1912037
1909309
1923134
1910921
1913271
1941991
1921575
1946215
1927845
1941877
1918064
1908236
1911857
1923903
1915188
1919851
1912783
1916712
1935157
1917714
1912519
1911918
1920943
1914493
1918379
1915175
1908648
1931031
1916995
1924128
1905924
1915761
1908103
1922501
1912952
1911600
1924660
1906977
1917022
1908839
1906038
1916145
1909528
1919823
1910430
1912924
1939467
1915671
1935866
1920977
1905823
1931123
1913024
1937052
1916107
1914187
1937771
1920310
1936202
1927025
1917441
1911772
1932460
1927627
1920629
1931940
1923525
1932388
1938341
1927459
1917550
1908967
1926156
1906852
1907550
1919144
1905142
1921071
1910909
1920050
1905567
1926365
1912563
1910572
1930753
1916539
1935405
1917200
1941364
1924945
1911642
1910944
1929185
1923352
1926593
1943587
1929839
1943323
1934312
1938241
1905845
1927806
1910674
1910930
1924652
1913489
1927550
1917010
1933854
1922265
1913128
1908116
1909309
1933963
1908571
1930306
1913967
1935037
1912341
1915537
1917727
1933305
1906937
1936003
1910208
1932089
1915143
1936532
1926572
1922751
1917701
1909102
1926153
1912567
1916289
1925244
1917955
1937535
1930082
1944348
1911773
1926534
1913961
1939583
1924098
1951641
1935050
1947253
1939629
1940126
1917953
1911592
1933958
1928252
1924955
1941585
1931474
1941954
1937111
1947987
1918386
1913355
1923469
1912295
1921047
1906146
1910271
1948492
1912553
1929385
1912079
1910448
1936588
1913016
1941541
1924870
1939787
1934201
1920971
1929290
1905593
1916800
1913715
1933237
1927897
1917926
1923501
1918890
1935866
1920974
1911280
1909512
1936314
1912602
1921012
1912589
1920916
1933860
1920257
1934902
1911346
1906266
1917239
1906512
1913470
1937010
1923208
1933923
1921413
1932035
1917497
1909059
1925310
1915843
1921342
1943037
1924531
1946682
1929342
1945350
1928563
1907641
1934025
1913507
1933505
1934494
1925371
1946038
1934030
1944420
1922211
1907417
1914458
1928901
1923042
1943765
1924024
1937907
1958745
1927505
1933290
1911433
1911145
1932123
1910574
1929976
1909562
1930891
1948331
1914682
1911243
1909617
1922231
1912348
1921273
1911543
1926388
1946755
1955966
1945948
1905793
1915420
1911760
1928900
1938448
1930262
1940261
1925736
1941014
1963191
1910543
1909071
1923068
1935838
1910849
1942539
1919903
1941786
1957853
1937749
1906061
1928408
1920225
1910976
1921445
1914664
1926905
1919584
1961932
1955462
1912249
1905854
1915428
1907212
1927481
1917601
1917850
1937588
1940977
1932603
1905811
1929221
1911132
1932729
1910243
1924908
1908499
1933709
1947964
1924209
1906280
1905245
1925626
1905833
1930431
1911398
1927179
1923990
1938953
1927237
1905857
1916495
1908602
1910257
1917529
1911866
1923603
1917227
1946526
1922633
1905799
1916691
1911082
1928425
1909580
1913732
1939743
1916996
1959699
1915838
1911183
1906496
1918186
1914948
1926345
1917897
1933689
1920730
1949225
1946014
1918278
1905316
1927072
1905242
1908188
1918290
1907886
1919068
1936520
1925093
1906070
1926699
1914651
1945900
1917963
1935176
1923085
1923951
1974819
1931930
1905820
1914299
1904992
1916869
1917291
1906069
1917075
1905311
1943060
1912604
1906105
1927436
1908356
1936795
1919321
1934471
1915577
1925789
1963380
1931269
1906740
1906497
1921769
1912611
1925567
1917222
1928138
1926795
1957277
1955171
1905851
1919126
1911624
1921212
1910218
1926225
1931160
1942669
1964447
1965318
1911004
1909321
1922978
1921666
1912091
1926280
1914709
1933340
1951557
1937058
1905809
1916938
1909097
1914196
1955173
1926078
1953323
1932162
1977137
1939193
1905782
1922039
1924975
1914907
1933707
1919565
1924922
1917506
1961673
1920329
1905823
1916576
1908534
1916173
1910937
1915865
1932575
1913235
1990481
1924946
1905814
1931903
1915573
1946685
1924723
1943043
1939124
1930359
1987512
1943561
1911122
1906494
1921682
1932337
1917911
1926555
1916324
1931430
1955758
1932829
1911086
1908624
1913480
1955608
1917287
1939719
1920264
1946954
1967396
1931997
1905551
1905571
1941395
1915114
1943812
1922191
1939072
1933090
1948788
1939770
1905821
1921463
1910985
1924890
1915141
1922543
1927844
1920539
1971952
1929561
1918415
1915281
1908131
1924136
1916074
1928143
1917166
1928732
1984681
1931451
1906026
1926722
1904817
1927547
1908573
1926146
1908374
1932135
1956269
1930981
1928165
1918953
1913644
1927414
1920373
1935756
1928828
1940699
1965455
1934810
1905791
1930245
1912577
1912335
1933833
1920062
1945632
1933112
1973105
1928913
1905807
1915524
1907434
1919106
1912544
1917957
1937803
1915092
1963695
1923745
1905806
1909522
1930208
1919351
1937402
1928228
1956277
1939408
1966261
1952354
1911803
1909579
1921809
1941454
1926532
1943702
1922384
1946981
1957600
1940576
1906062
1915953
1915929
1907882
1923603
1920232
1936321
1934715
1971466
1960411
1905829
1917721
1915827
1917311
1938240
1927968
1946057
1927260
1976898
1944123
1911164
1906375
1922501
1913549
1917473
1930296
1925400
1942341
1960960
1951490
1906037
1928056
1904959
1927004
1905313
1929728
1906746
1906517
1971896
1916150
1905864
1917039
1913254
1927480
1921947
1935155
1952687
1937132
2001729
1946651
1905840
1926190
1907004
1953511
1918907
1933055
1926799
1916897
1958193
1922153
1905806
1915952
1910735
1920212
1912583
1923829
1917435
1922165
1952009
1923323
1906029
1926705
1909288
1927334
1919851
1924020
1945162
1933049
1993690
1943299
1905820
1925010
1905351
1935740
1906077
1932493
1919297
1948657
1970227
1927419
1905820
1920135
1911381
1921288
1912296
1915555
1926958
1920940
1966442
1931773
1918628
1909264
1933356
1913498
1948276
1916283
1930378
1919839
1950307
1932902
1918178
1908555
1932693
1916043
1933422
1915670
1915977
1933152
1924949
1941211
1906088
1914558
1924447
1916106
1930272
1923720
1931465
1922391
1949498
1958302
1911739
1911311
1929791
1911779
1914913
1934474
1930199
1945266
1959993
1956053
1905859
1934482
1915831
1938733
1924983
1927762
1938829
1932127
1967169
1941777
1905858
1918558
1923387
1916797
1930072
1923549
1933182
1930030
1956194
1958206
1917711
1911831
1933669
1920227
1920967
1935363
1923077
1936357
1959422
1937398
1905643
1930892
1918793
1912322
1921463
1912832
1926356
1915885
1944458
1923718
1910656
1909876
1912929
1935297
1918451
1949353
1932903
1954611
1959701
1941210
1917698
1905318
1929550
1911596
1914865
1932693
1927441
1943913
1981971
1945759
1905818
1933198
1918618
1932151
1923280
1935981
1944941
1929548
1974814
1936637
1905797
1924243
1909071
1934890
1918627
1935570
1921701
1923781
1951535
1924723
1905834
1915302
1906058
1907923
1915404
1910918
1918088
1914689
1954700
1927720
1905559
1920580
1913652
1927613
1939242
1924958
1956707
1934070
1982305
1939866
1905797
1906951
1921980
1912791
1926043
1916316
1925426
1916440
1939476
1945579
1905786
1908568
1937329
1921644
1953328
1930070
1944760
1944540
1959254
1948013
1905789
1928358
1911536
1936063
1912252
1928402
1910024
1909489
1944431
1908711
1916795
1906154
1937120
1910460
1912209
1929963
1925892
1943260
1961477
1945730
1911377
1908427
1924023
1910202
1914113
1935340
1915570
1928943
1948014
1935273
