1907249
1914816
1922638
1913148
1906779
1923321
1945865
1908806
1914223
1920997
1916866
1905101
1917616
1904794
1905259
1911413
1906953
1936329
1906042
2009070
1904852
1916539
1904873
1925264
1905183
1913204
1906247
1908025
1915423
1964505
1920981
1904879
1904873
1917152
1905106
1913747
1930375
1934813
1905404
1931934
1910037
1904796
1915690
1921201
1904948
1911946
1905624
1914804
1906099
1909896
1904809
1911411
1904795
1904950
1914764
1904793
1909077
1904792
1913462
1944577
1919286
1904794
1909301
1904795
1911391
1905105
1905105
1909601
1917559
1974719
1909694
1904872
1928125
1904949
1905032
1909656
1906037
1914547
1909119
1999923
1910664
1909080
1904871
1916009
1905262
1910836
1907054
1926343
1907235
1951999
1904811
1904794
1904952
1951513
1905278
1911944
1905196
1913557
1906793
1919451
1904820
1917904
1904886
1910675
1904871
1910143
1904870
1917278
1904950
1960320
1904817
1904809
1904795
1905027
1918206
1904795
1910110
1904949
1921144
1916153
1904846
1904809
1910974
1904791
1916874
1904796
1909716
1905040
1909611
1976094
1905227
1918181
1904793
1910783
1905184
1904873
1914299
1904948
1909975
1985474
1909694
1904798
1916044
1904795
1909670
1905030
1921396
1905368
1916188
2017705
1926465
1921852
1910910
1904872
1910337
1905260
1917745
1904949
1910216
1905171
1904906
1919607
1904795
1911109
1904950
1913757
1904795
1917595
1904873
2008575
1904903
1912266
1904809
1917340
1904953
1910804
1904950
1911464
1904950
1981483
1904876
1918360
1904852
1910847
1904924
1910613
1904872
1916341
1904950
1982893
1904874
1910668
1904950
1911767
1905275
1916242
1904950
1904795
1905027
1939817
1928500
1904870
1911397
1904793
1905199
1922690
1904872
1912976
1905102
1990571
1904870
1917766
1904795
1911295
1904870
1910754
1904793
1905027
1904951
1924936
1910208
1904873
1910598
1904791
1936724
1904794
1913256
1904793
1910562
1958453
1904948
1927846
1904796
1911213
1904795
1911058
1904951
1917707
1904792
1958934
1904808
1911397
1904809
1917577
1904794
1909856
1905029
1910733
1904874
1968923
1904852
1909482
1904887
1916669
1904793
1910908
1904873
1920333
1904794
1979774
1923007
1904809
1921660
1904809
1905041
1905105
1905111
1911204
1904871
1982197
1904811
1904795
1904795
1904875
1910094
1904870
1923366
1904872
1917388
1974036
1904864
1911582
1904810
1918296
1904873
1910776
1904871
1911122
1904873
1967926
1904810
1913479
1904795
1911160
1904870
1918579
1904793
1911757
1904873
1990652
1916160
1904795
1909713
1904793
1910957
1904950
1916376
1904870
1924033
1970451
1910413
1904807
1916951
1904886
1910587
1904808
1922380
1904870
1904862
2021506
1904866
1911312
1905353
1917977
1904872
1911420
1905104
1912869
1904870
1927542
1904923
1904948
1910607
1904949
1910312
1904949
1926418
1904869
1911628
2033128
1904854
1912897
1904809
1918150
1905120
1911375
1904870
1910904
1904871
2079370
1904815
1919390
1904793
1910983
1904872
1911483
1905028
1917379
1904949
1974495
1904809
1909858
1904950
1904819
1904792
1904869
1911374
1904793
1917016
1946545
1910316
1904869
1910382
1905102
1919127
1904852
1922470
1904808
1919262
1996162
1909900
1904795
1905123
1904791
1904878
1905024
1904872
1911779
1904871
1938381
1911040
1904889
1921212
1904888
1920343
1904873
1912524
1904872
1910883
1968235
1904906
1918395
1904810
1911658
1904873
1911655
1905028
1920043
1904964
2027524
1910362
1904807
1911967
1904808
1919070
1904808
1919679
1905105
1921930
2014855
1904851
1921517
1904811
1911417
1904795
1918580
1904792
1910538
1905104
2002998
1904852
1912990
1904809
1919050
1904808
1911623
1904950
1912115
1905104
2072616
1904870
1910121
1904794
1917825
1904950
1923855
1904870
1911716
1905265
1944507
1904871
1904876
1904792
1904876
1911897
1904950
1912010
1904948
1917987
2046993
1928658
1904968
1911742
1904871
1911670
1905107
1916712
1904870
1910889
2001246
1910477
1904888
1905027
1920152
1905184
1911464
1904951
1910690
1905027
1988223
1904810
1919360
1904794
1910695
1904796
1910499
1904870
1929293
1913445
2004083
1904863
1904811
1909355
1905566
1933342
1905183
1914479
1905183
1919115
1905090
1919066
1904791
1911610
1904873
1917626
1904949
1910387
1905029
1910998
1926906
1904809
1917027
1904797
1910939
1904794
1911490
1904949
1917547
1905102
1987763
1909466
1904809
1909998
1904795
1917184
1904869
1911339
1904873
1923438
1922852
1910252
1904808
1917796
1904870
1911198
1905027
1921585
1904951
1917713
1968139
1917202
1904873
1909874
1904872
1904870
1919877
1904795
1911353
1904795
2093068
1911242
1904964
1910346
1904883
1931758
1904965
1913327
1904870
1910969
1937961
1904826
1915914
1904964
1904806
1904792
1904966
1918202
1904872
1910993
1914087
1910537
1904808
1909703
1904793
1919079
1904794
1923382
1905030
1910995
1918616
1910205
1904822
1917959
1905025
1925359
1904950
1912157
1905028
1917113
1946525
1905102
1920149
1904875
1912855
1904798
1918987
1904871
1912173
1904875
1941753
1911760
1904928
1920211
1904809
1912406
1904792
1911640
1905264
1918474
2054308
1904808
1928566
1904799
1912030
1905027
1910737
1904950
1916869
1904951
1924584
1904914
1911058
1904811
1910546
1904871
1904871
1904872
1905029
1919982
1963512
1904807
1917427
1904795
1912503
1904871
1911323
1904871
1927912
1904794
1972421
1910834
1904795
1910294
1904793
1929608
1904793
1912129
1904887
1910746
1921495
1919738
1904815
1919690
1904794
1912164
1905028
1912358
1919806
1904808
2105613
1904913
3417013
1913313
1905025
1919692
1905413
1913989
1922578
1914120
2202448
1904871
1911818
1904795
1918550
1904792
1922504
1904794
1905106
1917023
2145381
1918965
1904888
1922131
1905121
1912916
1904949
1911948
1904793
1920320
2181035
1904811
1911299
1904887
1920124
1904871
1904885
1912772
1904950
1911933
2007403
1910740
1904809
1919393
1904887
1911604
1904792
1913131
1904949
1918380
1959256
1920299
1904887
1923359
1904810
1904856
1913005
1948170
2052982
2151898
2022356
1904867
1924953
1904808
1912139
1905009
1904965
1925599
1904871
1913265
1972445
1922279
1904811
1904809
1913341
1904951
1911263
1904870
1918049
1904951
1990311
1904857
1910574
1904794
1917618
1904795
1911327
1904950
1910548
1904872
1958638
1927533
1904810
1911436
1904948
1910950
1904951
1917069
1905201
1910150
1949946
1904877
1910576
1904949
1917608
1904794
1910682
1905028
1911044
1905435
1965374
1904919
1917852
1905027
1904872
1911004
1904949
1918167
1905499
1912446
1978925
1904869
1922845
1904792
1918876
1904870
1911811
1904945
1912140
1905259
1954605
1904811
1917681
1904794
1910605
1904874
1904871
1916640
1905104
1924693
2156166
1904810
1910768
1904872
1922959
1904949
1911291
1904793
1920858
1904794
2048444
1917835
1904797
1910449
1904949
1925786
1904874
1918429
1904795
1912140
2128929
1904866
1919514
1904809
1918198
1904794
1910688
1904952
1904869
1924436
2006261
1918961
1904808
1911235
1904809
1911823
1905725
1918984
1905024
1911817
1904859
1904848
1909754
1904797
1918393
1904871
1910514
1904792
1919229
1904873
1964192
1904809
1910640
1904886
1916620
1904811
1920380
1904950
1912190
1904950
1969117
1904846
1918513
1904888
1911085
1904947
1917945
1905030
1911801
1904795
2008831
1916863
1904890
1917628
1904951
1911872
1905188
1910945
1904951
1917148
2023451
1917308
1904808
1909862
1904852
1919884
1904808
1947410
1904794
1917076
2083117
1914184
1904810
1911902
1904948
1918940
1904952
1912867
1905123
1911904
1905822
1909957
1904809
1916565
1904871
1925604
1904950
1912009
1905029
1915530
2005791
1904876
1911041
1904792
1925876
1905182
1918513
1904795
1912546
1904872
1973891
1904977
1910132
1904808
1929137
1904792
1912274
1904870
1910353
1905028
1933273
1904874
1911622
1904871
1910682
1905028
1917070
1904793
1910359
1904873
1938262
1904812
1918648
1904806
1910391
1904873
1910967
1904792
1917159
1904945
2005803
1909699
1904888
1919124
1904874
1919327
1905028
1911005
1904931
1911114
1915948
1904810
1910355
1904871
1910754
1904794
1930371
1904948
1912429
1905106
1992060
1917254
1904808
1911322
1904873
1918433
1905026
1911910
1904872
1912370
1961204
1904827
1911912
1904806
1904967
1904868
1904793
1919663
1904794
1922100
1957707
1904811
1910096
1904807
1909517
1904809
1930102
1904919
1920532
1904807
2027412
