1740639
1475114
1410315
1452713
1333357
1338264
1333410
1333362
1746734
1333408
1697038
1481511
1481628
1481729
1769082
1481506
1485353
1481566
1669474
1904933
1904806
1910361
1904792
1909008
1928880
1905106
1910316
1905053
1910966
1904949
1917257
1904797
1915470
1904795
1904796
1917971
1541898
1890902
1695960
1914594
1839150
1562972
1485794
1481566
1481508
1773232
1481508
1493991
1629348
1892178
1719428
1481507
1488267
1481506
1486008
1481507
1490757
1481506
1511967
1931376
1743393
1481507
1490945
1481506
1485327
1481567
1481506
1492463
1639610
1915044
1904855
1917055
1904794
1909590
1904795
1904794
1909778
1922214
1909742
1904871
1929626
1512620
1491013
1481506
1481505
1692963
1481506
1760014
1746842
1906500
1916607
1904796
1904847
1920127
1904794
1909579
1904792
1761432
1924429
1917025
1594819
1481508
1486648
1481505
1481506
1742108
1481505
1491283
1536936
1905404
1718867
1481507
1488796
1481507
1491631
1481506
1481506
1486853
1481613
1915641
1721976
1481506
1481567
1486477
1481508
1485491
1481506
1500494
1917419
1910942
1874326
1481527
1732764
1481505
1491087
1481508
1545201
1630842
1929199
1908298
1711705
1481508
1491188
1481506
1485112
1481506
1486344
1481506
1769711
1911751
1910826
1481504
1609752
1618145
1481505
1492785
1481508
1485918
1481507
1839120
1669093
1493182
1481507
1481505
1486902
1481505
1486208
1481506
1509737
1916934
1919603
1904807
1910215
1904794
1909275
1904794
1872947
1733529
1927042
1904794
1908870
1904792
1918827
1904792
1917490
1904795
1910392
1911651
1919192
1908107
1916395
1904807
1917972
1904793
1909597
1904794
1904794
1904794
1904813
1905608
1916242
1904794
1909312
1904793
1915860
1939346
1904807
1911342
1914493
1909986
1716898
1485868
1481505
1485636
1481505
1481507
1500275
1481562
1486246
1556360
1722915
1481510
1486299
1481509
1481507
1485788
1481506
1491573
1481507
1743125
1910483
1904792
1909084
1904791
1927550
1904793
1910200
1904795
1909617
1933763
1915821
1904808
1917125
1904793
1917238
1904794
1904793
1904906
1904853
1835201
1736698
1487077
1481505
1481504
1486176
1481508
1502609
1481507
1481507
1684933
1700338
1492511
1481577
1494368
1481513
1481507
1481562
1481505
1487104
1785751
1736891
1485574
1481506
1481506
1501663
1481506
1486725
1481507
1481506
1592975
1904806
1910142
1904794
1908943
1904795
1927282
1904793
1917651
1914807
1824013
1723666
1481522
1481506
1501302
1481507
1486929
1481506
1481508
1486045
1768881
1915372
1904809
1909694
1904795
1909773
1904792
1826612
1481506
1905320
1917797
1915432
1904793
1916237
1904793
1910647
1904792
1912949
1913373
1947103
1910023
1904810
1910336
1670764
1481507
1754323
1481508
1671673
1558887
1810565
1937566
1690246
1481505
1481507
1487313
1481507
1485654
1481507
1481506
1536254
1845938
1693890
1481519
1501029
1481506
1486180
1481506
1481505
1486172
1481507
1579731
1904810
1909248
1904795
1916913
1904795
1801292
1481505
1737906
1837094
1922620
1904809
1910102
1904795
1917855
1481568
1491839
1481677
1481507
1790161
1768885
1904807
1915725
1904795
1916873
1904792
1904852
1919211
1915628
1910967
1924314
1920149
1481507
1492097
1481508
1481507
1765772
1481506
1617386
1599351
1897216
1716719
1481522
1489704
1481506
1486363
1481507
1481506
1493247
1481506
1623390
1910676
1904810
1916516
1904791
1909452
1904794
1918835
1904794
1926030
1908368
1915333
1904808
1909633
1904796
1916626
1904791
1909595
1904796
1916316
1753953
1915561
1904807
1909128
1904792
1917061
1904792
1915964
1920082
1923397
1908661
1910160
1904874
1904793
1904795
1904860
1913683
1905972
1917248
1915168
1914802
1904810
1909189
1904794
1925096
1904795
1910385
1904793
1915263
1904792
1867642
1740347
1485681
1481507
1481507
1486378
1481506
1500291
1481506
1481506
1783215
1915206
1904795
1916212
1904793
1910698
1904794
1909227
1916506
1920781
1912085
1919235
1904795
1909210
1904794
1909473
1904793
1924632
1920392
1908716
1886067
1904808
1915392
1904795
1917228
1904794
1910039
1904794
1908951
1927451
1930124
1705759
1492970
1481507
1486315
1481506
1481506
1493714
1481507
1481507
1493333
1733685
1481504
1481508
1485970
1481506
1481506
1481506
1481507
1486723
1542847
1702879
1481568
1481508
1492519
1481507
1481507
1486404
1481506
1493555
1481509
1921545
1904807
1916440
1904794
1909578
1904793
1915849
1904829
1909698
1784740
1904981
1909585
1904793
1917138
1904794
1909278
1904794
1920204
1904791
1929362
1904809
1917200
1904792
1916920
1904977
1930406
1904794
1939321
1905289
1914274
1904808
1909736
1904792
1916772
1904795
1908971
1904792
1916773
1914059
1942957
1904808
1909509
1904796
1921930
1904794
1917304
1904794
1909849
1904796
1923727
1904976
1909715
1904795
1917836
1904792
1912652
1904792
1915527
1905350
1931735
1909687
1904795
1904794
1904794
1904796
1904795
1904794
1918754
1904792
1915465
1916390
1904797
1918763
1904794
1910199
1904794
1915899
1911800
1921560
1909374
1904810
1904871
1910335
1904794
1917348
1904793
1917429
1904794
1910243
1911302
1922873
1904791
1910712
1904792
1909242
1904795
1915988
1904795
1929305
1904793
1904850
1908976
1904795
1916451
1904793
1917595
1904795
1911199
1910696
1924243
1909405
1904798
1924969
1904793
1909955
1904795
1909432
1904818
1923862
1916526
1904855
1909171
1904794
1915859
1904794
1916329
1904794
1909830
1904793
1921978
1904812
1909197
1904796
1922778
1904797
1909215
1904793
1918578
1904809
1931486
1916033
1904809
1918535
1904808
1910738
1904795
1916879
1913752
1920746
1762810
1904808
1915947
1904795
1908915
1904793
1916379
1904793
1904843
1904793
1948194
1906308
1904791
1910324
1904792
1918260
1904795
1915630
1914028
1831830
1923901
1909720
1904808
1928594
1904795
1911005
1904792
1916164
1917459
1881107
1921350
1916816
1904794
1909743
1904795
1915962
1904794
1916488
1920137
1931969
1917863
1904810
1909833
1904794
1917389
1916346
1914790
1929882
1904949
1910382
1904912
1910568
1904814
1916705
1904794
1917975
1904794
1909824
1917053
1837572
1904794
1904807
1908784
1904794
1926014
1904795
1916119
1904792
1916154
1804620
1880426
1917443
1904792
1904794
1910193
1904794
1915576
1904794
1947383
1915644
1942010
1909341
1904791
1924737
1623265
1481506
1481506
1481508
1732715
1789535
1920401
1705461
1641201
1552953
1529189
1657372
1481508
1765718
1481567
1797932
1911887
1904819
1914584
1904808
1926152
1904854
1911005
1904796
1910418
1904796
1923217
1729334
1492525
1481508
1481507
1752578
1481507
1486267
1481507
1572608
1944034
1904809
1909713
1904859
1904794
1904794
1904793
1904792
1905071
1910694
1870692
1904811
1914347
1904792
1917329
1904793
1910591
1904792
1910606
1876417
1691083
1715670
1481507
1777527
1481506
1485883
1481507
1481507
1764729
1481505
1724810
1695401
1481506
1767259
1481507
1618795
1603959
1481507
1481559
1647019
1911510
1904808
1910527
1904794
1917891
1904840
1910600
1904794
1922223
1913477
1843347
1728809
1481507
1493885
1481507
1573307
1652004
1481507
1486785
1481506
1890789
1680765
1491025
1352041
1333355
1491872
1481569
1487137
1481505
1481506
1750296
1700564
1481507
1487157
1481567
1500455
1481507
1481506
1487219
1481506
1618067
1915985
1904806
1910832
1904794
1909712
1904796
1915867
1913933
1925285
1706217
1909128
1904793
1925540
1904849
1911540
1904793
1909841
1882701
1920263
1907239
1728275
1481504
1707492
1506944
1546404
1676438
1481504
1491741
1481506
1746808
1723707
1481508
1677775
1559041
1485603
1717925
1481506
1765516
1481502
1823249
1909648
1904792
1916734
1904794
1917088
1904792
1910018
1910715
1913411
1925647
1904823
1919700
1904792
1910002
1904791
1909666
1904794
1929265
1904795
1799994
1719119
1485611
1481506
1492487
1481507
1481506
1492271
1481507
1481506
1909742
1909965
1904792
1916807
1562809
1481507
1481507
1481506
1701175
1923533
1924528
1718972
1774588
1481507
1762446
1481505
1490946
1481506
1481507
1492605
1904792
1909569
1904795
1915127
1904795
1917201
1904794
1910316
1904832
1909614
1915301
1911842
1904809
1918086
1904792
1909403
1904793
1917449
1905794
1923130
1905631
1915549
1904794
1915728
1904791
1910090
1904795
1916251
1905857
1915401
1797441
1904818
1909508
1904794
1909127
1904794
1916691
1905005
1917826
1904792
1949544
