3983449
2687058
2304633
2228203
2256490
2222250
2256203
2222323
2243876
2228567
2227110
2250983
2222309
2260214
2234976
2222251
2227188
2222394
2222292
2228674
2231545
2222308
2227644
2229665
2222251
2228647
2235296
2222460
2237850
2222827
1904805
1904837
1915213
1912772
1911274
1904821
1904782
1915909
1931574
1915043
1904827
1904812
1918439
1912710
1911888
1904812
1904813
1905134
1920582
1919596
1904791
1915457
1910208
1911501
1904809
1904807
1916755
1911072
1910507
1904969
1904868
1904818
1904788
1914804
1926486
1904787
1904785
1904804
1911221
1917464
1909162
1912626
1904786
1904786
1904786
1915493
1910616
1917851
1904786
1904786
1909593
1904786
1904786
1904786
1912165
1918883
1904787
1904786
1904786
1916374
1915088
1904786
1904800
1904908
1922173
1911270
1909395
1904790
1904786
1904786
1909237
1914404
1918183
1904786
1905134
1904787
1918520
1909360
1904825
1904806
1904842
1909485
1913164
1923525
1904785
1904788
1913073
1911043
1917720
1904864
1904832
1904786
1904785
1911875
1911706
1918915
1904912
1904806
1904785
1910680
1909561
1914454
1915757
1904787
1904786
1904927
1910797
1916361
1904787
1904804
1904806
1904789
1904787
1921124
1919069
1915376
1904786
1905006
1904864
1919023
1908890
1923015
1909907
1904786
1904913
1904806
1916093
1911616
1904908
1904927
1909227
1904786
1904786
1904926
1935111
1914135
1904786
1904785
1904786
1914685
1918434
1909679
1910009
1904805
1904868
1904923
1909895
1910358
1904787
1904806
1904830
1915746
1915059
1911826
1904911
1904788
1904787
1916595
1909452
1905021
1904836
1904805
1909650
1910657
1904919
1904785
1904805
1909452
1911306
1924511
1904804
1909545
1911348
1919089
1904901
1904788
1904788
1914368
1917564
1904786
1904796
1910004
1918708
1904786
1904787
1904932
1912961
1915599
1911264
1904817
1909203
1914634
1904829
1905009
1904814
1910725
1918765
1904813
1926862
1904933
1904867
1904789
1904814
1910898
1911953
1904808
1904785
1904818
1910558
1917003
1904826
1904814
1910633
1911329
1930507
1904812
1904830
1910098
1911363
1924056
1904837
1904817
1910058
1916128
1904930
1904821
1904810
1908926
1921678
1909938
1734768
1481538
1481537
1481641
1481529
1500466
1492319
1487190
1487374
1491819
1914180
1910274
1904936
1904895
1904787
1912547
1909399
1904934
1904813
1904826
1904863
1904809
1909331
1910561
1904825
1904812
1904822
1909066
1914027
1919293
1904823
1904831
1908308
1920466
1912863
1904787
1904786
1904818
1917286
1913563
1909331
1921190
1904788
1904865
1912060
1913727
1917378
1904787
1904805
1904990
1914092
1914152
1904807
1904785
1904911
1918595
1910099
1910623
1904784
1904787
1913524
1909894
1904788
1904787
1921146
1911781
1910373
1904915
1904864
1904806
1908926
1904789
1904786
1916303
1912554
1910465
1904788
1904882
1904786
1913105
1904791
1904805
1919191
1919874
1912914
1904788
1904787
1904787
1910141
1914049
1904828
1922924
1909254
1904909
1904786
1904864
1917919
1910622
1910984
1904787
1914250
1914232
1909517
1904786
1904805
1904909
1910304
1910599
1904807
1904786
1913511
1910308
1904786
1904806
1904908
1911658
1909834
1904786
1904786
1904786
1904790
1910536
1915977
1916832
1904785
1904909
1909893
1909358
1924611
1904786
1904794
1904805
1914809
1913584
1913083
1904805
1904787
1904865
1911096
1913782
1904789
1904787
1921126
1909832
1905076
1904786
1904788
1910329
1912617
1918705
1908714
1914801
1915003
1904865
1904787
1904786
1919260
1909690
1904804
1904786
1908713
1914813
1904806
1904787
1904787
1911894
1920212
1904787
1904787
1904864
1909178
1914220
1914147
1904788
1904806
1904785
1919303
1910774
1904806
1904787
1908784
1904809
1904787
1904821
1910539
1921552
1921277
1904785
1904835
1904788
1904834
1904808
1914887
1914281
1910935
1904891
1904822
1904808
1915680
1911592
1912637
1909523
1904788
1904823
1904923
1911403
1909201
1904808
1904813
1904814
1904813
1908771
1915063
1913809
1904919
1904935
1909715
1919384
1910932
1904809
1904828
1904815
1916199
1910420
1913551
1904893
1904813
1916147
1931129
1914976
1913965
1904831
1904810
1904818
1912343
1919569
1904808
1904809
1904813
1912687
1912672
1910562
1904786
1904805
1904818
1910179
1909088
1904806
1904816
1904786
1909263
1914979
1904834
1904822
1904932
1909947
1920470
1904786
1904949
1904809
1912933
1909651
1904787
1904818
1904950
1918204
1909394
1904814
1904838
1904810
1909279
1904788
1904809
1904787
1923008
1912189
1904901
1904785
1904807
1920135
1904797
1909084
1918130
1911622
1904786
1904828
1914345
1916290
1911346
1904786
1922069
1904786
1904786
1904788
1915102
1921333
1904806
1904787
1904786
1915417
1914257
1908832
1904788
1904786
1905006
1920396
1909764
1912627
1904915
1904789
1904852
1904788
1909987
1916912
1911551
1904913
1904816
1904788
1915206
1917271
1911189
1917753
1904804
1904821
1904936
1911191
1917437
1910093
1904891
1904846
1904849
1904787
1922020
1911697
1904948
1904812
1904788
1910854
1912278
1920467
1904821
1908882
1914365
1904813
1904866
1904910
1914422
1910415
1937667
1904912
1904788
1904805
1924309
1910267
1913076
1904822
1904838
1904810
1910959
1911526
1908915
1904897
1904786
1904785
1921726
1915142
1909217
1904893
1904786
1904865
1904993
1904812
1904809
1915391
1912192
1920598
1904808
1905052
1904945
1911935
1726814
1481658
1491061
1491949
1488279
1496758
1485772
1485615
1481628
1481583
1909190
1904808
1904830
1904891
1909690
1911389
1904831
1904815
1904788
1912117
1913491
1904787
1904813
1904809
1910244
1919581
1914636
1904864
1904830
1904809
1909096
1914404
1904828
1904808
1919108
1912294
1909516
1904807
1904787
1904809
1914190
1914797
1904809
1904822
1904931
1909516
1914516
1909261
1904864
1904809
1904786
1909552
1915093
1904786
1905018
1904908
1909932
1909980
1924040
1904839
1904789
1908734
1914602
1914324
1904917
1904886
1904809
1918017
1911377
1904828
1913642
1917480
1913638
1904910
1904809
1904788
1913756
1909316
1926395
1904913
1908746
1913840
1914735
1904813
1905033
1904809
1909358
1914941
1904872
1904786
1904999
1904815
1904830
1911310
1921563
1911080
1904806
1904815
1932234
1919298
1915146
1909761
1904785
1904867
1904931
1911691
1908914
1913831
1904787
1905096
1904794
1912285
1914859
1912364
1904912
1904787
1904809
1916206
1933366
1904787
1904786
1905220
1904807
1910292
1912536
1904913
1904928
1904787
1922209
1916932
1904807
1934904
1909490
1911833
1923489
1920271
1909322
1904787
1904787
1904789
1909588
1904786
1904786
1904787
1919951
1911140
1904786
1904786
1904787
1918392
1904831
1904879
1909598
1910087
1923120
1905255
1905023
1905039
1911845
1926522
1904799
1904809
1904786
1917834
1915957
1904804
1904865
1904876
1910118
1917516
1913558
1909040
1904787
1905012
1904786
1920317
1909819
1913512
1904786
1904786
1904814
1904787
1915813
1911055
1914414
1904790
1904789
1904788
1917012
1913121
1913486
1904786
1904787
1904805
1910519
1920064
1914606
1904930
1925198
1904786
1904813
1914399
1910012
1904790
1904919
1904807
1916981
1910411
1910716
1905146
1913625
1909940
1904788
1904888
1912414
1920136
1909938
1904808
1904912
1904787
1909343
1908624
1904814
1904788
1904931
1911112
1920005
1906350
1905047
1904966
1904827
1915395
1909557
1917881
1904935
1904902
1904810
1909420
1920281
1904804
1904905
1912288
1915426
1910352
1904824
1904929
1909809
1916958
1911602
1904866
1904789
1904830
1914290
1916294
1912203
1904866
1904818
1928893
1932048
1911469
1908601
1914786
1914554
1904938
1904827
1904813
1920404
1910766
1904826
1904823
1904791
1904809
1904829
1913643
1911827
1904813
1904830
1904814
1924660
1910124
1904863
1904818
1904808
1908799
1914925
1904812
1904787
1904818
1909871
1922771
1904868
1909856
1909224
1917468
1904937
1904813
1904826
1910479
1926320
1911547
1904881
1904809
1904885
1915988
1910075
1905039
1905006
1905207
1912058
1909340
1904888
1914323
1909499
1904817
1904941
1904824
1909941
1912096
1919518
1904813
1904828
1914940
1909858
1912030
1904935
1904887
1904812
1910414
1911438
1904814
1909813
1910464
1904808
1904953
1904789
1911342
1909821
1918334
1904786
1904823
1909251
1914871
1913426
1904900
1904864
1904907
1917819
1909727
1904809
1904926
1913761
1914010
1904812
1904904
1904810
1921882
1909949
1904807
1904821
1904822
