1488702
1481723
1502530
1481685
1756514
1489850
1481750
1590205
1568627
1334558
1792938
1590393
1486691
1481514
1481509
1773648
1481507
1486602
1712736
1915551
1911220
1904793
1916522
1904791
1909740
1904793
1919015
1916323
1905030
1911035
1730208
1481505
1491900
1481506
1486570
1481569
1490120
1481502
1780542
1603948
1917079
1904798
1917301
1904794
1910337
1904792
1904915
1917422
1886741
1895034
1925706
1904794
1918746
1904794
1911793
1904795
1905655
1911123
1829938
1928847
1850383
1481508
1485980
1481506
1490549
1481506
1491732
1481507
1919235
1904796
1720839
1498516
1481508
1481564
1481506
1481507
1486509
1481507
1787446
1905338
1725790
1486747
1481508
1481507
1481506
1481567
1490382
1481506
1545488
1884739
1722628
1481505
1481616
1481510
1486576
1481507
1481509
1492700
1784167
1917367
1910844
1904794
1917938
1904794
1910993
1904795
1911260
1904848
1921178
1732007
1916021
1904791
1910414
1904795
1910395
1904794
1916386
1904796
1913773
1910794
1723919
1485906
1481508
1499242
1481506
1481507
1487034
1481507
1911579
1905173
1916283
1904796
1909769
1904795
1904794
1914266
1904908
1915711
1801068
1486293
1729216
1481502
1497326
1481506
1481507
1481505
1481506
1487257
1555417
1843140
1910260
1904788
1911021
1904794
1925019
1904794
1916952
1815518
1898659
1904811
1923256
1904791
1911034
1904792
1911909
1904795
1916303
1904792
1910861
1905268
1917023
1904796
1910515
1904793
1916901
1904795
1922199
1968485
1900790
1602619
1727525
1486140
1481506
1499379
1481505
1481508
1488092
1481507
1558310
1908810
1735973
1481504
1492445
1481508
1481507
1487768
1481507
1481509
1538448
1905311
1720766
1490820
1481507
1481507
1487307
1481568
1487607
1481507
1871154
1905114
1720590
1492551
1481506
1486360
1481508
1481506
1492704
1481506
1495173
1917278
1747514
1481505
1481506
1481507
1481506
1493294
1481504
1481506
1543442
1904793
1721627
1486185
1481506
1481507
1500652
1481507
1487717
1481508
1498364
1912998
1720801
1600942
1619576
1481507
1492964
1481507
1644058
1577698
1683848
1904795
1725952
1481510
1492322
1481507
1481506
1492128
1481508
1486980
1534836
1905158
1788587
1481508
1494679
1481506
1487419
1481507
1481507
1487250
1631578
1916997
1904850
1910090
1904795
1910251
1904795
1925913
1904794
1912548
1904796
1673304
1725494
1754909
1481565
1491865
1481506
1481507
1487090
1481505
1591959
1908045
1725012
1481505
1492308
1481507
1481506
1487233
1481508
1489238
1520912
1905452
1724609
1729569
1481506
1486804
1481507
1492883
1481507
1481508
1628454
1905960
1723271
1490363
1481506
1481508
1487386
1481505
1492653
1481506
1756913
1906240
1724928
1481519
1486912
1481507
1481507
1493119
1481505
1486713
1481505
1917222
1644230
1333356
1343019
1333358
1333355
1338848
1333355
1333357
1344437
1435267
1727487
1487129
1481505
1481506
1487104
1481506
1492494
1481508
1550190
1912148
1595150
1338083
1333355
1333357
1338897
1333356
1333357
1333356
1333355
1461253
1729828
1481507
1503428
1481506
1481507
1487890
1481506
1487963
1548142
1831623
1721413
1481506
1492824
1481507
1486629
1481620
1493030
1481505
1732361
1919703
1720988
1767063
1481506
1491252
1481506
1481506
1481506
1481507
1575964
1906461
1910678
1904791
1909927
1904796
1925924
1904793
1910929
1931768
1822090
1529515
1643025
1493714
1333356
1344867
1333356
1333357
1389976
1412650
1333356
1574308
1721497
1494777
1481506
1486420
1481506
1481507
1486669
1481506
1550926
1905455
1721028
1486097
1481507
1491249
1481507
1481505
1493681
1481507
1544635
1905685
1721229
1488926
1481506
1493910
1481506
1481507
1487498
1481507
1745717
1905181
1743190
1481506
1481506
1766395
1481507
1492101
1481507
1481506
1661126
1905423
1904808
1916127
1904795
1914408
1904793
1916802
1904794
1912322
1911873
1451025
1732121
1481506
1593559
1637952
1481506
1493137
1481506
1491952
1638415
1911215
1724532
1481505
1486841
1481507
1499283
1481506
1481508
1487177
1517915
1911528
1911740
1481505
1492206
1481509
1481507
1487021
1481506
1487294
1751188
1919201
1904811
1917705
1904795
1741658
1481505
1487580
1481505
1499051
1871386
1910884
1725810
1481507
1481506
1481505
1705428
1520601
1492820
1481508
1607366
1911820
1644774
1333355
1333354
1338409
1333355
1333356
1344007
1333356
1333355
1503197
1724285
1486109
1481507
1491881
1481506
1481508
1487188
1481506
1604797
1898105
1721670
1491044
1481506
1481507
1491925
1481506
1487421
1481506
1514246
1926487
1740262
1481509
1486528
1481509
1488092
1481507
1481507
1493371
1678722
1911764
1720905
1487008
1481508
1491248
1481505
1481504
1492945
1481508
1529722
1904792
1727889
1481504
1487167
1481506
1481506
1769900
1481509
1715741
1789815
1911931
1721971
1481507
1487226
1481511
1682604
1543929
1486472
1481506
1599471
1916639
1904809
1910291
1904795
1916933
1904796
1916433
1904793
1937661
1831457
1715831
1912745
1513600
1497821
1481506
1481507
1762823
1481505
1487381
1688697
1916702
1720905
1494919
1481508
1481507
1487571
1481508
1487324
1481507
1701493
1904792
1721964
1481507
1481507
1481507
1500595
1481506
1481507
1487514
1481507
1858564
1734218
1481507
1486405
1481508
1481507
1724651
1501215
1492273
1602542
1911657
1724415
1489657
1481509
1481506
1764281
1481506
1492574
1481505
1635587
1904794
1904809
1910618
1904794
1923619
1904794
1910887
1904792
1917035
1919075
1527836
1719631
1481504
1491873
1481506
1491179
1481508
1481506
1481615
1715088
1919766
1742825
1481507
1481507
1487715
1481506
1488364
1481505
1481505
1511203
1904791
1720521
1487403
1481507
1481508
1763765
1481504
1492912
1481506
1600811
1905174
1910226
1904791
1915086
1904794
1917957
1904792
1911299
1928516
1911812
1612320
1720158
1492582
1481506
1481508
1494144
1481507
1491540
1481507
1529314
1912171
1911332
1481508
1492407
1481507
1481506
1766670
1481506
1486786
1697845
1883921
1721516
1481507
1498460
1481506
1488557
1481511
1481507
1481506
1772768
1919503
1720553
1481504
1488357
1481508
1576282
1646335
1481505
1493270
1481506
1914329
1643744
1333355
1711149
1333358
1356249
1333357
1333356
1339511
1333356
1617010
1720654
1481505
1493136
1481506
1541679
1677599
1481507
1487133
1596439
1918746
1717761
1481506
1486656
1481508
1481506
1486492
1481506
1499751
1549352
1905175
1706082
1486488
1481507
1481507
1486753
1481508
1492268
1481507
1505108
1912320
1719676
1481510
1486860
1481507
1492822
1481506
1481507
1492650
1517233
1911750
1720963
1481507
1481508
1481506
1487222
1481505
1481508
1487021
1481649
1894917
1716095
1490935
1481506
1481508
1481506
1481508
1486785
1481507
1526575
1905429
1722487
1486454
1481507
1481507
1766282
1481507
1500454
1481506
1612250
1912257
1727027
1481506
1481507
1491124
1481508
1493372
1481506
1481506
1827747
1905238
1731972
1481506
1492646
1481505
1481511
1487473
1481507
1487857
1702643
1927159
1729781
1481507
1486081
1481507
1481506
1492293
1481506
1493429
1481505
1914763
1713269
1481505
1492826
1481507
1486819
1481508
1481506
1487658
1531664
1924184
1721589
1486281
1481508
1481506
1492153
1481505
1493125
1481506
1535458
1895341
1721164
1481505
1481507
1481507
1493179
1481506
1481507
1487405
1481505
1912969
1723599
1491097
1481507
1481504
1492946
1481506
1492282
1481507
1535851
1917999
1904810
1914044
1904795
1913013
1904805
1918623
1904829
1911374
1502160
1672140
1727995
1481506
1481506
1493398
1481508
1486307
1481506
1481507
1492410
1845431
1727658
1481506
1481506
1492253
1481504
1481504
1487718
1481507
1549274
1901263
1679616
1486640
1481508
1486616
1481506
1481507
1492668
1481507
1486756
1904794
1729081
1485999
1481508
1481506
1481506
1481506
1492834
1481507
1560474
1904792
1721351
1497250
1481504
1481508
1774987
1481508
1487439
1481505
1603782
1916694
1904810
1910664
1904795
1910440
1904792
1917294
1904794
1916428
1904794
1911997
1904813
1909492
1904795
1925526
1904793
1910510
1904794
1911298
1861839
1610007
1915646
1904794
1910681
1904794
1917479
1904796
1916424
1906646
1916108
1905130
1904812
1909759
1904794
1924801
1904795
1910963
1904794
1911657
1788328
1626260
1915196
1904793
1917843
1904791
1910471
1904794
1910377
1904792
1836122
1595914
1904810
1917019
1904795
1904795
1904796
1904794
1972392
1925722
1916985
1914848
