1481657
1607112
1615801
1481507
1495893
1481507
1481506
1481505
1481505
1490752
1627501
1333356
1333374
1343856
1333374
1333356
1333356
1333356
1341475
1391345
1656563
1333357
1333355
1333356
1336100
1333353
1333354
1333354
1333355
1518925
1619912
1333356
1341743
1333357
1333357
1483025
1373015
1769729
1376317
1338119
1606357
1345139
1333362
1333356
1337520
1333356
1333355
1344222
1333354
1343127
1446317
1333355
1344605
1430184
1443596
1333356
1333356
1339357
1333356
1487458
1607208
1333356
1333363
1333355
1342427
1333356
1333357
1337778
1333356
1770670
1430957
1342864
1333355
1333356
1341847
1333355
1337899
1333356
1333355
1771771
1626141
1348941
1333356
1333354
1333356
1333356
1336351
1333374
1333373
1404973
1436512
1342429
1333407
1339945
1333354
1341814
1333355
1353063
1629913
1593615
1658232
1333356
1333356
1342069
1333357
1337272
1333355
1333396
1374576
1929213
1633630
1333356
1333356
1333356
1333394
1337864
1333376
1333355
1358505
1928008
1634466
1333356
1341399
1333356
1333357
1694268
1333356
1341261
1453401
1840249
1441896
1337929
1333356
1333354
1335901
1333356
1348418
1333355
1333356
1913610
1654837
1333355
1333355
1487860
1333355
1341804
1333357
1333355
1372633
1926088
1495862
1333357
1338382
1333356
1342278
1333355
1333357
1343912
1333356
1333680
2866642
1333408
1345484
1333354
1333354
1337993
1333355
1333355
1398864
1935003
1610462
1333355
1341797
1333356
1333356
1343333
1333357
1333355
1345289
1457830
1678695
1337830
1333356
1333355
1352618
1333356
1333358
1339114
1333355
1497705
1664188
1333356
1342950
1333359
1333355
1344262
1333354
1333356
1338023
1511096
1637124
1338320
1333356
1333354
1343232
1917311
1359611
1333355
1333357
1343814
1547688
1373634
1333354
1343987
1333356
1333355
1344226
1333353
1338409
1360395
1667451
1450381
1333356
1343482
1333353
1333355
1342038
1333355
1333355
1532948
1533112
1333357
1333357
1333356
1350719
1333356
1333356
1339219
1333355
1464517
1595937
1333357
1342588
1333356
1333356
1344056
1333356
1337392
1333355
1470537
1444714
1338045
1333355
1333355
1342538
1333356
1333355
1343016
1333356
1373590
1647578
1333356
1333430
1343867
1333356
1333354
1345259
1333354
1333355
1505992
1708152
1490139
1481506
1481506
1493209
1481506
1481507
1481505
1511408
1921032
1637739
1333354
1343026
1333355
1333357
1350912
1333357
1333356
1338699
1452371
1494869
1338154
1333354
1342112
1333357
1333356
1345263
1333356
1333355
1415945
1656272
1333355
1338060
1333355
1333355
1342473
1333355
1333355
1344068
1476407
1696579
1492714
1481506
1481506
1492015
1333355
1333355
1473852
1401376
1920100
1663833
1446247
1333357
1410053
1404689
1333356
1339269
1333356
1333355
1411224
1752344
1333355
1337438
1333356
1333356
1351489
1333355
1333355
1339805
1527252
1686474
1333356
1333357
1344462
1333356
1333354
1343289
1333354
1333354
1475965
1646102
1333356
1338928
1333356
1333355
1338447
1333356
1333356
1350570
1443424
1720500
1498313
1481505
1481505
1487249
1481505
1481507
1486384
1554036
1878384
1704596
1364782
1333357
1349843
1333356
1340137
1333355
1333355
1338221
1791197
1668250
1333355
1338600
1333354
1333356
1350116
1333356
1338747
1333356
1333356
1443735
1333357
1333357
1337438
1333356
1333356
1342171
1333354
1333357
1410253
1612832
1333355
1344307
1333356
1342310
1333353
1333356
1339036
1333356
1422115
1475932
1333356
1333355
1350565
1333356
1333354
1338989
1333357
1338209
1389602
1668870
1337925
1333356
1333357
1350879
1333355
1333356
1339490
1333355
1444557
1442618
1479448
1333358
1341676
1333356
1333355
1514894
1502236
1350700
1913498
1646330
1333357
1342887
1333357
1333355
1343238
1333356
1333354
1338838
1333840
1435045
1338047
1333355
1333355
1349399
1333356
1333356
1342164
1333356
1371858
1683878
1481506
1481508
1481506
1492708
1481506
1481506
1489780
1482081
1756425
1653407
1333355
1339057
1333356
1333355
1343024
1333357
1333355
1341678
1534562
1726812
1481508
1481505
1491337
1481506
1492447
1481506
1481507
1686024
1905987
1440953
1333355
1333355
1343614
1333356
1333355
1345420
1333354
1333357
1339784
1674480
1333355
1345812
1333356
1338599
1333355
1333357
1343885
1333356
1440798
1542152
1333357
1351727
1333355
1333357
1339027
1333356
1333356
1339010
1393031
1704223
1333356
1333356
1351785
1333356
1333356
1339583
1333355
1333356
1438617
1489603
1338208
1333356
1333355
1351277
1333356
1333356
1339215
1333354
1351212
1828793
1590200
1481506
1489826
1481581
1494899
1481510
1486363
1744273
1916271
1424973
1338289
1333355
1333356
1343136
1333357
1333356
1333357
1333356
1338760
1655730
1333357
1333354
1341413
1333356
1333356
1338798
1333357
1333356
1503484
1422427
1343206
1333357
1333354
1342829
1333355
1333356
1339271
1333357
1365088
1678697
1333355
1349268
1333356
1333355
1338840
1333356
1333356
1338139
1451607
1525145
1333356
1333355
1349874
1333354
1333354
1339759
1333356
1333356
1496328
1691035
1481641
1487044
1481507
1481507
1481506
1481507
1488263
1676603
1922112
1434361
1718384
1333355
1338199
1333354
1333354
1354336
1333355
1333357
1514514
1732402
1481507
1481505
1486042
1481507
1498055
1481507
1481506
1534865
1917764
1532621
1333355
1339048
1333356
1333355
1333356
1333354
1346709
1333356
1446265
1716845
1492073
1481505
1491756
1481506
1481506
1486918
1481506
1581471
1907647
1537592
1346008
1333355
1333355
1339001
1333355
1333356
1339165
1333357
1721162
1663469
1481506
1481506
1499539
1481506
1487007
1481506
1481506
1486545
1897104
1678140
1492497
1481506
1481505
1498585
1481506
1487528
1481507
1536925
1912832
1711996
1487324
1481507
1485455
1481506
1481508
1497606
1481505
1481640
1874752
1712475
1748260
1481506
1485178
1481506
1481506
1491162
1481507
1590874
1883615
1729632
1481506
1481507
1493329
1481507
1485896
1481504
1481505
1487495
1907508
1431355
1338084
1333354
1333353
1344923
1333357
1333355
1344056
1333357
1597419
1724118
1481506
1486557
1481506
1481507
1491991
1481505
1487024
1481506
1888003
1472226
1333355
1344875
1333355
1336944
1333355
1333355
1344088
1333355
1419910
1660496
1333356
1333356
1337643
1333355
1333356
1343894
1333355
1333357
1540556
1456846
1344131
1333356
1333355
1337387
1333356
1371364
1467888
1333354
1512640
1713778
1481505
1493353
1481506
1485196
1481507
1481507
1487024
1537194
1919069
1648023
1333355
1345342
1333357
1333356
1344774
1333356
1333355
1338716
1527331
1617507
1349256
1333356
1333356
1339314
1333356
1333356
1339258
1333355
1357233
1685532
1481507
1481507
1481508
1485644
1481505
1481507
1492119
1511174
1932782
1715044
1491939
1481506
1492703
1481506
1481508
1486592
1481505
1528047
1852214
1516874
1333356
1343299
1333356
1343905
1333355
1333355
1339694
1333355
1390333
1721329
1481506
1491497
1481507
1481506
1493405
1481506
1487834
1717934
1917969
1702289
1764328
1481508
1491344
1481506
1481507
1498780
1481507
1539903
1889786
1652644
1333357
1462858
1333354
1333356
1721401
1333354
1342993
1333356
1687783
1561362
1333360
1378503
1419711
1333354
1427968
1379751
1333356
1475817
1627786
1719072
1486959
1481506
1481506
1486346
1481506
1481506
1481522
1556634
1915169
1639088
1333355
1338768
1333356
1333356
1337689
1333355
1333355
1342986
1546019
1606153
1333354
1337257
1333493
1333357
1346165
1333357
1333356
1345098
1635592
1615969
1344023
1333356
1333355
1337932
1333356
1333356
1333356
1374597
1598486
1681872
1333357
1343643
1333355
1333356
1337857
1333356
1333355
1339431
1479660
1645838
1481504
1487396
1481507
1491810
1481507
1481506
1492077
1525230
1951649
1705215
1481505
1481505
1485461
1481506
1499110
1481506
1481506
1525726
1901045
1547815
1333355
1343010
1333356
1333355
1510812
1333355
1343378
1333353
1482895
1685025
1333356
1333356
1342744
1333355
1333356
1338751
1333355
1333354
1434582
1599001
1343332
1333357
1333354
1342432
1333355
1333357
1333354
1333356
1465593
1641923
1333357
1338939
1333355
1333356
1338136
1333356
1333355
1349070
1445067
1460460
1333356
1333355
1339080
1333356
1333355
1338843
1333356
1333356
1412776
1667338
1345138
1333353
1333356
1342717
1333353
1333355
1338586
1333354
1533864
1501624
1687331
1333355
1349021
1333356
1333357
1333490
1333357
1338631
1785465
