2516902
2121958
2104993
2115308
2111181
2095657
2104726
2097560
2086754
2083291
2079128
2074134
2093830
2083870
2074898
2100419
2088682
2080175
2098915
2098276
1884959
2022237
1901862
1896338
1976290
1952483
1906965
2035691
1864839
2100905
1980622
1900159
1945726
2082967
1999259
1911078
2104584
2060339
1938908
2092217
1891275
1895872
1934601
1920078
1870748
1905350
2066301
1899555
1939942
1912615
1844345
1888537
1909184
1885373
2037614
2018853
2048856
1995628
1798312
1965226
1907990
1899457
1904968
1942537
2059952
1913987
1859179
1980102
1987392
1920627
1900775
1959235
1894678
1919706
1919590
1918981
2021890
1969807
1943426
2011623
1755429
1899634
1917385
1928687
2027686
1901888
1954659
1919992
1926757
1946134
1865146
1803714
1911775
1915535
1846277
1914929
2094622
1908930
1951366
1913848
1903486
2003379
1894107
2016242
1931918
1939689
1826567
2084603
1909740
2045557
2016797
1969563
1989817
1994327
2065997
1979977
1917864
1922320
2105536
2120635
1963428
2090588
1855862
2011876
2010809
2061221
2006985
2064270
1960088
1944628
2006826
1902975
1899948
1910955
1966317
1970358
1937784
2086281
1977774
1926250
1899892
1958400
1982580
1993866
1928627
1911064
2123703
1925634
1937535
1999168
1955523
1930849
1910641
1902498
1921235
1792959
1933939
1822720
1898984
1946145
1894378
1922057
1872383
1888446
1980442
1889964
1938931
1892812
1871786
1981262
1916417
1889342
1928576
1893896
1919973
1942563
1897153
1933865
2064981
1894508
1902325
1895557
1979573
1896846
1920248
1936114
2020834
1951618
1906845
1992096
2053393
1781813
2033530
1978182
1955438
2008699
2077465
1998173
2012131
2093508
1971788
2038536
1892401
1955803
1999103
1903452
1963280
1897851
1918140
1861109
1946808
1905533
1955299
1891394
2012830
1940880
2020400
2040077
1953802
1925533
1834029
1923636
1981593
1912791
1877523
1963211
1999157
1979464
2088242
2051845
2049265
1813145
2088495
2095704
2109096
1975268
2033361
2082031
2060329
1914167
1885183
2046647
1900350
1888910
1963722
1912183
1913045
1900065
2019277
1898689
1886370
2008378
1839432
2044787
1795054
1892011
1912102
2061424
1851039
7182741
1888346
2081545
1900975
1892079
1974707
1897650
1975260
2017641
1908103
2129463
1925743
2060168
1992706
1932146
1909713
2022301
2089583
2049439
2010468
1955666
1888325
2037836
1981027
2039739
1847539
2041278
2005572
2120972
2101166
1963092
2005219
1896254
1904604
2033433
2116492
1949657
1955174
1988506
2040028
2157584
1930243
1915098
1948174
1999477
2073976
1895030
1901336
1861088
1932852
2061853
1945253
1909795
1895057
2002848
1912625
1985004
1915781
1956126
1958467
2108526
1907673
1965082
2091261
1998708
1970756
1832723
1907116
1983657
1967814
1929766
1892450
1790510
1884195
2046614
1901021
2030911
1969576
1905559
1907079
1915566
2051211
1957597
1964613
1916253
1925120
1997286
1945358
1890163
2036368
2036671
1990516
1932426
1992412
1901919
2031792
1899496
2019225
2048013
2053175
2011617
1966061
1854724
1901822
1904189
2063110
1910471
1979342
2001362
1898185
2102899
1892741
1912833
1858295
1900368
1934004
1904371
2030533
2043048
1930757
2011198
1944260
1891787
1886645
2002365
1897502
1958821
1905509
1995588
1911743
2114182
1901612
1903852
2055274
1901779
1942316
1952594
1907795
1917790
2090012
2038572
1906692
1918587
1985409
1970930
1919595
1926112
2013502
1905612
1940349
2105942
2050961
1905858
1846981
1902006
2030755
1904315
2027189
1865629
1930146
2149709
1895108
1899891
1858731
1939031
2003783
2008991
1898941
1980857
1957165
2101478
2075174
1934568
1896171
1872260
1967734
1907744
1898638
2087811
2017955
2012236
1923944
2024108
2084294
2002117
2001775
1966735
2093506
2087870
1853160
2097636
1891410
1964893
1989888
1911999
1925714
1900484
1903191
1900217
1901212
2097560
2018408
1787414
1976491
1925919
1989334
2071329
2006492
1955445
1911429
1951254
1898573
2004067
1900790
1890539
1886690
2014869
2017446
2025996
1913408
2097703
2002236
1987868
2067554
2054454
1920774
1885068
1958287
1939854
1888414
1935342
2034255
2033206
1887884
1960496
2085560
1894344
1979081
1890630
1896409
2037712
1894089
1889823
1818896
1900140
1821799
2096700
2106974
2038904
1922407
1937459
1957888
1933644
1888566
1949587
1945214
1921717
1995987
1898022
1947266
1952342
1910763
2005112
1958920
1932750
2075583
2067684
1921216
2111394
1922890
1890595
2024846
1813753
1897365
1896926
1937896
2030917
1914803
2012450
2015291
2107190
1988487
1829995
1953805
1983678
1922285
1904907
1868522
2002400
2064247
1958140
1891158
1922382
2026734
1901822
2001180
1930448
1905345
1948378
2001285
2023283
1907846
1961992
2029538
1963860
1934929
1872903
1995166
1935435
2132528
1952350
1945652
1914752
1902295
1984550
2061034
1930605
1942670
2066924
2101363
1924991
1880702
1924206
2099691
2077261
1973642
1920333
2008390
1914158
2026926
2100635
1862796
1853493
1898199
2061213
1952496
1921388
1928921
1949224
1934964
1953847
1888910
1942051
1908097
1903324
1974682
2003021
1973273
2002140
1923037
2018708
1923354
1884845
1904389
1812746
1949454
1918100
2032715
1942717
2098851
2091545
1887957
2054311
1916872
1905286
1910271
2045889
1909600
1928665
1926629
1918853
1909654
1896306
1915935
1900434
1922725
1900868
1947424
1847092
1913981
1881270
1890506
1893656
1914301
2002672
1923013
1904775
1875306
2014312
1962549
2011263
1978230
1980764
1871656
1945929
1900942
2083176
2066392
1909191
1854916
1946812
1937673
1959899
2027874
1898159
1979073
1997467
1943029
1921002
2100948
2021762
1872463
2012482
2012138
2006147
1901646
1919572
2084149
1901015
2100360
1935874
1903384
1890637
1953151
1960216
1992460
1904687
1905386
1893357
2042086
2101252
2012344
2051480
1911412
1933550
1990336
1999080
2037220
2017042
2118401
2024648
2016239
1903665
1901781
1945138
2026833
1914066
1918246
1907405
1931687
1946478
2075462
1846998
1979448
1921414
2043539
1967645
1928523
2023247
1947219
2065773
1994258
1983307
2002670
1924720
1863686
2031803
1951996
1923001
1942126
2096061
1812962
1903667
1970563
1861540
1820355
1985696
1974569
2070679
2112453
2132162
1795374
2018776
2060879
1893444
1947212
2029414
1919213
2080668
1855315
2135874
1892218
1821399
1974247
1942407
1908318
1909295
2025108
1992740
1947093
2093399
1793592
1950571
2022749
1895527
1974864
2064442
2052865
2076293
1980568
2000646
2034269
1932439
1979011
2082291
1937064
2060082
2008682
1898012
1954943
1948603
1794036
1893303
1897396
1916898
2050938
1973428
1944591
1932002
2014797
2049466
1928679
2069200
1897868
1904655
2010049
2068928
1928420
1921326
1967300
2077307
2044147
1958437
1994974
1921644
2000351
1948377
1999928
1934063
1923010
1935926
1950938
1919722
1999708
1882748
1981154
1826198
2036440
1908215
1934930
1915113
1883861
2078672
1936791
1964904
2064900
2024624
1930404
2028640
2104163
2034252
2065317
1907868
1983692
1908574
1948591
1906112
2068279
1916759
1901489
1929348
1992528
1910982
1970083
1993016
1909370
1855181
2073009
2107991
1921612
2032074
1792149
1846867
2017431
1852427
1928600
2101247
1996325
1967541
2097466
2083819
1986178
2069866
1963962
1844138
1918631
1849618
1929854
2066878
2025836
2062889
1886203
2047496
2028967
1969000
1931052
2040910
2048034
1918708
1993284
2002166
2056398
1859324
1910801
2008620
2063407
1918436
1980385
1952519
1948789
1902226
1988550
2007596
1909117
1992822
1978312
1912474
2008986
2085071
2022897
1993044
1873613
1968038
1912824
1931077
1978474
2070329
1935888
1949828
1914749
1953731
1892103
1897922
1910051
1910833
1917710
1910706
1885267
2012306
2102048
1955157
1899675
1973124
1951890
1894053
1974744
2003847
1908324
1934357
2065969
1993068
2015771
1860562
1946145
1901920
2042163
2025940
2077312
2005631
2066251
1910235
1983083
1895177
1913300
1896536
2097488
1963181
1926766
1949350
1951361
2030619
1892922
2050980
2067500
2024280
2003705
2007469
1910438
1932059
1922402
1960789
1888651
1898023
1958784
1913252
1914830
1919717
1926426
1926466
2132480
2105118
2063706
2064384
1938684
1897516
1903088
1917206
1942777
1923057
1993840
1971062
1883359
1897878
2048974
1905038
1845733
2085364
1951487
1923444
2030546
1920129
1962667
1908222
1975747
1892344
1904733
2048918
1902529
2052772
1940783
2066628
