2174422
2174842
1821534
1817268
1814615
1823463
1812138
1817733
1810990
1827854
1810817
1810458
1815821
1814352
1814595
1824663
1806794
1855109
1816637
1811023
1814035
1821380
1810527
1810064
1817420
1810387
1811840
1824575
1811068
1814530
1558877
1556750
1552275
1552253
1555409
1557379
1557796
1551745
1553740
1552942
1556537
1556755
1551718
1553403
1551876
1551825
1559758
1566192
1551094
1551630
1558987
1551550
1551207
1551933
1561439
1560556
1551147
1551952
1551534
1552258
1555971
1576258
1556895
1557500
1551933
1551522
1563463
1561937
1553447
1555885
1552049
1551260
1552217
1556904
1566661
1552592
1555630
1552079
1562426
1570572
1556167
1550259
1562759
1559911
1551252
1551475
1552190
1562978
1561206
1552507
1555673
1551014
1557870
1558255
1552134
1551367
1551745
1556997
1561317
1565269
1551325
1551701
1552743
1552180
1559590
1559566
1552537
1552854
1552751
1560935
1562963
1556348
1553415
1556783
1557275
1564242
1552503
1552906
1553782
1551759
1554918
1562714
1571444
1552281
1554020
1554157
1558037
1563049
1564826
1573788
1551856
1551788
1551711
1552191
1566523
1561491
1552787
1552471
1552472
1573626
1555391
1563414
1558302
1552035
1552266
1552054
1562579
1557365
1553524
1551760
1555051
1551238
1551993
1552568
1558704
1560767
1551879
1552361
1552425
1562751
1554466
1558280
1562205
1563336
1553738
1551862
1552019
1558165
1565507
1551612
1555386
1551491
1551525
1549442
1562988
1565163
1554209
1552126
1552173
1557861
1556040
1551964
1553256
1551629
1574189
1561728
1565219
1552981
1553358
1552813
1562527
1564532
1555076
1552780
1551425
1557761
1563079
1551758
1554448
1570818
1562231
1550574
1552499
1551774
1565616
1565136
1555164
1553429
1552466
1552537
1559152
1553927
1555960
1552676
1566453
1557460
1555151
1554272
1552300
1552059
1551575
1551976
1556575
1563940
1566487
1551853
1551805
1552037
1563704
1557362
1552396
1558546
1564082
1551465
1552505
1550566
1556285
1563587
1553224
1551516
1561048
1564994
1551063
1551262
1551477
1556644
1562451
1552278
1573859
1552025
1562348
1556402
1552641
1552645
1553218
1565092
1558041
1551708
1551838
1552736
1210838
1210587
1211152
1211739
1211992
1211814
1210524
1210705
1211031
1210892
1552601
1551895
1558019
1556848
1554924
1552902
1552431
1555137
1564173
1564661
1558943
1562180
1551989
1552728
1553360
1559785
1566773
1551604
1552260
1552800
1561396
1555299
1551412
1552761
1555793
1552470
1555075
1560213
1553286
1550494
1553778
1551537
1557400
1573179
1551995
1551266
1552666
1552134
1567888
1558814
1552539
1550795
1551496
1557081
1559236
1552104
1551943
1552192
1553711
1563558
1552444
1552172
1558100
1567007
1553249
1552128
1551235
1553017
1564572
1568492
1552311
1559361
1562554
1551669
1552412
1551590
1552617
1557931
1567206
1552101
1556906
1558437
1552344
1553142
1555013
1552394
1561230
1563757
1554622
1554269
1556766
1556067
1553101
1554375
1560768
1564527
1553444
1551775
1554418
1551725
1552851
1551233
1552028
1556847
1560153
1568614
1552518
1551657
1553774
1564198
1551685
1551431
1551171
1556827
1569663
1552313
1552948
1552399
1558247
1569695
1561424
1554223
1551397
1552747
1559898
1565909
1550881
1551483
1552399
1552297
1556114
1557067
1551470
1552561
1553031
1559023
1556331
1567334
1553368
1553143
1557721
1563758
1553448
1553590
1552248
1557176
1567401
1554021
1554125
1553585
1551813
1551700
1551259
1552932
1558662
1558218
1551046
1552233
1552796
1559090
1552557
1551957
1552863
1570182
1559786
1552346
1552365
1553217
1565700
1559602
1551365
1551630
1551143
1563090
1560979
1556834
1551468
1552553
1552752
1557530
1552838
1551677
1557142
1561198
1553469
1554987
1551798
1551988
1561363
1561856
1562048
1556353
1551434
1552807
1551492
1563646
1556854
1565808
1553049
1551079
1553264
1552128
1553229
1557855
1572169
1552897
1552179
1553028
1563241
1568976
1557911
1552940
1551945
1552669
1600089
1558826
1553758
1554816
1574670
1553121
1560129
1556963
1552885
1552933
1552873
1557841
1556530
1551904
1552854
1553762
1553376
1556002
1566051
1560101
1552690
1554498
1551036
1564349
1560214
1553610
1553857
1552102
1553930
1557840
1571146
1555571
1553074
1553784
1565388
1571239
1552513
1551847
1553702
1566775
1556832
1555602
1552317
1553728
1564055
1558245
1551732
1551647
1564027
1559815
1568517
1550846
1551774
1552237
1562361
1558262
1552220
1567141
1558577
1557782
1552402
1552486
1554450
1570805
1564609
1552834
1557856
1551424
1551981
1552577
1568549
1557475
1551225
1552349
1554229
1552540
1553271
1553119
1561882
1558690
1553993
1556591
1553125
1571777
1578925
1552597
1551953
1552994
1552595
1557682
1564493
1554985
1553021
1554150
1560737
1558008
1568453
1556098
1551160
1552281
1554674
1564383
1555289
1556483
1554495
1554367
1555717
1554918
1552563
1566599
1563626
1551526
1552985
1552472
1568012
1558612
1556931
1563475
1551364
1553222
1555466
1557260
1568275
1554066
1552862
1553602
1563913
1552481
1551959
1553757
1558782
1565554
1552377
1552520
1554492
1556952
1557314
1562501
1554261
1550743
1553433
1553602
1558454
1562143
1552999
1552352
1572391
1552158
1557368
1556666
1552263
1552488
1551163
1551956
1558354
1571155
1553078
1564755
1562247
1553792
1551251
1551758
1553158
1566413
1562645
1573473
1213793
1211056
1212374
1210963
1209390
1210555
1211568
1211764
1225967
1217742
1555654
1552751
1562120
1561057
1551616
1553234
1553619
1556540
1563560
1552522
1551875
1554029
1567434
1558655
1552235
1552711
1553170
1554691
1559560
1559641
1552536
1552641
1565705
1560776
1553251
1553265
1553331
1553852
1562744
1569507
1552758
1553871
1551913
1562892
1564577
1552464
1552880
1552940
1554461
1582584
1564909
1553007
1552794
1553144
1562765
1568820
1552618
1553174
1552761
1558774
1559236
1550929
1551897
1551860
1553453
1559052
1558702
1555880
1552905
1551985
1556270
1551425
1552334
1557402
1563267
1553235
1552831
1551790
1552953
1558750
1552603
1552563
1551569
1552779
1569257
1564710
1552578
1553138
1553155
1574727
1553708
1561417
1565278
1551177
1551477
1551517
1566701
1558092
1552362
1553559
1552493
1552449
1553065
1559971
1567167
1552501
1552059
1551461
1551893
1568066
1558327
1553235
1551999
1554224
1556246
1557737
1560325
1553211
1551933
1552082
1562487
1560840
1551772
1554724
1552482
1551758
1558378
1562244
1553836
1552949
1559131
1563554
1552279
1551921
1551451
1552596
1553059
1552996
1557098
1558294
1552842
1564872
1555373
1557371
1552566
1551885
1550785
1557184
1564535
1551574
1558603
1563384
1552140
1551736
1551973
1551798
1560429
1560448
1552766
1571381
1553558
1563611
1562125
1551867
1552479
1552744
1569779
1559523
1553523
1552546
1552126
1553008
1551583
1558986
1558297
1551522
1552967
1554201
1567321
1558299
1559712
1557605
1551998
1551143
1551759
1551585
1555852
1562553
1553311
1571709
1553291
1552560
1561358
1558660
1552608
1554014
1553415
1553494
1561762
1558993
1552963
1552670
1553066
1553590
1565008
1559174
1552450
1554297
1552794
1580254
1552393
1552425
1565240
1557487
1554400
1552588
1551536
1553322
1560336
1568575
1553006
1551816
1556700
1559631
1570120
1552529
1552986
1554900
1559111
1564393
1563044
1551103
1552330
1551392
1560965
1566925
1558218
1552254
1552692
1552340
1558070
1552061
1552783
1551952
1567493
1563213
1551780
1553089
1551607
1552808
1557854
1556618
1553921
1552551
1553132
1558679
1555635
1554290
1553251
1554545
1551640
1551549
1550542
1563172
1560297
1557293
1551968
1552514
1552611
1559613
1553052
1561866
1564376
1553310
1552706
1552831
1569152
1566238
1554836
1554247
1567194
1561967
1557148
1556241
1552353
1551496
1567954
1561441
1552441
1554735
1564741
1550893
1551881
1552093
1552392
1563904
1567668
1552028
1551579
1552768
1557382
1558046
1562428
1551689
1551752
1552069
1557686
1569341
1553523
1552339
1565782
1553672
1551796
1557493
1558557
1574194
1552219
1553458
1553839
1553759
1563588
1553614
1553269
1552635
1562939
1560009
1566037
1553892
1555416
1553949
1553936
1554460
1552235
1559094
1579244
1552073
1553243
1553308
1554374
1563440
1554969
1551157
1553331
1561520
1559229
1557675
1552635
1552675
1554208
1559508
1552981
1551066
1562219
1557750
1568855
1551099
1553065
1552111
1561583
1562218
