18744
23948
18688
18606
18616
18602
18633
18611
18605
18614
16824
16747
16750
16751
16762
17892
16746
16745
16748
23929
16768
16749
16748
16748
16738
16747
16746
16747
16744
23952
18623
16743
16754
16748
16748
18678
16799
23976
16833
16797
16804
16805
16817
16748
16766
16794
16810
16798
16748
16748
16761
16816
16748
18664
16760
16809
16747
16813
16744
23982
16803
16813
16794
16817
16741
16751
16745
16751
16746
18631
16754
16760
16757
16743
16736
17799
16737
16749
16746
23927
16765
16762
16746
16746
16771
16749
16745
16747
16746
27657
16764
16759
16806
16807
16807
16813
16743
18635
16750
23974
16803
16765
16746
16817
16799
16755
16798
16795
18621
23929
16800
16754
16766
16814
16797
16814
16795
16820
18661
23924
16809
16830
16812
16762
16744
16810
16797
16806
23947
18659
16807
16807
16812
16745
16819
16814
16811
16809
16748
23946
16766
16802
16797
16798
16797
16731
16833
16794
23996
23986
16803
16810
16796
16805
16808
16813
16810
16818
16812
16802
16807
16745
16812
16750
16797
16747
16807
16810
23965
24147
17054
16804
16802
16759
16816
16809
16795
16810
17134
27555
16801
16815
16800
16817
16743
16763
16743
16812
16793
23990
16805
16828
16790
16816
16801
16811
16799
16762
16798
23958
16800
16752
16761
16816
16799
18662
16810
16758
16756
16747
18665
16741
16760
16798
16745
16761
16797
16748
16744
18628
18666
16753
16759
16801
16759
16764
16796
16745
16745
23980
16808
16764
16761
16745
16816
16746
16764
16749
16762
23972
16870
16772
16796
16760
16744
16819
16746
16816
16744
23925
16800
16744
33438
16748
16793
16762
16745
16815
16744
20074
16763
16817
16820
16818
16763
16748
16819
16744
16766
25135
18659
18604
18614
18652
18603
18677
18643
18656
23918
23974
16764
16811
16758
16748
16757
16806
16758
16795
16811
23979
17012
16758
16769
16797
16749
16743
16805
16746
16763
23924
16803
16814
16815
16798
33407
33572
16812
16827
16810
23929
18626
18695
18651
18667
29350
16754
16744
16815
23987
23986
16769
16762
16744
18619
16744
16763
16744
16770
16749
23945
16802
16747
33395
16743
16744
16755
16760
16744
16750
23931
16765
16742
16739
16744
16749
16739
16764
16744
16750
29515
16762
16755
16752
16747
16761
16742
16762
16759
16755
23924
18628
18631
18621
18609
18623
18609
18624
18609
23929
25088
23972
16761
16744
16747
16773
33456
16748
16747
16746
23932
16799
16796
16748
16763
16797
16749
16746
16762
16747
16760
16767
16757
16761
16761
16764
16760
16766
16776
16745
23932
16767
16760
16745
16872
16761
16744
16761
16744
16762
23923
16763
16755
16765
16784
16762
16744
16760
16747
16749
23932
16762
16750
16746
16774
16748
16751
16798
16746
16743
23936
16766
16806
16748
16763
16761
16747
23938
16745
18606
23921
16766
16738
16744
16750
16757
16746
16758
16746
16751
16752
16763
16780
16746
16744
16756
16742
16746
16743
16748
18777
18625
18603
18606
18606
18623
18621
18605
18621
23919
18614
16762
16755
16761
16746
16760
16749
16763
16746
16752
23920
18629
18616
18615
18626
18604
18608
18607
18637
23982
23931
16763
16743
16759
16798
16762
16762
16823
16760
16742
16750
16757
16757
16763
16812
16810
16797
16745
16814
16747
23946
16799
16806
16758
16798
16793
16761
16814
16796
16742
23987
16805
16757
16794
16761
16800
16762
16798
16809
16817
23958
16766
16821
16798
16799
16819
16754
16772
16798
16810
18650
23947
18623
18604
18672
18672
18670
18601
18611
23926
23983
16811
16816
16752
16751
16757
16742
16745
16745
16767
16797
16768
16760
16747
16812
16744
16748
16794
16757
16744
23995
16803
16744
16752
16755
16795
16763
16746
16796
16756
24084
16807
16769
16746
16745
16743
16747
16747
16760
16801
23930
16762
16743
16761
16810
16743
16764
16744
16745
16742
23943
18687
18671
18614
18608
38540
18605
18607
18657
23940
23944
16803
16756
16749
16746
16803
16765
16813
16803
16814
23919
18657
18616
18605
18677
18659
18610
18671
18670
27682
23978
16804
16755
16796
16750
16746
16809
16746
17010
16744
23983
18658
18698
37121
18624
18640
18657
18677
18654
23932
23926
16762
16819
16794
16761
16747
16753
16795
16811
16742
23932
18626
18617
18625
18602
18619
18679
18612
18625
18626
29900
18664
18612
18652
18675
18664
18627
18652
18652
23921
23971
18660
18602
18673
18651
18624
18659
18671
18603
18670
23961
18625
34916
18607
18674
18605
18668
18652
18692
23927
23925
18626
18670
18653
18662
18627
18606
18642
18655
18654
23940
16763
16756
16814
16810
16813
16744
16755
16816
16748
23922
18666
18626
18599
18624
18606
18673
18607
18672
18608
23913
16761
16738
16808
16742
16763
16745
16746
16815
16747
23941
16766
16761
16749
16825
16746
16747
16794
16761
16748
23981
16767
16755
16743
16766
16759
16743
18620
16744
16755
23926
18628
18614
18652
18621
18609
18607
18614
18607
23943
23964
16801
16748
16750
16750
16760
16800
16761
16747
16834
23924
16763
16752
16755
16797
16747
16811
16798
16818
16744
18702
18629
18619
18670
18670
18624
18655
18676
18603
24029
23976
18614
18658
18668
18618
18667
18613
18672
18604
25488
23957
16822
16742
16744
16762
16801
16762
16793
16749
16746
23921
18666
18866
18625
18623
18604
18674
18673
18675
25489
23940
18664
18625
18605
18608
18604
18691
18607
18612
23933
23944
16804
16761
18653
16810
16957
16744
16785
16765
16755
23962
16802
16742
18664
16809
16746
18662
16844
16753
16813
23976
18625
18659
18616
18611
18672
18649
18696
18676
23942
23927
16763
16811
16743
16810
16744
16761
16746
16810
16795
23923
16764
16755
16811
16823
16753
16760
16744
16762
16808
23929
16803
16757
16747
16767
16798
16765
16745
16766
18605
23944
16768
16745
16754
16756
16778
16749
16765
16747
16763
23922
18625
18624
18605
18625
18606
18613
18603
18621
23924
23966
18624
18621
18604
18677
18608
18858
18607
18628
27675
23923
16763
16760
16758
16756
16744
16751
16746
16763
16745
23945
16802
16745
16753
16816
16746
16745
16835
16745
16746
23960
16802
16759
16756
16828
16746
16812
16745
16812
16744
23938
16766
16765
16799
16814
16748
16818
16794
16743
16830
23975
16762
16739
16900
16834
16795
16755
16800
16747
16844
30799
16764
16760
16756
16766
16801
16760
16748
16760
16749
23930
23969
16804
16753
16760
16743
16832
16814
16745
16749
23936
