18835
18666
18691
18656
18671
18662
18619
23943
16756
16764
23968
18609
18627
18614
18633
18620
18618
18625
23936
28040
23932
23935
23933
24240
24176
24065
24208
24326
23930
23951
18604
18611
18635
19695
18614
18737
18673
18667
18650
23989
23972
23975
23936
23975
24004
23965
47743
29929
23961
23969
24312
23991
23961
23990
23963
23987
23974
23965
23984
23980
18673
18691
18656
18647
18613
18642
18613
18768
23940
23931
18639
18619
18610
18611
18609
18638
18611
18608
23933
23928
18619
18610
18611
18636
18610
18617
18610
18628
23929
24082
18619
18623
18669
18674
18654
37096
18657
18658
23971
28037
23987
24331
23973
47748
23962
23967
23968
23988
23980
47738
23983
23963
23982
23986
23966
23990
23969
23980
23959
24025
18670
18668
18643
18610
18615
18627
18649
18662
23943
23932
23943
47766
23964
23917
23991
23946
23968
23991
18603
18657
18664
18606
18620
18605
18654
18624
18607
37096
23930
35991
23969
23974
23985
47708
23967
23915
23959
18610
24172
23924
23985
47693
23967
23922
23957
47693
24091
23921
23966
23926
23973
23965
23960
47693
23968
23932
23963
23985
18649
47753
18669
18656
18618
18675
18622
18605
37155
18606
27942
37523
18670
18598
18668
18624
18605
37207
18605
18608
23961
23976
18609
18670
18607
37096
18659
18642
37153
18606
23972
23922
18687
18692
18653
18670
18650
37150
18660
18655
18658
23991
18676
18681
18654
18625
18657
18676
18657
18683
23964
23920
18655
18660
18692
18675
18653
18671
18605
18678
23922
23997
18779
24002
18606
37106
18659
18796
23921
18669
23926
23969
19035
18671
18655
18677
18603
18611
18605
18661
23943
23924
18610
18634
18664
18619
18694
18659
37151
18656
25703
23967
23922
23921
23921
23957
23921
23994
23924
23988
23921
23981
18683
18690
18604
37155
18601
18606
18657
18608
23992
23961
18665
37102
18668
18601
18605
37379
18608
18611
23925
23920
18752
18686
18627
18657
18616
18723
18626
18604
24001
23922
18641
18676
18605
18624
18652
37096
18658
18607
23943
23947
18821
18601
18625
18603
18624
18658
37106
18606
18605
24220
16806
16826
17135
33385
16805
16794
16746
16812
16806
23987
18707
18677
18599
18663
18979
37171
18660
18649
23959
47712
16817
16755
16814
33447
16744
16743
27041
33448
16800
23921
18661
18626
18661
18623
18651
18676
18663
18621
23920
23992
18676
18636
18618
37113
18632
18605
18676
18681
23982
23997
18902
18674
18678
18646
18672
18654
18635
18603
23987
30589
23989
24011
23967
23989
23966
23982
23962
23989
18657
47871
18661
16841
16800
16805
16795
16762
18654
16758
16795
23946
18618
18611
18634
18611
18655
37095
18652
18599
23978
47754
18691
18669
18671
18617
18610
37156
18661
18606
23940
23949
18664
18610
18624
18611
18604
37095
18657
18603
23963
23967
18608
37102
18601
18807
18610
18675
18602
18611
47761
23923
24000
23960
47695
23966
23913
23963
47695
23967
18605
23965
18703
18618
23977
37095
18603
18656
18602
18674
23927
23990
18673
18620
18654
18638
18648
18627
18606
18674
23922
47717
18686
18602
18602
37097
18602
18614
18606
18647
24000
23966
23982
23934
23939
18655
18625
18651
37096
18607
23923
23921
18687
23558
18616
18618
23914
18624
18607
18622
23925
23970
16809
16826
16792
16762
16746
33386
16796
16743
16743
28012
18661
18610
37097
18607
18602
18607
18675
18609
23956
23979
18614
37160
18600
18605
18656
18603
18603
18604
23946
23924
18668
18606
18608
18605
18695
18687
37097
18658
23921
23918
18880
18713
18652
18669
18656
37155
18604
18602
30021
23949
18714
18858
18649
37153
18664
18650
18660
23995
23926
23968
18679
18776
37156
18645
23964
18607
18679
18602
23960
23951
23928
23947
23921
47718
23964
23921
23965
23916
24013
23969
23975
18601
18670
37097
18601
18654
18656
18614
23914
23926
18625
18674
18614
18605
18610
37113
18654
18658
23973
23980
18684
18606
37096
18604
18661
18610
37096
18603
18604
23925
18670
18601
18691
18627
18607
23988
18606
37155
23920
23967
18668
18657
37096
18605
18606
18610
37098
18606
23919
23966
23984
23928
23928
23929
23920
23987
23922
23994
23921
23922
18667
37096
18606
18602
18656
18625
18605
18686
23924
23984
18605
18627
18603
18612
18603
18653
37119
18603
23917
23924
18629
18622
18626
18611
18614
18605
18632
18610
37158
23932
23924
23921
47696
23922
23926
23924
23940
23919
18607
23960
18624
18616
18605
37091
18608
18603
18604
37091
23923
23933
35075
18599
18633
37094
18605
18602
18607
37098
23915
23917
18618
37095
18608
18631
18626
37100
18608
18607
23933
23952
18610
18604
18608
18623
23926
18605
37096
18611
18607
23928
16769
16755
16745
33382
16752
16751
16748
16744
16746
23972
18605
18609
18648
18620
23970
18608
18601
37094
23931
23932
18620
18603
18605
18621
18605
37093
18606
18607
23925
47696
18654
18607
18607
37095
18610
18611
18607
37111
23919
23921
18668
18672
18676
18608
18622
18608
18624
18608
47742
23923
18612
28975
37095
18615
18609
18656
18606
37096
18608
23925
18619
18614
18606
31503
18605
18680
18606
18610
47687
23930
18613
18620
18610
18605
18620
18604
18638
18607
23950
23919
18602
18608
18619
37123
18610
18605
18604
18615
23928
47701
18610
18603
18614
18676
18605
18990
18635
18603
23924
23921
18660
18617
18657
37094
18608
18664
18607
37153
18780
24097
18711
18626
18652
18606
37151
18606
18603
18649
23921
23938
18671
18662
18621
18607
18672
18602
18676
18605
47688
23968
18606
23345
18609
18627
18658
18625
18609
18604
34701
23921
18663
18689
18630
37097
18956
18606
18658
37097
23916
23973
23985
23947
23925
23960
23915
23949
23948
23942
18605
23965
18634
37181
18650
18607
18658
18620
18658
18681
18656
23960
28298
18605
18661
18622
18607
18609
18676
18607
24011
23961
18684
18668
18608
18651
18677
18655
18624
18648
18624
23965
18672
18674
18602
18671
18667
18653
18677
18658
23920
23921
18675
18694
18657
37095
23962
18658
18668
37105
23923
23988
23982
23920
23921
23953
23920
23924
23964
24007
23921
23957
23949
23918
23923
23995
23919
23945
23921
23998
18609
23978
23991
23950
23926
47712
23966
23922
24088
23932
24246
23919
23986
23936
23924
23925
47698
23925
23918
23956
18605
23938
23921
23921
23933
23918
23987
23919
23999
23919
18611
23923
23940
23921
23939
23935
51613
23921
23944
23925
23941
23975
