2185363
2182422
1831458
1823761
1823320
1835481
1824218
1830396
1825478
1831122
1831064
1824599
1837073
1825076
1826021
1835631
1826489
1846700
1825009
1846191
1823399
1824264
1836548
1825619
1832260
1824100
1830903
1849937
1230730
1231842
1495672
1220584
1509843
1236063
1505723
1449539
1217659
1468827
1233650
1489110
1557144
1562163
1566349
1556244
1556848
1556014
1562552
1297879
1221192
1359647
1564012
1564691
1560815
1556086
1555691
1555867
1570336
1563986
1216324
1216852
1404530
1221677
1224093
1223974
1220323
1214739
1215927
1215988
1215833
1217003
1215369
1216129
1215579
1216275
1217140
1215709
1216030
1214837
1401678
1215854
1216816
1216295
1215276
1216476
1216444
1216551
1215310
1217536
1216611
1383975
1215168
1220328
1219666
1225104
1220450
1222769
1216280
1215601
1215651
1215255
1222302
1220603
1224729
1215983
1215723
1215896
1216798
1217070
1216747
1216205
1386664
1215689
1439112
1217541
1498035
1451337
1216997
1503370
1221244
1490971
1216172
1216369
1282545
1216177
1318022
1297391
1217149
1355244
1215791
1557289
1241616
1216398
1297287
1218079
1334813
1319328
1215406
1371947
1216311
1545427
1445009
1229828
1552029
1221807
1470697
1486628
1221005
1438558
1220993
1463391
1557102
1556907
1562792
1565873
1557253
1557267
1557725
1561012
1374569
1221205
1566678
1557148
1556353
1557084
1558337
1566390
1562130
1557615
1557979
1557233
1556984
1573504
1569388
1557486
1557158
1557445
1566249
1566052
1562516
1557474
1557238
1557200
1556429
1560996
1253176
1221586
1216221
1216453
1215778
1216347
1562449
1567405
1358277
1215672
1429644
1216351
1467084
1450125
1215730
1501394
1557063
1566590
1561938
1558156
1555973
1557881
1561482
1566599
1569385
1556242
1558202
1557636
1556033
1564963
1564512
1556772
1557819
1556476
1563451
1565967
1223342
1220855
1216273
1216885
1216647
1216356
1216618
1215239
1216917
1216793
1215597
1215837
1216249
1215891
1234834
1216426
1216400
1269706
1215962
1526065
1424040
1224302
1372441
1221752
1321934
1320014
1221188
1262310
1098049
1159061
1216818
1216811
1216394
1216050
1216950
1215600
1217183
1216001
1217407
1216934
1573961
1558291
1556522
1556710
1557773
1568851
1565726
1264660
1181563
1227350
1216118
1216264
1216931
1215252
1215088
1215515
1214998
1215360
1221645
1223509
1222563
1218902
1223975
1220534
1219676
1215741
1215919
1215990
1216586
1215808
1216934
1216530
1215924
1216127
1216258
1215394
1215528
1216407
1216460
1215241
1215801
1215670
1335717
1215992
1216821
1216057
1220024
4923845
1221319
1328841
1556807
1555809
1556118
1561016
1565289
1555714
1556447
1555902
1217003
1215676
1216376
1425553
1400987
1215355
1462625
1216186
1491556
1496287
1217209
1512809
1318578
1331702
1215714
1325440
1215594
1365722
1346139
1216158
1400698
1392229
1555981
1555690
1562067
1560492
1556280
1555112
1556734
1555535
1216312
1215811
1556274
1556375
1562133
1568973
1561266
1556486
1557913
1556598
1215562
1216280
1555234
1557704
1556264
1555056
1561592
1565296
1556190
1555847
1216293
1216028
1561729
1556414
1556396
1557535
1557182
1562099
1563897
1557273
1556640
1557372
1560538
1574607
1557523
1557393
1556119
1556977
1567841
1560623
1555879
1557386
1557121
1555933
1570736
1566492
1556404
1556465
1557193
1562160
1567888
1556341
1557782
1556547
1557156
1556923
1563018
1566977
1557737
1556005
1215826
1216869
1555346
1555181
1556395
1561867
1564752
1556839
1556501
1557187
1555538
1565774
1561180
1557269
1557142
1556582
1561441
1560953
1555740
1557338
1557243
1556809
1565653
1560200
1555367
1556663
1555139
1557039
1564441
1561111
1415102
1216676
1215717
1216010
1215804
1216611
1216485
1279034
1255148
1240717
1314357
1216563
1558913
1557285
1558349
1570277
1568528
1556898
1557469
1557305
1557121
1569720
1220043
1225234
1222432
1220959
1216063
1224659
1232141
1225379
1222087
1218915
1222545
1221226
1224578
1229168
1223306
1225438
1216054
1216551
1215877
1216274
1216554
1215251
1215824
1216014
1216334
1215715
1215519
1216499
1215449
1215556
1234168
1220175
1232959
1224156
1219862
1222902
1216366
1217090
1215964
1215856
1216614
1216108
1215589
1216059
1215387
1215505
1215579
1216182
1222971
1221928
1563703
1555851
1557308
1557077
1561605
1565244
1555715
1557477
1557565
1567959
1231733
1215847
1215956
1215131
1215399
1216307
1216656
1215849
1215544
1215133
1216769
1214895
1216446
1215463
1214867
1216056
1215673
1217188
1217178
1228785
1555489
1556224
1564845
1560542
1556428
1556100
1556085
1556157
1567207
1569408
1220519
1224341
1221827
1221645
1227548
1216239
1216368
1217064
1216073
1215953
1216920
1215010
1216656
1216223
1216536
1214487
1215490
1216727
1216758
1216590
1216621
1216150
1215190
1217343
1215005
1216249
1217335
1216246
1216365
1215747
1215332
1217636
1215414
1228160
1220749
1220846
1230519
1221983
1239630
1225624
1215685
1220854
1225399
1220861
1220351
1227551
1216251
1215916
1215200
1218308
1221865
1224415
1221268
1223933
1214747
1215649
1216326
1216512
1215590
1216352
1215630
1215383
1215729
1215694
1216968
1215024
1216527
1215902
1216553
1215914
1563745
1567238
1556548
1556161
1557397
1557259
1567074
1349877
1227123
1230172
1566522
1561612
1561325
1556668
1556330
1556606
1565962
1563001
1215072
1222112
1556473
1556436
1557609
1215432
1216092
1215509
1217628
1216183
1216124
1215415
1224749
1224841
1219643
1221138
1215819
1217048
1215045
1215904
1216321
1215645
1215420
1215867
1215124
1224631
1220852
1223721
1222550
1225330
1227496
1214935
1216203
1216437
1216939
1216290
1216245
1215856
1215561
1215796
1216383
1215690
1216896
1215376
1215691
1215179
1215800
1216420
1214961
1227224
1221943
1239593
1225731
1221664
1220852
1216831
1216117
1216599
1218816
1216445
1216756
1215632
1561605
1562316
1555878
1556371
1556557
1561585
1561906
1556736
1556329
1558137
1560912
1558189
1556409
1556033
1561810
1561218
1556778
1556441
1556312
1560339
1221685
1220409
1227905
1221625
1216776
1215592
1216722
1215901
1216910
1216328
1562033
1571330
1555732
1557073
1557862
1565264
1569670
1556606
1556409
1556939
1230501
1215633
1216205
1215923
1216477
1215974
1216010
1215644
1216363
1215833
1216582
1216586
1216344
1216159
1215934
1216267
1216672
1216729
1215603
1216667
1216659
1216714
1215856
1217522
1216003
1216157
1216837
1216736
1216398
1216593
1216728
1215492
1216194
1215816
1224789
1223064
1221805
1227664
1222499
1232164
1225995
1222344
1220198
1216606
1217324
1217121
1216761
1217050
1216341
1217000
1216521
1216609
1215712
1225988
1216646
1216311
1217010
1216476
1218010
1469639
1219257
1217270
1217163
1217130
1216983
1216543
1215923
1216771
1217573
1216492
1217044
1217169
1217114
1216815
1216424
1216646
1216368
1227436
1222990
1221861
1223160
1225770
1222036
1224058
1216905
1217139
1217353
1220099
1215592
1216985
1226178
1222390
1223472
1226384
1220749
1216050
1217055
1217184
1217017
1216101
1216476
1216542
1217537
1223273
1234752
1223910
1221742
1226475
1222956
1221786
1217086
1217914
1216634
1219285
1217580
1216257
1216290
1217487
1222084
1221967
1219191
1219392
1218416
1219973
1219884
1218565
1217261
1216564
1216252
1220619
1566132
1561709
1559048
1558054
1571729
1565502
1557595
1216699
1217478
1220186
1220063
1216382
1216786
1217451
1217593
1216606
1217032
1224123
1228434
1228994
1216803
1216671
1217560
1216896
1216218
1215756
1216741
1216805
1217389
1218274
1217376
1216701
1223427
1222606
1224294
1325379
1222634
1227023
1223262
1217561
1222972
1226415
1216710
1218122
1217971
1216570
1217546
1217793
1218054
1217127
1566705
1561677
1557506
1556056
1557052
1565008
1567281
1578806
1556666
1557181
1566333
1557109
1557697
1557448
1565735
1565049
1566598
1557045
1556833
1557853
1216469
1216237
1216615
1216839
1216854
1217641
1217268
1217885
1215912
1216355
1559168
1557151
1569020
1561473
1557158
1558055
1556540
1565660
1568953
1573634
1556582
1556178
1556529
1564337
1566268
1557300
1556156
1556737
1556647
1569447
1561788
1554789
1557589
1556719
1557009
1563268
1571185
1556454
1217310
1216683
1557246
1561779
1567092
1557202
1557897
1559868
1557415
1564295
1573721
1558101
1558041
1561957
1568768
1562686
1558631
1559118
1557323
1567535
1568705
1217418
