38601
18708
23935
24094
23922
24027
18660
18801
24184
18715
23978
23909
23918
23950
23963
24007
23891
23940
23901
33542
23928
23950
23920
24050
24056
23919
23920
24048
23911
27089
24078
23917
23928
23923
24052
24022
23944
23987
23948
23972
23967
24116
23986
23985
23981
23971
23975
23973
23971
23976
23993
23974
23961
23960
23966
23959
23960
23961
23985
44984
23974
23991
23976
23977
25507
23926
23935
23920
23912
23952
23943
23931
23938
23940
23921
23907
24055
23903
23938
23914
23928
23938
24053
23923
23926
24053
23910
23921
23926
23932
23931
24061
23968
24060
23934
23937
37095
23923
23971
23973
23990
23962
23967
23927
23962
23927
23973
23929
23973
34785
23972
23974
23922
23972
23929
23961
23919
23972
23921
23972
24001
24211
23986
24009
24220
23975
23969
23967
23962
23973
23975
23993
23975
23971
23974
24266
23974
23976
23992
32962
23997
23988
23971
23959
23970
23962
23956
23964
24010
27545
23998
23987
24110
23964
23975
23965
23960
23978
23974
24014
24005
23978
23973
24225
23973
23977
24015
23968
23974
36402
23973
23977
24132
23960
23966
23918
24035
33270
23998
33314
23983
23971
24126
23963
23969
23961
23961
23963
23968
23971
23970
23981
24002
23975
23976
23962
23962
23966
23965
43973
23976
23977
29523
23977
23977
23977
23988
23929
23968
38528
23971
23928
23919
23921
23961
23919
23965
23923
23966
23965
23990
23979
23927
23970
23934
23960
23926
23962
23936
23965
23993
23926
23962
23924
23927
23927
24018
23929
23968
24369
24010
23978
23946
23970
18604
18604
18660
18607
23981
23938
23974
23929
23974
23932
23973
23929
23961
23920
23961
23964
23992
23987
47818
23950
23994
23914
23963
24043
23974
24023
24011
23986
24242
23975
23977
23978
23975
23972
23969
36234
23998
23974
23983
24020
24217
23971
23971
23974
23932
24022
23984
24039
23965
24274
23965
23967
23973
23978
23968
23974
23976
23987
23969
23974
23973
23979
23978
23978
23974
23986
24001
23994
23977
23959
23960
23963
23966
23969
23970
23988
23975
23983
23940
23984
23929
23919
23934
23976
23928
23976
23993
23987
24002
23921
23959
23966
23956
23966
23960
23978
23980
23993
23952
23965
23928
23968
23939
23977
23926
23969
24006
23975
23971
23974
23924
23980
23973
23920
23959
23976
23991
24000
23973
23931
23970
23927
23973
23978
23972
23938
23991
23941
23960
23920
23979
23938
23983
23930
23965
31187
23967
23931
23912
23968
23956
24311
23966
23981
23965
23933
23989
23973
23978
23964
23973
23972
23968
23959
23965
23984
23946
23972
23934
23978
23926
23975
23974
23990
24015
23978
24057
23994
24138
23921
18661
18653
18662
18659
23977
27141
23980
23908
23976
23971
23972
23921
23978
23918
23970
27218
23944
23969
24000
23948
23951
23934
23964
23960
23919
27197
23994
23921
23931
23919
29481
23928
23969
23929
23974
23973
23995
23940
23974
23928
23969
23922
23962
23928
23972
23989
24028
23976
23978
23918
23969
23930
23974
23929
23976
28522
23978
23920
23973
23924
23974
23922
23934
23921
23912
23962
23969
23929
24000
23941
23967
23916
23901
23985
23986
23987
24104
23975
23973
23972
23970
23975
23969
23965
23963
23970
23994
23976
23980
23976
23961
24265
23963
23962
23939
25141
23975
23958
23959
23967
23961
23963
23977
24000
24248
23975
23949
23976
23973
23981
23957
23965
23973
24020
23974
25826
23975
23991
23975
23973
23974
23972
23980
23973
24214
23954
23976
23966
23972
23960
23971
23939
23982
23973
23972
24112
24004
23984
23934
23961
23920
23966
23925
23962
23920
29983
24022
23974
23927
23928
23928
23979
23918
23973
23973
23932
23976
23989
23952
23924
23923
23922
23929
23977
23962
23991
23986
23995
23927
23970
23927
23975
23925
23927
23923
23972
24018
23997
23942
23945
23930
23965
23911
23964
23971
24019
23978
24002
24015
23929
23977
23928
24125
23933
23980
23976
23994
23977
23978
23973
23976
23981
28927
23974
23972
23979
23975
23951
23980
23993
23972
23973
23970
23932
23974
23975
23992
23987
23960
23977
23975
23966
23963
24283
24193
23973
23973
23970
23973
23978
23975
23973
23970
23972
23970
34161
23983
23926
23961
23962
23966
24067
23959
23970
23925
24027
23991
23927
23923
23981
23932
23931
23932
23907
23941
23937
23969
23931
23935
23939
23966
23921
23963
23972
23980
28169
23997
23961
23922
23928
23923
24005
23925
23973
24242
24621
24027
23984
23994
23992
23925
23970
23934
23929
23963
31380
23998
23973
23980
23973
23933
23974
23965
23971
23957
29255
23974
23922
23969
23933
23972
23947
23974
23943
23971
23929
23960
23977
23976
23924
23971
23967
23969
23920
23945
23911
23996
23982
23975
23976
23982
23929
23973
23974
23979
23941
23985
23998
23966
23970
23966
23959
23964
23969
23959
23981
24127
23960
23912
23975
23982
23956
23969
23966
23975
23975
23949
23967
23965
23974
23961
23977
23973
23958
23959
26018
23985
24003
23931
23940
23928
23922
23980
23921
23973
23920
23948
23978
23914
23911
23923
23960
23921
23957
23920
23965
24040
23931
33386
23940
23974
23928
23977
23929
23964
40317
23977
23920
23974
23933
23907
23932
24335
23930
23947
28571
23983
23937
23942
23966
23925
23971
23917
24007
23933
38504
23994
23937
23967
23929
23918
29122
23920
47734
23935
23977
23987
23976
23987
23989
23979
23969
23973
23964
23957
23960
23982
23984
23989
23971
23975
24017
23970
23975
23972
23976
23968
23972
23979
23922
23963
23975
23991
23969
23957
38612
23981
23991
23975
23980
23975
23974
23958
23961
34908
23978
23970
23988
23976
23925
23978
23975
23966
23942
23957
29645
23974
23973
23975
23973
23909
23937
23989
23985
23982
23983
23978
23939
24030
23925
23970
23929
23921
23925
23956
23963
23998
23959
23942
23977
23944
23969
23927
23965
23946
35059
23990
23993
23920
23921
23920
23974
23903
23992
23925
31833
24021
23927
23960
23924
23959
23929
23976
23922
24021
23977
24007
23932
23965
23925
23957
23921
23963
23972
23970
23939
24001
23942
23979
23924
23975
23924
23976
23923
23968
23963
24007
23979
23957
23961
23959
23964
23960
23959
23977
23972
23971
23976
23977
23974
24182
23981
24020
24182
23976
24002
24015
23974
24039
23972
23982
23961
23968
24018
23976
23971
23979
23970
23980
23974
23978
23977
23927
23959
23960
38505
24000
23972
23974
23977
23974
23974
23969
23940
23983
29813
