2524373
2175208
1832628
1850931
1829320
1841086
1831173
1839245
1829716
1819662
1823674
1826323
1818220
1820797
1812443
1822593
1833454
1818486
1830643
1813326
1815718
1818465
1833273
1813139
1740264
1563323
1573312
1556899
1556984
1559372
1557951
1565967
1573040
1558785
1557058
1558845
1567280
1572210
1559201
1558795
1558022
1557721
1557217
1563370
1571791
1558782
1559954
1559400
1567830
1573440
1574346
1562954
1560095
1559717
1557822
1571343
1565905
1558818
1559603
1559333
1561208
1559259
1557859
1565454
1565130
1557884
1556346
1557878
1564093
1564999
1560827
1557717
1565237
1568145
1558240
1558328
1558948
1563429
1565562
1572827
1558521
1558104
1557752
1561520
1568825
1562268
1557880
1561716
1557514
1575078
1557398
1559017
1558583
1574057
1563554
1558006
1558517
1558985
1557602
1575262
1558037
1559297
1559894
1557380
1564402
1570192
1559030
1558061
1559278
1566589
1559218
1557631
1557217
1558417
1563339
1572176
1558403
1557451
1557875
1565675
1575469
1562738
1556684
1557829
1558033
1556773
1564017
1566678
1557824
1557117
1561147
1562746
1579324
1557809
1556859
1559379
1558781
1567532
1576471
1559223
2178982
2175756
1818316
1815812
1815495
1818072
1812705
1818863
1823138
1811217
1815619
1824850
1817912
1813973
1818487
1812743
1813218
1818482
1833830
1817348
1820099
1814838
1813345
1827563
1814087
1813342
1819552
1813908
1843170
1817189
1819423
1815234
1822308
1825938
1814254
1827217
1812787
1813775
1836080
1811267
1815513
1813963
1819226
1713302
1217840
1219429
1218256
1218316
1218566
1216550
1502744
1499821
1220674
1483179
1223277
1423402
1430750
1452451
1222069
1391922
1571565
1558630
1558781
1558832
1561301
1568126
1557462
1559258
1558083
1558845
1217154
1216591
1216068
1217228
1216461
1217974
1217379
1217214
1216133
1216816
1358661
1221890
1298398
1220005
1216882
1216505
1217077
1216802
1217524
1216706
1223210
1262071
1256734
1220073
1217391
1219209
1218764
1220076
1217938
1217666
1566467
1220460
1399894
1409146
1160679
1097995
1097863
1097549
1097963
1097244
1362828
1396940
1360313
1336542
1558338
1216391
1216629
1217212
1216860
1216735
1557405
1557302
1557451
1558832
1561645
1567639
1558266
1556837
1556901
1568906
1566000
1561377
1557887
1556289
1559770
1560158
1563209
1568466
1559471
1558823
1559598
1560030
1557951
1563003
1563764
1504738
1522091
1534726
1525034
1514872
1573143
1558318
1557397
1557924
1558223
1570918
1563405
1556708
1557212
1559569
1558028
1563210
1568466
1558542
1558546
1557315
1563150
1562158
1570074
1557467
1562839
1562689
1559230
1558530
1557473
1563559
1564747
1566833
1559393
1558465
1562758
1557168
1557218
1557428
1557464
1561467
1570998
1557059
1557603
1558216
1570090
1558392
1557999
1557172
1562504
1566208
1558127
1558882
1558352
1559018
1558199
1557125
1557514
1568634
1566567
1557479
1568002
1561947
1563319
1578162
1558588
1562436
1562358
1558256
1557918
1559273
1563218
1562050
1558162
1557632
1565244
1571029
1556412
1558596
1559337
1556769
1563587
1566104
1557728
1558827
1558448
1567412
1563538
1557484
1558135
1558415
1567238
1562527
1557489
1560340
1559501
1559889
1562512
1564879
1570815
1557640
1557576
1558877
1563162
1576961
1562317
1557607
1557647
1218209
1216588
1217209
1217437
1217080
1218296
1216845
1217224
1216682
1217335
1217641
1217107
1218315
1217850
1218166
1217534
1217084
1576160
1563725
1557234
1559414
1558919
1572741
1564146
1559749
1558161
1557248
1221225
1447852
1460009
1223483
1408654
1226728
1350863
1350712
1357263
1223274
1217265
1561419
1559939
1217765
1217416
1217972
1218415
1217342
1216920
1218024
1217415
1218143
1215799
1217527
1218555
1217366
1217770
1216948
1216947
1216921
1560097
1558957
1563858
1568707
1557955
1558309
1558628
1562390
1571924
1558600
1558609
1556854
1558677
1570840
1567559
1557233
1558145
1558467
1558365
1566588
1562100
1561485
1570594
1557629
1558440
1558795
1561476
1571626
1558451
1558749
1336421
1313586
1302789
1275983
1245528
1233790
1217821
1217674
1217683
1218044
1258097
1251454
1221907
1216778
1217102
1217043
1217602
1217521
1216349
1218061
1563844
1260240
1268318
1257703
1260234
1263324
1266275
1256356
1267457
1254970
1569227
1557956
1557458
1557575
1565475
1251017
1243979
1240225
1244002
1223128
1574476
1556200
1247043
1216350
1216892
1216044
1218749
1216400
1216452
1216712
1563680
1559179
1557789
1557433
1563634
1561597
1557895
1556974
1556366
1563347
1559271
1555968
1556939
1557427
1561064
1580946
1558060
1558591
1558349
1561153
1557722
1568433
1561420
1565079
1557565
1557081
1557836
1561154
1569926
1557298
1562513
1568721
1557720
1557887
1559288
1558875
1567074
1563916
1558092
1557134
1556996
1217342
1216923
1215512
1216156
1217898
1216674
1218943
1215975
1216896
1556695
1218953
1216454
1215791
1217675
1217060
1217419
1217291
1216624
1218222
1556913
1557701
1216726
1217663
1216348
1216908
1217255
1216717
1216826
1217584
1483346
1470224
1440088
1419569
1406248
1377336
1351534
1333153
1303297
1281011
1566747
1558842
1558830
1560943
1563159
1564813
1558593
1558999
1563242
1218979
1567871
1443208
1436695
1401099
1398085
1366395
1328594
1315439
1292257
1260186
1564561
1407603
1425672
1436444
1444116
1467033
1483018
1498742
1533028
1520793
1556803
1572672
1564940
1437440
1458927
1476787
1490584
1513136
1518475
1532623
1324164
1558984
1557588
1216511
1217544
1218569
1217684
1217110
1217251
1216883
1217793
1217244
1216673
1217236
1217414
1216624
1216650
1233270
1216768
1276694
1557336
1563935
1563457
1557269
1557636
1559900
1564623
1260521
1266195
1262982
1216951
1217291
1216805
1217123
1249818
1217202
1216984
1272886
1216909
1320834
1566799
1444743
1558682
1320162
1305910
1284831
1254840
1244101
1218178
1217802
1282787
1250524
1217062
1216641
1216096
1216731
1217922
1217922
1216758
1217301
1218842
1556950
1567019
1370872
1383795
1397784
1404304
1565952
1354661
1336825
1557225
1559057
1217216
1217888
1216947
1217446
1220090
1217455
1223384
1216814
1217805
1215967
1217177
1216679
1218459
1216924
1217087
1217906
1216563
1220811
1564192
1557979
1558608
1568126
1563824
1559123
1562701
1558620
1567525
1561646
1561233
1557450
1557869
1569540
1569844
1559760
1557929
1217120
1218019
1217232
1556386
1557984
1216821
1217162
1218073
1218053
1217084
1216732
1216859
1216991
1482004
1511193
1520731
1556208
1557235
1557446
1566589
1561652
1558824
1557186
1220203
1216725
1217452
1217908
1216843
1217266
1217146
1216430
1217893
1217042
1424149
1405580
1339298
1217778
1405995
1390588
1217575
1445959
1216532
1495313
1518136
1527223
1464024
1217699
1490584
1226332
1474090
2894419
1216880
1233245
1404782
1408591
1428661
1433228
1221748
1380848
1380357
1396530
1226135
1329639
1558038
1560586
1556790
1568085
1561401
1557476
1556354
1558871
1574885
1561147
1219421
1217979
1572203
1334216
1348075
1351176
1355314
1370938
1370723
1379608
1416897
1221390
1346666
1224168
1286343
1299137
1226203
1217360
1217409
1217692
1556826
1557295
1565115
1562035
1557112
1557460
1556970
1562969
1561086
1558346
1218064
1562265
1557924
1217866
1217762
1218113
1217150
1218329
1217715
1217531
1218672
1216170
1216478
1216874
1217604
1220492
1216348
1218197
1216440
1216045
1562063
1562491
1556797
1558064
1558368
1557007
1561164
1566097
1557021
1557041
1571782
1558365
1555956
1557043
1560704
1566525
1557452
1557042
1558388
1558188
1567886
1570444
1558103
1558086
1558257
1564956
1566550
1557011
1558399
1558060
1558404
1557792
1568264
1570571
1558763
1560255
1558669
1561412
1563887
1562539
1564759
1575572
1559096
1557956
1558397
1561677
1564503
1560762
1558587
1558514
1560364
1558519
1557846
1563455
1568445
1557194
1557456
1557050
1559191
1563847
1556313
1559637
1571080
1563382
1557778
1559364
1558047
1563195
1569605
1559029
1562657
1561636
1557511
1575323
1563147
1558652
1569343
1570328
1562061
1332916
1559030
1566715
1562958
1566211
1557945
1557257
1557813
1566940
1567731
1556474
1560462
1557612
1557454
1561701
1567481
1461317
1477474
1505163
1522196
1529860
1437471
1561853
1337272
1310681
1323008
1257393
1233587
1218137
1216399
1216879
1562946
1277507
1283359
1277958
1275584
1572982
1559110
1431137
1364116
1355426
