24240
24122
28234
24159
24027
24134
24269
23945
24065
23952
23955
23931
23925
28648
24057
24235
23929
23949
23961
35984
24062
23952
23924
23923
24051
25600
24053
23928
23950
24060
23936
23949
23938
23921
23924
24093
24001
23980
23982
23994
24139
24016
24003
24108
23973
24110
23977
23979
23977
23981
24003
24010
23975
23975
23977
23977
24010
23980
23980
27244
24021
23972
23979
23975
23926
23940
23922
23919
23922
31280
23930
23951
23922
23938
23909
23946
24175
23910
24015
35157
23954
23948
24078
23937
23939
23926
24184
23919
23919
27583
23998
23939
23987
24111
23981
23982
23973
23969
23974
24023
24329
23986
23988
23988
23975
23979
23969
23999
23932
23981
24009
24000
29281
23968
23956
23969
24023
23967
23993
61477
24130
23971
23973
23978
23975
23970
23973
23979
23979
31723
23976
23994
23978
24140
23976
24004
24155
23959
45633
30394
23987
23976
24123
24085
24032
23959
24027
23963
23978
23995
23979
23981
23995
23942
23986
23940
23981
23927
24019
23929
24313
24184
23937
23983
23938
24007
23937
23991
23938
52405
24011
23993
23927
23964
23919
23962
23912
23970
23969
29047
24107
23979
23928
23975
23931
23968
23928
23977
23929
35903
24020
23978
23920
23958
23923
23971
23909
23976
23922
30425
23989
23932
24019
23917
23978
23925
23984
24002
23920
42431
24093
23982
23974
24006
23973
23990
23975
23973
30085
23976
24120
23933
23987
23966
24009
23971
24014
24132
23961
35505
24133
23970
23973
23975
23984
23971
23963
23981
23983
53236
24219
23993
23971
23973
24280
23979
23976
23973
23975
55998
23985
23991
23999
23993
23969
23970
24004
23976
23965
54072
24005
23977
23974
23928
23972
38127
23973
23989
23973
24082
24417
23987
23937
23926
24007
23928
23981
23927
24014
24039
24088
24005
23951
23979
23931
23971
23945
23971
23923
23978
23991
24000
23928
23959
23919
23966
23931
23972
23922
26320
24009
23944
23985
23970
23977
23920
24003
23925
23981
51859
24031
23965
23958
23922
23958
23928
24022
23926
23972
31997
24056
24003
23988
23991
23938
23985
23937
23976
23976
23983
47918
23981
24012
23980
23975
23976
23979
24010
23977
28548
23981
23989
23984
23992
23978
23975
23974
24014
23968
29260
24047
23996
23986
24021
23976
23975
23976
23978
23961
24129
24002
24200
23987
23972
31148
23982
23973
23973
23978
24098
24004
23979
23969
23970
23980
23975
23988
23932
23975
24015
24005
23971
24017
23982
23943
23975
23980
23969
23973
24005
24012
23982
23995
24012
23962
23981
23961
23965
24020
23979
24041
24003
23973
23987
23973
23973
23972
23975
23975
45937
24061
23972
24011
23976
23974
23963
23958
23965
23978
34838
24016
23999
23928
23970
23976
24085
23979
24134
23975
23989
24060
24005
23963
23972
23936
23986
23922
24005
23921
30175
23945
24022
23925
23973
23923
23978
23933
24025
23931
34736
24026
23973
23927
23935
24016
23942
23993
23926
23996
66203
24001
24080
23998
23927
23974
23963
23978
23927
23976
24008
24007
23936
23928
24106
23924
23970
23921
23973
23926
48244
24000
23997
23917
23969
23911
23970
23922
23976
23984
25156
29811
23933
24381
23937
24088
23929
23980
23926
23971
23928
24162
23921
24042
23929
23971
23938
23972
23927
23973
65314
24048
23978
23988
23973
23928
23984
23927
23981
23929
58066
23981
23920
24005
23924
23977
23918
23973
23934
23983
24080
24023
23937
23970
23919
24004
23919
23976
23942
23974
78816
23934
23928
23991
23928
23932
23992
23927
23974
23929
61092
24029
24154
23973
23975
23981
23977
23979
23971
23978
52415
24021
24009
24009
24013
23991
23982
23978
23976
23999
74289
24232
23994
23986
23966
23995
23978
23981
24221
23976
31785
23997
23978
24004
23971
23981
24006
23978
23966
23966
28025
24043
24176
23942
23982
23974
24084
23976
23971
23976
24021
23974
23971
23981
23972
23978
23974
24013
23962
23981
37611
24055
23980
23927
23973
23928
24023
23929
23977
23920
23973
23998
23998
23931
23974
23930
23932
29923
23932
23970
50201
23979
23973
23926
23973
23927
23977
23942
23977
23929
53932
24022
23928
23978
23929
23980
23934
24019
23932
23971
51602
24340
23925
23988
23978
23978
23913
23962
23975
23948
61972
23980
23982
23997
23929
23977
23975
23973
23977
24025
25227
24095
23996
23930
23963
23926
23977
23929
23965
23969
56616
24010
23973
23977
23975
23983
24379
23972
23927
23977
58637
23991
23979
23934
23987
23942
23971
23974
23929
23923
27531
24029
23978
23973
23972
23959
23942
23980
23925
23972
34887
23991
23977
23961
23992
23998
23994
23972
27744
27586
23940
23971
23978
23931
23979
24049
23977
23975
23926
23977
27868
24122
23959
23973
23984
23911
23969
23932
23976
23932
28400
24003
24117
23951
23989
23929
23977
23941
23973
23932
23992
23985
23953
23975
23927
23921
23937
24276
23929
23975
24288
24014
23989
23935
23974
23926
23976
23922
23970
23922
48936
24177
23994
23995
23972
23970
23982
23994
24104
23970
23917
24147
23995
23970
23978
23932
23968
23981
24085
23974
23979
24011
23989
23964
23973
23974
23974
23982
23979
23971
53546
24010
23970
23991
23967
23972
24013
23973
23980
23976
29998
24165
24001
23977
23976
23980
23975
23985
23979
23976
101556
24032
23987
23969
23988
23973
23972
23983
23986
23985
23981
24013
23925
23984
23939
24030
23958
23996
23925
24002
24004
24012
23977
23963
23961
23922
23964
23923
24017
23923
27457
23998
23978
23946
23987
23907
23973
23908
23978
23928
27855
24029
23999
23928
23976
23919
23976
23968
24030
23913
24227
24000
23940
23965
23912
23973
23920
23966
23935
23983
61143
24020
23983
23985
23923
23987
23943
23992
23933
24005
28435
24177
24009
23986
23921
23962
23968
23961
23965
23973
23942
24106
24021
24011
23978
23985
23972
23971
23977
23980
23983
24223
24007
23979
23976
23981
23981
23976
23974
23978
23983
24083
24166
24241
23983
23974
23979
23980
23971
23972
26113
24010
24020
23976
23969
24007
24065
23972
23968
23973
56023
24003
23984
23926
23926
23978
23972
23978
23976
24028
31371
23997
23950
23974
23933
23967
23934
23959
23923
23959
27998
24020
23971
23931
23973
23935
23978
23941
23978
23932
52729
24194
23939
24029
23927
23969
23923
23960
23933
23977
37429
24014
23984
23931
23974
23931
23921
23977
23928
23982
23991
24176
23987
23943
23901
23934
23973
23973
23981
23953
42209
