18792
18664
16811
18632
16746
16736
16746
16783
16741
16747
18623
18609
19784
18631
18598
18622
18610
18626
23922
23921
23951
23901
23917
23911
24128
23921
23910
23931
23895
23919
23952
24058
23943
23920
23906
18712
23909
23909
23960
23969
23980
18686
18810
18672
18672
18662
18680
18666
24002
23978
18660
18669
18682
18694
18665
18655
18689
18604
23981
23986
18666
18671
18680
18710
18607
18605
18602
18608
23918
23923
24172
23945
23917
23908
23918
23919
23902
23923
23914
23920
23947
18622
18613
18601
18603
18588
18602
18616
23919
23916
23950
23955
23981
23970
23969
23979
23954
23974
23989
23980
18668
18621
18673
18647
18667
23963
18674
18668
23983
23931
18664
18684
18649
18674
18677
18670
18652
18687
18651
23977
18661
18617
18687
18677
18605
18655
18672
18662
23992
24008
18621
18624
23979
18622
18666
18686
23982
18621
24341
23919
18628
18627
18618
18611
18607
18601
18671
18604
24011
23968
18665
18597
23991
18606
18602
18650
18611
18654
18604
23952
18665
18670
18601
18605
18654
18605
18606
18606
23918
23964
23976
23917
23963
23936
23990
23917
19011
27483
23960
27699
23982
23949
23974
23921
23963
23919
23957
23977
23963
23920
23981
23916
24132
23916
23921
23918
23921
23918
23935
23921
23988
23920
23960
23921
23962
23967
23975
23968
23945
23937
18678
18673
18655
18874
18671
18670
18666
18666
18653
23984
18669
18678
18671
18651
18671
18652
18674
18657
18687
23955
23973
23984
23956
23985
23921
23983
24005
23936
24011
23962
23977
23993
23994
23935
23935
23979
23938
23981
23988
23978
18626
18670
18604
18609
18602
18609
18600
18604
18603
23976
18627
18670
18597
18678
18650
18667
19017
18679
18669
24024
18664
18615
18607
18621
18671
18606
18666
18605
18605
23940
23970
23924
23927
23920
23923
23980
23925
23960
23991
23959
18909
18625
18604
18671
18604
18666
18602
18607
18605
23973
23992
23936
23924
23937
23978
23935
18686
18608
23925
23920
23982
23911
23997
23934
23939
23935
23926
27786
23995
23981
23991
23950
18598
18618
18623
18605
23925
18606
23920
23921
18681
18605
18616
18610
18605
18603
18603
18601
23944
23926
18611
18622
18609
18606
18606
18618
18604
18608
18605
23944
23935
23945
23936
23943
23920
18655
18622
23919
23920
23916
23942
23919
23940
18622
18604
18631
18621
18605
23942
18614
23949
23983
23938
23986
23920
23943
23963
23961
23910
24005
18673
18618
18621
18614
18604
18669
18604
23921
18603
30087
18631
18603
18607
18620
18623
18610
18606
18673
18605
23978
23936
23920
23992
23920
23944
23920
23917
23917
23935
23920
23983
23919
23918
23938
23970
23916
23934
23941
27531
23921
23941
23937
23918
23935
23922
23933
23921
27813
23918
23981
23923
24017
23942
35684
23937
29705
23933
23931
23934
23979
23955
23965
23937
24001
23922
23958
23925
23961
23936
23931
18671
18675
18604
18631
18604
18674
18656
18663
18653
24004
23936
23921
23961
23921
23935
23933
23988
23934
23937
23919
23949
23926
23985
23918
23935
23919
23997
27828
23942
23923
23928
23969
23934
23951
23935
23920
23960
23934
23985
23984
18670
18689
18604
18752
18622
18604
18686
18602
18606
18655
18665
18623
18605
18672
18602
18618
18648
18617
18656
23936
18669
18620
18676
18653
18627
18604
18677
18603
18608
18602
23986
23935
24005
23936
23940
23919
23975
23920
23921
23977
23969
23943
23921
24000
23919
23935
23915
23937
23920
23998
23943
23993
23923
23981
23943
23973
23979
23977
23938
23919
23966
23965
23972
23981
23990
23923
24012
23981
23986
24314
24005
23989
23963
23927
23920
24255
23919
23998
23920
23983
23977
23966
23957
23987
23961
24293
23958
23981
23916
23957
23975
24000
23977
23922
23980
29199
23961
24018
23959
23980
23978
23977
23957
23984
23917
23985
24064
24003
28340
27221
23967
23924
23913
23978
23954
24010
23961
23977
23965
23980
23945
23919
23984
23919
23973
23921
23981
23920
23913
23926
23941
23917
23939
24028
23920
23984
23920
23982
23920
24002
24012
23914
23981
23933
23951
23914
23964
23931
23975
23956
23999
23937
23922
23981
23921
24003
23921
23982
23924
23942
23941
23914
23924
23940
23953
23943
23941
23920
23977
23979
24005
23943
23920
23912
24000
23932
24037
23983
24090
27277
23972
23975
23941
23986
23920
23976
23920
23922
23939
27469
23971
23945
23960
23915
23936
23921
23963
23931
18659
23962
23973
23935
23985
23932
23954
23975
23980
23920
18668
23976
23989
23936
23960
23917
23960
23917
23925
23935
23963
23927
23948
23908
23919
23983
27217
23935
23995
23980
25734
24242
23968
23997
23979
23964
23930
23956
23961
23961
23975
23959
24303
23963
23922
23938
23962
23936
23961
23948
18654
24218
23982
28361
23999
23996
23988
23979
24101
23933
23991
23976
24004
23963
23977
18651
18655
18654
18656
23956
23921
23979
18681
23993
18615
23942
18629
18668
18691
18669
23940
23965
23951
23996
23936
23991
23920
23911
23918
23962
23960
28118
18662
18704
18612
18619
18665
18622
18693
18611
23991
23944
23979
24106
23932
23981
23936
23909
29324
23920
23999
23934
23924
23993
23916
23974
23942
23963
23927
23923
23927
23980
18629
37112
18678
18604
18669
18607
18622
18655
18618
23907
18627
18622
18604
18604
23921
18617
18705
18604
23910
23969
24000
23957
23920
23921
23918
23987
23920
24003
23917
18667
18777
18601
18669
18617
23970
18621
18621
18680
18606
23979
18664
18683
16745
16744
18654
18618
18604
18602
18619
23988
18655
18616
18687
18603
18623
18602
18604
18601
18602
23960
23994
23937
23920
23920
23921
23920
23955
23920
23998
23920
23940
23908
23938
23959
23962
23943
23935
23922
18618
23933
18618
18658
23977
18997
23940
18648
18673
18671
18671
23960
18675
18674
23949
18615
23940
18625
18672
18607
18607
23980
23971
24012
23959
23984
23953
23988
23960
23920
24035
23961
24021
24000
23957
23981
23960
23978
23959
24072
23921
24005
18658
18651
18673
18606
19009
18649
18677
18678
29100
23968
23972
23929
23978
18686
18636
18673
18674
23998
23966
23998
27987
18670
18603
18605
18606
18670
18602
18617
18650
23943
23982
23938
23986
23920
23995
23940
23980
23938
23966
23964
23940
23941
23963
23933
23953
23936
23916
23931
23955
23978
23961
23928
23974
23958
23961
23936
23961
23930
23921
23953
23948
23936
23923
23922
23918
23982
23941
23972
23921
23937
