2971817
1109978
1110886
1110547
1123706
1107944
1112793
1112158
1110433
1105707
1227948
1220275
1221082
1225920
1215639
1215524
1215728
1214929
1215973
1216796
1221724
1224809
1219202
1280799
1226495
1216669
1216487
1216954
1217330
1217278
1223263
1220970
1216320
1216582
1217301
1216610
1217115
1216456
1289084
1216523
1216413
1223604
1221147
1225665
1223834
1221030
1216979
1217817
1216468
1216019
1215846
1215919
1215861
1215618
1222621
1221185
1222999
1222016
1221004
1215957
1215836
1215820
1216378
1215838
1215060
1216782
1215891
1216165
1215893
1216468
1228605
1221943
1218445
1226579
1216046
1216003
1216031
1216363
1215502
1215821
1225904
1220893
1219038
1227651
1221082
1216320
1216540
1215745
1216224
1216216
1223388
1230109
1222533
1223585
1219836
1216455
1216217
1216912
1215454
1216071
1216751
1217143
1216707
1222235
1223370
1223746
1221390
1223819
1216351
1217012
1221803
1215992
1215481
1216159
1216827
1216266
1216059
1215651
1216512
1216513
1217198
1220015
1222758
1223345
1221363
1222077
1216062
1216400
1215850
1216161
1217451
1217182
1215920
1216520
1216628
1216783
1216051
1216174
1216108
1215586
1217827
1217232
1219601
1227297
1220919
1219033
1226158
1216343
1217233
1216823
1216925
1215836
1215575
1216983
1217336
1219279
1222938
1224413
1218779
1221034
1097600
1096870
1097175
1096673
1100556
1106882
1097025
1096855
1097196
1096299
1097487
1096749
1096635
1107542
1101153
1097129
1096490
1097610
1097635
1097491
1098164
1121950
1175520
1096937
1102579
1104510
1095973
1096600
1097689
1096243
1097171
1096780
1097173
1097503
1104003
1104633
1096157
1096798
1097104
1096912
1097466
1096767
1101496
1097273
1097000
1096674
1097433
1097431
1097118
1104342
1097724
1097122
1097580
1098363
1102439
1103502
1097387
1097064
1097422
1097023
1221707
1225257
1218298
1223234
1224411
1216394
1215973
1216031
1216430
1216010
1097054
1096671
1097191
1097151
1096507
1101070
1096738
1096564
1096939
1097114
1223779
1220756
1216090
1216018
1214891
1216428
1217051
1216138
1215901
1216006
1216526
1216243
1556903
1557472
1557239
1563886
1563797
1556413
1557875
1557678
1564198
1556864
1556517
1557350
1559889
1564426
1556530
1557486
1556405
1557032
1557262
1556932
1556789
1562653
1561492
1557616
1557033
1555641
1564515
1565579
1557227
1556217
1558264
1560848
1580427
1564577
1557143
1556611
1556325
1567862
1563715
1558235
1556494
1556124
1561507
1559599
1556268
1556749
1556232
1557702
1556513
1559842
1593745
1559270
1556404
1556388
1557061
1567312
1575042
1557279
1556115
1557446
1556998
1568900
1564619
1557251
1558259
1557384
1561614
1565156
1563930
1567236
1556743
1253537
1216041
1216110
1216324
1216689
1222239
1221783
1096726
1097422
1096950
1109018
1097013
1096088
1096493
1097372
1097274
1101332
1227893
1221119
1216594
1216770
1217263
1216774
1216067
1216383
1216054
1216944
1224223
1220213
1099841
1097472
1098469
1097369
1098475
1097878
1204918
1281263
1096524
1102732
1100519
1097655
1097503
1096117
1096649
1097380
1101909
1099287
1226742
1221024
1548077
1216576
1215671
1216709
1215705
1216379
1216993
1216463
1217192
1216938
1217464
1239650
1220100
1220834
1228203
1221623
1216259
1216771
1218154
1216643
1215505
1216039
1216453
1216765
1216206
1216372
1216587
1216470
1217337
1217352
1222395
1223926
1220728
1223180
1223700
1217682
1216272
1217025
1216301
1215919
1216206
1216488
1215430
1217094
1217400
1216541
1513147
1216414
1216453
1216084
1216555
1216878
1216548
1216834
1224033
1224252
1219230
1223885
1225814
1226933
1218916
1215902
1216928
1216834
1218048
1216245
1215980
1216826
1216595
1215913
1216429
1216111
1215957
1222195
1222935
1223468
1219889
1224458
1216043
1216661
1216250
1216236
1216882
1216800
1215549
1216061
1215918
1220847
1217165
1216328
1216817
1216737
1218978
1216570
1216184
1216351
1216287
1215986
1216513
1216975
1216836
1216829
1217171
1216640
1216703
1217063
1217283
1216843
1216951
1215080
1217903
1217200
1216545
1216892
1216435
1217052
1216448
1572244
1223668
1221556
1224290
1224194
1217566
1216492
1215384
1216158
1216492
1216054
1215263
1216003
1218323
1226254
1220724
1218782
1227668
1222120
1217129
1216215
1217454
1216866
1216911
1224110
1224209
1383468
1225206
1218999
1223573
1215421
3263478
1889955
1812759
1842458
1814490
1828281
1828273
1815733
1820436
1817664
1822890
1853552
2289736
1837048
1824489
1834329
1831334
1826157
1831979
1825782
1830363
1828477
1834406
1825090
1830660
1840684
1825823
1835788
1229717
1229691
1224495
1225016
1222422
1223201
1238531
1221630
1220740
1219150
1219353
1234752
1220116
1222570
1215718
1216539
1215939
1214803
1215396
1214608
1216275
1216533
1216795
1216424
1215076
1214995
1214958
1216042
1215662
1216085
1215585
1215903
1449248
1458833
1218479
1399606
1398632
1218408
1334822
1332291
1219249
1267169
1215948
1216952
1216699
1215457
1215261
1215154
1217272
1216143
1216051
1216247
1187732
1218685
1103008
1096691
1096951
1096916
1097036
1134128
1177157
1102705
1216321
1304779
1286806
1215870
1355819
1333855
1215997
1403493
1380189
1216140
1172621
1099587
1169631
1119417
1096596
1097183
1097074
1115577
1097598
1227365
1215680
1216553
1216878
1215887
1216247
1218715
1221384
1223808
1219490
1217949
1102448
1096823
1096944
1097054
1097885
1096832
1102639
1098415
1097655
1096869
1097508
1191569
1216966
1101058
1096964
1096762
1096433
1096339
1096248
1180827
1097264
1096901
1095788
1145853
1184881
1100323
1157357
1096259
1097612
1097233
1216001
1215669
1216119
1216639
1215026
1220208
1218257
1221831
1220027
1219198
1217396
1216707
1216998
1215914
1216264
1215212
1218911
1219164
1223245
1218897
1101057
1146309
1096647
1097990
1097717
1097523
1141371
1096995
1202202
1151873
1098130
1095654
1095552
1400137
1097892
1097553
1214337
1198849
1100329
1097648
1097382
1096801
1097966
1215192
1192722
1103255
1102933
1096702
1097657
1096866
1190871
1100638
1097529
1097497
1097042
1113500
1160207
1097232
1182432
1137803
1098149
1096531
1096092
1097500
1149815
1192648
1099772
1147027
1097111
1097416
1218497
1217245
1215788
1215732
1216561
1217457
1216382
1215634
1215768
1217492
1097784
1097809
1096810
1096724
1146060
1187998
1099928
1153521
1096730
1097741
1110961
1152869
1096832
1183095
1140933
1096217
1095910
1097504
1096910
1097200
1148286
1097837
1098094
1097955
1096784
1140730
1096344
1200617
1151145
1097540
1097101
1096329
1098275
1209643
1196792
1101327
1096515
1097177
1096854
1097932
1096651
1096780
1097476
1097667
1174978
1232443
1099676
1121857
1096629
1096640
1099456
1100060
1103769
1096863
1097135
1097087
1097006
1097346
1099917
1107164
1217747
1231668
1220060
1221093
1223022
1220431
1217824
1216360
1215900
1216376
1215972
1215247
1215598
1216629
1216485
1216179
1216684
1224455
1219529
1218626
1098171
1095634
1098597
1097276
1097075
1096846
1099116
1097143
1096648
1096910
1350707
1216341
1215510
1215379
1215900
1215793
1215173
1216206
1215608
1483279
1264350
1216175
1332241
1314883
1215083
1380828
1363380
1216463
1428101
1410960
1564570
1442808
1215907
1495362
1484053
1222853
1494897
1485057
1222559
1401505
1217105
1221171
1223804
1221782
1220227
1222164
1216066
1216212
1216445
1216460
1541731
1216313
1214811
1216406
1216014
1216738
1216848
1325738
1216475
1215243
1557967
1557580
1556701
1561672
1564619
1556372
1557197
1556978
1216541
1216150
1558994
1555693
1556115
1565227
1559074
1556640
1556543
1215343
1133438
1116062
1217619
1217229
1215610
1216326
1217285
1216500
1217963
1215471
1216108
1216041
1421621
1400867
1216667
1493779
1458509
1217230
1495010
1485281
1223457
1456610
1216482
1216582
1219612
1216971
1216828
1263359
1240999
1216167
1318837
1296345
1216373
1217031
1217498
1219041
1216744
1216730
1216913
1216139
1225099
1224197
1221538
1214876
1217076
1216481
1216476
1215735
1216804
1216527
1216260
1218568
1218679
1216457
1215406
1227465
1225949
1220565
1223306
1224021
1215894
1216094
1216222
1216334
1216234
1216118
1216020
1216684
1216334
1216552
1217199
1216747
1218727
1215683
1218912
1227952
1221720
1221390
1226994
1216417
1215865
1215678
1218594
1220742
1224020
1224440
1220002
1223248
1216230
1215514
1216789
1216439
