2167885
1180443
1173412
1174179
1143730
1151969
1147206
1129722
1137627
1140068
1104287
1057053
1049638
1033483
1038561
1037072
1040566
1034565
1041989
1031942
1033973
1032506
1035469
1186482
1036740
1037323
1031234
1031744
1033370
1024006
1024676
1025154
1231413
1029978
1028719
1038506
1028788
1024983
1207473
1024223
1027261
1024204
1027301
1025201
1026329
1027367
1032345
1038042
1032955
1035017
1025075
1024262
1031527
1030986
1027010
1025496
1025200
1024297
1028674
1035437
1030587
1032572
1034834
1027113
1025948
1024685
1026440
1025655
1028839
1026156
1029682
1025425
1028235
1029606
1035185
1033845
1046485
1028968
1030865
1028026
1027084
1029932
1028149
1030123
1030895
1030793
1035763
1030111
1034434
1041802
1024299
1025939
1024641
1025124
1024897
1032505
1032614
1025469
1028900
1024404
1025069
1025536
1024297
1024996
1025804
1026862
1026238
1027029
1032652
1031100
1026733
1027315
1045036
1028122
1030801
1026458
1026280
1026202
1022693
1026714
1025280
1026081
1024947
1025320
1025207
1028428
1032340
1029710
1031653
1029159
1035334
1032770
1028666
1024314
1022675
1028431
1028005
1026125
1026105
1025676
1025513
1023918
1024968
1026657
1024092
1025117
1023863
1028846
1026949
1046337
1026955
1026253
1025864
1025094
1025872
1026427
1026517
1027074
1023566
1022998
968498
967624
966136
963254
962672
963647
972660
965326
968715
965166
956295
959386
958345
961276
960759
958906
960875
963253
959799
963929
961355
965547
958920
956653
958113
959359
962175
965559
964055
959574
966190
961323
969263
969852
970998
969987
975645
973942
966550
972137
959154
957451
964369
975632
975329
970530
967025
967113
964006
967101
964192
960445
960762
955800
959056
957073
964871
961390
961240
961216
1022773
1018695
1020208
1020452
1023784
1022285
1037136
1026220
1025369
1021903
973913
955737
958265
957607
960696
954958
961157
964076
961836
956923
1023194
1020243
1237042
1026909
1029235
1031099
1029828
1022863
1020931
1020110
1022814
1018893
1204477
1205022
1211694
1202258
1201497
1201700
1202283
1215373
1202423
1203924
1211045
1210998
1201963
1203103
1204249
1201253
1223160
1213468
1208348
1214528
1218015
1207308
1209513
1208564
1208575
1217083
1206489
1208504
1202163
1205878
1207663
1202443
1199552
1202834
1200361
1216282
1218712
1202727
1201219
1203894
1205287
1214736
1203830
1205059
1202113
1204170
1211030
1209566
1206831
1204130
1202823
1207254
1205856
1215161
1210707
1212555
1206804
1207820
1202374
1220791
1208926
1203688
1200771
1202752
1202536
1208669
1203673
1202894
1203034
1205910
1202040
1020673
1022963
1024682
1027082
1028319
1020277
1026176
954319
956098
951375
958082
959451
956637
957361
967853
966143
958302
1024989
1026209
1025328
1036433
1029167
1032161
1024469
1024426
1024440
1023261
1024380
1000525
963892
1020183
974423
965194
963946
963988
988382
1099284
961344
957708
964182
974112
967231
960827
961466
962158
962984
960056
1023349
1020887
1023793
1024117
1028852
1026179
1033868
1024274
1027489
1021221
1024567
1023987
1026753
1022545
1029033
1022909
1025772
1022589
1030538
1031220
1031938
1026920
1031722
1029125
1028649
1022957
1026424
1019052
1024242
1021483
1025868
1022771
1026005
1022757
1030015
1021721
1026344
1028512
1031759
1126645
1039546
1029593
1027303
1022971
1024059
1024461
1025987
1021811
1023497
1025601
1025986
1026279
1024885
1020944
1027328
1023846
1026634
1025862
1025342
1025990
1025510
1024426
1027597
1033510
1027575
1030104
1033964
1023773
1026181
1023869
1024397
1026677
1023899
1022926
1020264
1022703
1022545
1024900
1024491
1023782
1028521
1034750
1023493
1024513
1021777
1025920
1023894
1025509
1024303
1024561
1029195
1027156
1030788
1033698
1021396
1024173
1021766
1026298
1023534
1024441
1038277
1149593
1029996
1035782
1028475
1024194
1024281
1022779
1025389
1027502
1030508
1034442
1037001
1025541
1027011
1022133
1024998
1020804
1025494
1204932
1021817
1020866
1025710
1023488
1033139
1030836
1029574
1031293
1025812
1021058
1025013
1020263
1024177
1024344
1024709
1024013
1027625
1023742
1024846
1033164
1025389
1021500
1024857
1021311
1025970
1109164
1023453
1024290
1023623
1029744
2200965
1410129
1413648
1421651
1428317
1444597
1431016
1466515
1488846
1452793
1502160
1530764
1547191
1537445
1539226
1534881
1530001
1543695
1538485
1547006
1533447
1536089
1532262
1542768
1535336
1530095
1531154
1522178
1200243
1197095
1282320
1168752
1246783
1123950
1233403
1230587
1111182
1190690
1198943
1070837
1031526
1035044
1038433
1037396
1041150
1039502
1033590
1030260
1032215
1030023
1102255
1100275
1032228
1057698
1065025
1069070
1036101
1030957
1033422
1033472
1066146
1056911
1034855
1104181
1091869
1032796
1147614
1143388
1032818
1192842
1121440
1036859
1071552
1038293
1033317
1033062
1032639
1034439
1033012
1036159
968946
983598
968526
1041244
1012907
968476
970351
968393
967634
1017619
1034665
1035706
1034092
1033468
1034325
1032060
1033421
1032875
1033405
994617
978301
975155
1022303
1037401
981010
971014
974211
975327
976829
1031075
1034404
1034202
1032025
1031573
1029049
1030946
1032520
1031110
1033553
1127953
975154
978512
974568
971315
974207
968550
974312
974591
976226
970948
971582
973902
990311
975786
1048535
1013530
974171
978465
974519
970645
1013433
973231
971517
977854
971622
972858
1021258
1045651
978854
1022393
1028351
1029246
1030224
1030202
1031798
1032365
1028570
1031238
1029886
1029572
1029536
1030750
1031709
1034786
1031671
1031175
1029004
1030482
1032695
1032733
977414
1024707
1034547
981526
975879
969884
974005
973582
996992
1024351
1045804
977074
970175
974086
975234
976230
975720
999872
981687
1039861
973477
975707
973091
975736
1000478
975402
1036170
1003912
972146
975371
1004951
972453
1027378
981741
973136
974576
977687
976467
1009389
1035887
1040798
1008509
975899
974803
968921
964779
967219
1024083
1031809
974781
1038254
1035511
1031629
1025120
1026615
1028273
1029935
1025955
1026287
1024442
1041931
1010033
969659
966428
972246
972219
972095
1021578
1037607
966508
960959
959123
959807
994148
1024152
963399
985513
957018
962142
955160
1022521
968990
1002077
971315
966728
966746
973727
991456
1023556
968233
974204
967622
971842
966140
992787
966501
1032538
1001557
977118
961704
1016388
1004223
971142
966733
971071
965939
970321
1022560
1022135
973730
971436
970513
973270
969632
970478
968452
967185
967487
971852
968278
1024700
1027584
1026059
1026790
1023243
1023967
1032686
1149078
1030652
1029423
1024627
1028919
1027239
1030434
1028792
1025493
1025079
1028759
1027172
1025964
972487
981752
966228
973268
967101
970642
965030
970298
971132
969694
1180678
1033854
1134357
1133110
1029067
1090964
1086671
1028411
1048659
1104125
1025985
1024056
1023928
1029778
1025481
1031181
1025185
1027140
1028160
1028094
1023773
1024163
1022270
1026680
1024699
1029363
1025265
1025790
1026400
1027164
1023216
1029733
1025519
1028293
1025867
1028310
1030286
1030387
1041305
1064651
1024537
1030389
1027020
1027737
1029433
1030386
1159407
1033820
1206207
1033342
1201028
1214488
1210126
1206890
1202136
1204947
1204980
1211894
1159050
1028919
1204893
1210867
1210303
1205536
1209520
1203596
1206393
1023270
963538
965567
1137033
1115383
1116656
1121788
1022213
1083037
1093607
1022457
1045589
1024021
1016572
1016973
1019429
1016195
1021230
1016000
1018296
1016325
1017531
1046759
1017501
1016592
1018795
1019908
1019841
1017707
1019051
1021764
1019938
1021648
1028841
1022644
1026243
1021861
1027063
1022302
1029643
1023764
1027925
1023659
1030528
1029743
1028468
1029118
1031755
1023089
1026213
1020513
1024911
1023023
1025353
1024207
1023133
1023652
1027462
1024226
1027044
1022500
1031953
1030519
1034259
1026525
1026563
1033049
1023750
1023127
1027605
1020222
1024681
1024225
1022509
1025206
1022321
1022605
1025715
1025277
1027065
1025619
1029584
1032008
1022713
1022236
1021071
1023818
1024680
1023303
1031162
1169407
1027852
1044371
