2509692
2268017
2264043
2269928
2176795
2063231
2098485
2053391
2051511
1958318
2014183
1939348
1898679
1918934
1914217
1922405
1908873
1922927
1847209
1957760
1811423
1839266
1796936
1789290
1781242
1684868
1728932
1754348
1757298
1753900
1813582
1783038
1818222
1824576
1758912
1699594
1716812
1697649
1600129
1723576
1814217
1787331
1850871
1752286
1804878
1712277
1809004
1730744
1708212
1698654
1820043
1806755
1735286
1798075
1818711
1740132
1770206
1775398
1835894
1738362
1817148
1813526
1796135
1750869
1804653
1751162
1817020
1770820
1647312
1712162
1849676
1832192
1795329
1762446
1733661
1707514
1737372
1685798
1630240
1733896
1891888
1812280
1794770
1852011
1735460
1722360
1708985
1657256
1645694
1697007
1959395
1860530
1806435
1734263
1820628
1792938
1790743
1678777
1746661
1757618
1810668
1863299
1800576
1752750
1786866
1728772
1807633
1816733
1745040
1800996
1857139
1785249
1821198
1803601
1799021
1796064
1765983
1702274
1788787
1750574
1819683
1792418
1798609
1882409
1718633
1764146
1745419
1755748
1654501
1815278
1864447
1781765
1753196
1761038
1770590
1782036
1669070
1753841
1718262
1832301
1887159
1844995
1785021
1752565
1815147
1718169
1761745
1643705
1625303
1733603
1829337
1780509
1818976
1740780
1724768
1827649
1760823
1763882
1755266
1801465
1828912
1770796
1840175
1757013
1796159
1785824
1855776
1765748
1754960
1807724
1846460
1813270
1869788
1736301
1739635
1788309
1757248
1818337
1819406
1742697
1786939
1793245
1851480
1757663
1753481
1757272
1757121
1704662
1718779
1703823
1824913
1843266
1780712
1766138
1716583
1727090
1753493
1757029
1713430
1719075
1841516
1816435
1760211
1728063
1712122
1727019
1686490
1713747
1680788
1765324
1806476
1758676
1810122
1768359
1872586
1804296
1755660
1789577
1690392
1784123
1890055
1811923
1746742
1750520
1848764
1770643
1774222
1706571
1735405
1704725
1887272
1861455
1820297
1731874
1735855
1714063
1621609
1685654
1639081
1734559
1793050
1869521
1768630
1742849
1753545
1748385
1791677
1803465
1718269
1756856
1818352
1778966
1811599
1841416
1778399
1770669
1723663
1772424
1780776
1556765
1833658
1819770
1810353
1739057
1792567
1734506
1805531
1695423
1716243
1738768
1891653
1816597
1870489
1821001
1721493
1777319
1783694
1700696
1689574
1644746
1815027
1864209
1830657
1785020
1806323
1689895
1604004
1723248
1628870
1708810
1896125
1766629
1778442
1796136
1769765
1712304
1687660
1710976
1647871
1713665
1832943
1764197
1864734
1806486
1800549
1713303
1908857
1790886
1773217
1716801
1831235
1764049
1863854
1792469
1803825
1744640
1669943
1710367
1728013
1800863
1822202
1827217
1830118
1703733
1745303
1761963
1780005
1795886
1660481
1681266
1826787
1875234
1750339
1815278
1780028
1734969
1822704
1719392
1729872
1753239
1861707
1802867
1858244
1790747
1863627
1767865
1717425
1761156
1711998
1768276
1805720
1802187
1848356
1755091
1764100
1774201
1739874
1731547
1632187
1644289
1800051
1893335
1786816
1773539
1830594
1691061
1712919
1731523
1704260
1752154
1816803
1817762
1850759
1760673
1721518
1716933
1808582
1751039
1610189
1721238
1892564
1781687
1767323
1768824
1760803
1766529
1757669
1796864
1720194
1779187
1906562
1786715
1841536
1769237
1771906
1770372
1736966
1686333
1729916
1753543
1861836
1826512
1856999
1762125
1705138
1670166
1782639
1716926
1715155
1784132
1881849
1794193
1829825
1736020
1803334
1725460
1714338
1793651
1659582
1714504
1834902
1775156
1876284
1768681
1836854
1772229
1766711
1737706
1758587
1742784
1848555
1803447
1787199
1836958
1836667
1720412
1691996
1761652
1725997
1765063
1812422
1804289
1761563
1855094
1791861
1732747
1824239
1764566
1739868
1761465
1803681
1782312
1862001
1806982
1797311
1734971
1726245
1753739
1801576
1786721
1863166
1873745
1843994
1752644
1849790
1794874
1789947
1655261
1756915
1683441
1802674
1893604
1783584
1754725
1802776
1832817
1767438
1738996
1684984
1738118
1888525
1862448
1873726
1803779
1781026
1737218
1817227
1731697
1714091
1730245
1830082
1814936
1811574
1809820
1836775
1743874
1807232
1758681
1779866
1772746
1821436
1819555
1825676
1755046
1798693
1824188
1740953
1735949
1657922
1717792
1776804
1824067
1785641
1796726
1786888
1761354
1830106
1794975
1824344
1727396
1796848
1799602
1818913
1770624
1754826
1768792
1760760
1717398
1640624
1823800
1790904
1871899
1785239
1830965
1763660
1801674
1745086
1723266
1710465
1715431
1872600
1846665
1774220
1784869
1794369
1781380
1792891
1747365
1700343
1683905
1804904
1791027
1829100
1764152
1739999
1854780
1824573
1717437
1662079
1777124
1887336
1805104
1790385
1823299
1713549
1768733
1743749
1645269
1664682
1672938
1806854
1765330
1795364
1823712
1791126
1776575
1809608
1758930
1727084
1694653
1812214
1819922
1831579
1853199
1736257
1742668
1790473
1737915
1764929
1758682
1907373
1834613
1857867
1811134
1744449
1667040
1737765
1682714
1642090
1639648
1828138
1817479
1852577
1770612
1723677
1729830
1748852
1811352
1640317
1689646
1824163
1812725
1772399
1810022
1802259
1726502
1795973
1671512
1690068
1735435
1797332
1869761
1808956
1778593
1717865
1739813
1691875
1696696
1710483
1719001
1810428
1804548
1801281
1771483
1746806
1748800
1738162
1804201
1696153
1778744
1775282
1821886
1891598
1816325
1751591
1725387
1793913
1722718
1676503
1692014
1869935
1790186
1867372
1792184
1794169
1791981
1810648
1737275
1794322
1668473
1819623
1782352
1831663
1759928
1758930
1759927
1664295
1665259
1715501
1717637
1831754
1797306
1757221
1823123
1761981
1749211
1776010
1673236
1668725
1741885
1780384
1830711
1850833
1815122
1798806
1782778
1726099
1789395
1769971
1759837
1878564
1864634
1810784
1746980
1762380
1746004
1711237
1628118
1633135
1749442
1883422
1807095
1794219
1828811
1669878
1702700
1715346
1730320
1680920
1674222
1845908
1816016
1809372
1802980
1832751
1800028
1702216
1679943
1595470
1717615
1819549
1893325
1816593
1713748
1812298
1714374
1660198
1679347
1601721
1741700
1862679
1808547
1818614
1839613
1840336
1803766
1769475
1738970
1708625
1726016
1871194
1819389
1782519
1800865
1756785
1795815
1732440
1806847
1757190
1761686
1832871
1886216
1796545
1814989
1732000
1700356
1731383
1717729
1641109
1683733
1901454
1831421
1886806
1772535
1696862
1790384
1770071
1749582
1678181
1734965
1800934
1840427
1768438
1855955
1798673
1798490
1732770
1741994
1765627
1688442
1882833
1803970
1857058
1780166
1802754
1757114
1715240
1746320
1669892
1711003
1784603
1850475
1759616
1815859
1863894
1826696
1685313
1657158
1740047
1722076
1862284
1785840
1738240
1786765
1746621
1725056
1776262
1708553
1655646
1727077
1810653
1794824
1838276
1837530
1734451
1767910
1822107
1726892
1630710
1740482
1799520
1876236
1844108
1781287
1765625
1764347
1702719
1786461
1744658
1726832
1818716
1763651
1757650
1767328
1768362
1729273
1772987
1700892
1712027
1719192
1877460
1757327
1771045
1820741
1771818
1790049
1717252
1709269
1641675
1738261
1820823
1888710
1853055
1825445
1724969
1728759
1733844
1652271
1692608
1730940
1876634
1779252
1772926
1821361
1817839
1767864
1720118
1707774
1688288
1740723
1853087
1849575
1773425
1710453
1730681
1738630
1745530
1695614
1601693
1710279
1806723
1853573
1861175
1744161
1805331
1778081
1687240
1685670
1680128
1757970
1901730
1856227
1813571
1738889
1810761
1719894
1721553
1660067
1582970
1707736
1855526
1870763
1877872
1755178
1814549
1811693
1689297
1649504
1681298
1629605
1914931
1774691
1755213
1741829
1698765
1714104
1781067
1705706
1705416
1749168
1806532
1795482
1818105
1788411
1785765
1738011
1726401
1661428
1762829
1748026
1792063
1833029
1815387
1771811
1819077
1800891
1769121
1803890
1740778
1738819
1866359
1800956
1764268
1741044
1818842
1777942
1660727
1685040
1683947
1672863
1824386
1848685
1837186
1730652
1813254
1691604
1733357
1675123
1768538
1729352
1828468
1814030
1806713
1761986
1697014
1672577
1710473
1693964
1675170
1734857
1879792
1765556
1753340
1760333
1755677
1729735
1736967
1735492
1778873
1758554
1815120
1824168
1852760
1768164
1850000
1794618
1761250
1651867
1599237
1751119
1808385
1812801
1747086
1787498
1826331
1780229
1761389
1784584
1658496
1754934
