45237
44532
45801
44402
44858
45915
77218
272851
216940
250741
275223
232701
230528
230489
231470
231909
231077
229620
274916
272601
279742
277952
272379
277730
275437
277351
274586
290128
272076
274535
233651
233048
235548
228952
230686
44575
45524
45089
45881
282488
275091
271358
273745
274287
270061
279693
274430
274008
275387
273738
273002
275142
273019
272456
271638
284246
270791
286912
279806
271958
232082
228471
230103
229039
229075
228465
227000
280797
273884
279599
230067
230175
231464
236191
229226
231261
230066
231210
271963
274711
233745
231140
233660
232148
228839
231797
230461
229799
292681
277310
236372
255712
44750
45421
44196
47166
44105
45147
54304
55260
53710
55011
54200
53477
54582
54164
53540
53877
54138
53789
54424
54404
54292
53787
54689
53874
54760
54555
54559
53874
46546
233450
227922
231405
232289
232433
230391
249390
274076
273477
279435
275910
276816
278403
277796
274108
275351
279457
230796
282439
234431
236940
232335
233077
237276
232716
228585
229977
54352
54214
54094
54007
54519
54333
54043
53802
54646
43575
53660
52395
53688
54365
54236
53554
54411
53183
54704
54195
54390
54128
54350
54336
54779
52853
54586
53864
54592
284394
44381
54318
45030
43996
45045
43011
44126
43425
45130
45967
62517
54443
44116
45160
44221
44414
43912
45275
43984
44219
54622
54390
44746
45106
44816
45758
45787
44421
45674
44807
54196
54023
45343
44307
43826
45145
44243
43914
46792
43842
45548
53825
44461
44183
51763
44087
42792
46658
44857
45704
54308
53959
45176
43930
44442
44928
44035
45031
43975
43938
54064
53569
44164
54305
45121
45108
46341
44614
53883
45609
54254
54027
45142
44507
45599
44495
44089
45215
45449
47741
54344
66176
46241
43761
45561
44754
46787
45104
42725
44296
57924
54130
54579
54366
54193
54161
55204
54339
53804
53776
54235
54048
45821
44522
44626
46744
45236
42819
43084
43166
54006
54055
45386
43906
44448
44975
42734
44549
43498
45375
54279
53276
75740
44536
44841
44893
44294
43464
45491
43306
54521
54760
45282
44786
42895
44492
44065
44845
45946
46134
54257
54605
45471
45672
45951
43934
45134
44984
43858
46460
66400
54603
42003
42121
43607
38814
40444
42728
40103
38975
43507
54351
45059
45693
45010
45600
43543
46241
46174
43795
54423
54025
43387
41677
40408
39947
44659
41924
40909
43448
41721
54327
45031
45513
45239
44456
43013
46531
44889
43364
53410
54181
45737
44661
44868
43866
45255
45057
45026
44688
54129
54187
46623
45210
45130
44247
44071
51784
43682
43616
56710
53546
54296
54362
54957
53854
53300
53800
54684
54261
45817
53990
45344
41242
41670
41142
41482
39922
43286
39934
40396
53501
44914
43840
43704
45701
45256
43505
45948
43276
55095
54390
44926
44355
45054
44024
43591
45051
47485
44412
53570
290367
229380
45449
45836
45476
44229
44256
45026
44902
54219
54047
45858
44762
43651
45822
42500
44365
43008
45643
54931
54946
54712
53611
54511
53647
54378
53734
53542
54752
44256
54474
45024
44076
54964
43450
44441
43456
43999
44352
54055
54362
46394
45153
45522
45333
44795
44331
43672
46220
54169
53791
46252
44017
46249
43671
44514
45617
45011
44818
54658
55053
54709
53876
54214
44552
45372
43106
43764
46477
53883
53568
46049
44342
43177
42294
54660
43602
45949
43488
54025
54372
44473
42445
40440
41045
38509
42222
40116
40544
41699
58834
45755
45778
42170
45080
44217
44334
46698
44300
54424
54642
44985
44025
43922
44148
45346
44177
44574
44188
64206
54359
45286
45258
45473
45374
45038
45378
45037
47214
53743
53846
44822
44728
43797
44942
44541
44800
44562
43854
54162
54537
44459
45804
45371
43413
43546
45475
44587
53849
55072
54050
44316
44484
45470
43644
54699
43229
44253
43705
53717
53363
54787
55066
53249
54500
53592
52647
54044
53945
53701
54298
54223
44831
45805
43918
45167
46069
45266
44513
54004
54844
45013
44765
44383
44694
45252
44139
44592
44494
66703
53788
45807
50162
43835
45532
43619
41159
41451
47186
43493
54246
44686
44271
47168
44472
43712
54221
43724
44330
54231
54239
45264
44849
44713
43275
43971
43079
44782
43604
60760
54474
54576
54456
52979
54715
54507
54076
54191
54939
63889
67085
45969
44720
45178
45088
45167
44837
44845
45802
53615
54450
45126
44404
44802
46605
44436
44541
45464
42891
57141
53817
44365
45530
44229
45042
45142
44232
44633
44155
53978
54061
54126
54184
54900
53934
54321
53940
54346
53809
43372
54740
44242
43680
43885
45647
46039
44144
46855
45402
53820
55035
45857
44764
44820
44154
45702
46101
44463
44911
53422
53933
45070
44744
45046
45891
44746
44431
51571
45690
54424
54178
45059
44398
43844
44512
54003
43994
42882
45169
43129
53800
42945
43314
41615
40826
42450
42930
42827
43436
42575
53779
45362
44200
44811
44263
54314
43639
43052
44572
53645
54298
44643
45472
46231
44907
43076
46241
44629
44408
53973
53913
45176
45397
44563
45355
45958
45242
44717
44194
54851
55046
44936
44902
44987
45379
45721
43529
43989
45037
53986
53470
44748
43697
46018
44623
44099
42725
45100
43296
45461
54642
46335
46031
44693
44215
41299
41930
43638
45571
53894
53890
45013
45614
44466
44492
43475
43830
44178
44127
54859
55777
45352
44476
45262
44139
44393
45215
43806
44026
54109
54076
44512
44743
44037
44442
44012
45493
45209
45646
54621
54234
45229
44300
43358
44797
42675
44006
44422
43132
42860
53698
44999
44831
43692
44173
43516
44512
44833
43897
54438
54214
44786
43909
44429
43716
46277
41071
44539
44675
54196
54705
45634
43962
44642
43691
46154
44112
44615
44324
53176
54748
44586
44337
45079
44645
44146
44675
45067
44060
53925
54240
55110
54768
54091
54471
54302
54923
56238
54541
44754
53792
45611
43368
43207
45355
45326
45815
44063
44817
43918
54386
45681
45579
43764
45748
43734
45118
45744
45049
54594
53576
45160
44397
42952
44120
43792
43611
42966
43918
53485
54430
45788
44925
44415
45787
44091
45736
44982
42714
61581
53992
45240
45240
43371
43894
60823
46106
43709
44039
53995
54472
54437
55020
55610
54607
53387
53451
54225
53505
53733
54557
53577
54766
53777
54291
53413
54053
53634
54775
46020
53869
54676
54832
54676
53535
54384
53905
53748
54387
54353
54413
54510
54587
54092
54043
53671
54088
53384
54606
47797
53757
54417
55566
55001
53652
54314
53819
54366
54481
45511
54073
53471
54402
60028
53520
54082
54170
54557
54533
54467
54799
