45024
55188
45159
143554
229585
228903
234498
228342
229428
229099
226519
214100
214149
212816
214934
215143
214790
214422
212804
290389
214791
220976
214645
216219
213076
215101
221602
212793
214733
273919
226525
214731
213570
212674
214217
43545
42005
54297
42052
42323
42237
40872
40465
41111
40100
41817
42869
39265
40286
41365
41221
40942
41530
43448
40300
41659
41581
42811
38426
53735
40821
40108
41512
216303
212546
214364
214969
212214
215110
289803
212783
215255
216060
212824
215112
212405
214555
215320
212421
272164
215158
214146
215188
218764
214820
213891
214253
212794
214699
273648
212682
217714
42559
42756
125679
216961
216425
260990
215380
270831
217430
212970
211806
214878
213974
213215
214756
214376
228974
273022
217908
212280
223463
214705
211600
214705
213673
219181
250186
274702
213903
214402
213326
212482
216899
214463
213013
217239
272582
249179
215697
212858
213869
213727
212642
214893
216948
214420
271412
273426
214208
215238
216469
211055
215518
214056
211846
217458
54052
63462
41721
41579
41955
42199
41466
39379
40270
41679
40600
44668
41245
41865
41552
41530
39441
40210
39386
39644
54553
54032
42985
41954
42620
40674
41083
43261
41724
43612
41633
54055
43331
40954
42462
42214
41107
41542
39700
43404
41115
54433
41665
41626
40655
41644
42719
42669
39407
41020
41979
54253
41997
40512
42099
42988
54541
43317
43213
41827
40783
43384
44489
41683
42122
43779
41471
41383
46099
40369
42199
44333
45792
41870
40035
42538
40968
40317
44123
44190
39803
54549
41753
41442
41912
40887
42763
43050
41267
43310
41439
53622
40945
42690
42810
39442
41824
40858
40455
40275
40458
55210
41879
40926
39438
40188
40277
40906
40442
40178
39545
58215
40921
41789
41698
41802
41412
42327
42135
39343
48157
54004
44185
44066
44580
43265
44660
44067
49433
44302
53712
53540
40972
41592
43091
42428
39407
42973
39707
42012
42769
54832
41549
42097
39629
41233
41340
41644
42363
39973
41661
54427
41324
40402
42690
39708
40321
41862
42355
41484
42008
53897
45468
44185
43617
44608
40348
41106
42876
43044
54295
54944
44208
42019
41703
44692
39700
40372
40996
40761
41342
53588
41727
40854
40646
38290
40120
40849
41910
40651
40388
54080
41852
41259
40698
42470
40390
39250
42607
42673
42973
53969
41610
41576
43402
39495
40301
43130
39946
42465
40827
54491
43260
43490
44219
43990
44465
42373
43007
43729
54572
57183
53658
39645
39497
40762
41229
41018
40923
42371
43561
54245
41571
41329
43010
41396
42330
43672
39828
40556
39762
40331
42342
41067
39552
43416
39795
40493
43586
41072
40198
53498
42228
42264
43167
41196
42273
40842
41347
42114
41968
54615
42505
40761
39472
41244
38298
39681
40676
40292
41830
61781
40838
41467
39717
39423
41123
40343
39211
40186
39578
293469
216067
42763
40466
43874
42283
42172
53910
39305
42662
62153
41522
41288
40804
40759
39797
41929
38139
39770
38970
40102
41409
42539
40755
38225
41663
40550
41219
42560
39485
44770
45085
44251
44361
45113
47252
45504
43107
45916
53895
44376
40769
40284
40463
40188
40161
42596
41345
39649
42097
62155
43625
43892
44240
43224
43974
45088
43549
44973
54591
55448
42723
41278
40486
40402
40106
39306
40048
41176
42623
40436
42348
41753
42237
40238
41254
39810
40189
43569
42448
54037
41512
41925
42670
40711
43012
40708
40150
41291
41625
53824
41383
42116
41530
40649
41054
40723
42495
41615
41572
53999
41706
41086
41453
41600
41133
39592
41845
40682
41218
44351
53908
44470
44665
44208
44457
44545
45467
44989
54203
54200
41121
41100
40605
42986
43352
41138
40784
41781
39571
41150
41907
41086
40114
42581
39608
42437
44835
40802
40058
54318
42334
41552
41825
41241
42919
40474
42004
42263
43856
54948
41619
40769
41839
40870
39988
41620
40976
40772
41875
54826
40620
40390
39166
41532
41287
40860
40258
39027
39883
54017
45110
44707
45703
44491
46201
43914
42387
44911
54014
53168
40364
41987
39894
42340
38409
39629
40137
40343
39031
53192
45376
45042
45508
43131
43303
43928
44604
43928
61784
54424
41308
40626
42282
40686
43337
40360
41268
42144
40730
53881
43905
44869
43822
44113
43426
45478
46213
43553
54855
53520
42058
41897
40592
39844
41563
41629
41500
40536
41392
67440
44138
44316
43622
44455
43732
44355
42854
44832
43510
54319
42758
44947
43153
43519
42746
42639
45550
44617
53593
53383
45159
44433
44656
45020
42458
43777
44453
43398
62588
59823
45038
44340
43906
44105
43764
43623
43966
44430
54700
54098
44854
44165
42938
44411
43463
43316
43303
44230
63226
53460
40396
40349
40226
41369
41409
41782
41938
44516
39875
53090
43784
44659
43705
45253
44516
44473
43140
43211
42780
57506
42240
41991
41943
40493
43180
42516
40168
42148
40323
54423
41783
41294
41848
43068
40994
40192
43080
42108
39768
54546
41798
42249
41832
40125
40717
40211
44392
41986
41499
54026
43653
43429
43331
45568
44168
42682
42876
43833
53929
44760
40733
41956
42245
41230
41409
39786
39172
40308
40430
54062
41030
40929
40921
40035
42541
38832
40346
39429
40133
50715
44337
56015
44572
43934
44114
44009
44242
43100
54410
53900
44828
43837
43300
45846
44876
43855
44259
43128
54285
56630
41171
41380
41918
40217
42344
42046
40382
42101
39490
54228
44510
44197
43549
42754
43740
44832
44798
44994
54854
54265
43802
45122
42760
44142
43203
42352
45000
43753
53764
54949
40646
41367
40207
39027
39398
40730
41650
41604
41590
54025
41319
41458
44725
40592
39326
43803
40112
40748
42367
54029
44974
44692
42652
43433
43343
43265
42956
44862
54362
53796
40826
40344
41233
39991
39764
41254
40256
40504
41866
53722
40941
40251
41123
41634
42372
42222
40918
41675
40226
53451
40855
42259
40515
41763
43421
40489
49962
40207
42596
54297
41514
41307
43457
41708
41929
44218
41415
40948
41864
54455
44480
44435
44915
45855
44472
45040
44388
47000
53994
54234
44616
44871
44645
43676
43545
43521
43858
43012
58388
53727
40956
40704
41557
43630
40084
40860
40409
40767
42701
63567
41058
41909
42049
44274
40219
37699
42322
42629
40142
54181
40833
39888
39795
40475
42212
39962
45866
38641
39824
58661
42122
41218
40649
40940
41180
41982
40399
38985
42231
54021
41228
41897
40897
42819
41675
38908
41682
39647
41400
54395
41632
41640
39590
40663
43437
41734
40083
41564
41096
54480
55128
40933
40332
40709
40781
41712
42086
41947
42136
61005
