53632
88796
55058
53658
89403
270717
287882
270983
268089
271603
278121
275512
277992
278562
275506
274878
274181
271430
272045
316809
274870
281924
275206
272607
271091
268761
280759
271876
270634
369020
280312
281377
273384
272624
269855
51684
51209
54005
52949
277501
280842
272659
271756
274193
272232
271620
274895
275406
283630
283739
277701
272951
278411
274467
275302
272914
271289
273372
308189
297918
278129
276426
272877
273011
270071
283951
271704
270612
296855
285299
277136
278523
274902
276330
273767
272818
269178
271455
271477
319392
280910
275306
273093
274408
271753
271913
271221
270685
279849
274081
297334
276695
53389
57014
54704
53862
54427
54575
54221
54710
54598
54111
53882
53362
54986
54071
53940
55218
53789
54794
58350
53242
53352
54238
54588
53280
53461
53623
53115
54566
53410
276936
273323
272656
273765
273963
270282
271112
294706
329728
280799
276875
272891
273455
276173
269987
271665
270462
316584
295238
277935
272612
272963
270658
271131
271092
268827
281566
53361
54382
54356
53681
53676
53751
53836
54628
54046
54292
54676
54077
53800
53890
50972
54049
53701
54068
53935
54293
53335
88067
56843
53209
53207
53628
53094
54249
54092
274262
51633
75938
57953
51941
52027
53759
54181
53950
53246
54363
53775
53727
59931
52670
53568
54219
54255
53459
75750
53906
53442
56747
54002
51257
51432
53733
54875
53859
53542
53052
53780
66783
58596
53089
51399
54003
53578
52965
70258
54050
52940
53927
54293
53846
52851
54204
54278
54589
54160
54125
53590
90591
58039
52232
52237
53769
54015
54406
54094
53835
53075
106942
57919
51704
51586
54535
53833
54813
54598
52213
50686
97904
53791
54941
54510
54646
53098
54572
53233
51726
53647
117363
54245
53802
54153
68302
54105
53584
54211
53805
53645
54187
61397
54483
54046
52858
53485
53039
54567
51345
53689
61192
57241
53903
54027
54233
53558
53715
53822
53821
54334
53205
56492
54335
54099
53767
53485
53821
55570
60349
53752
75703
54741
54715
54582
54257
53584
54225
54595
53699
53651
55531
57380
54571
54209
53789
53955
54618
54928
53517
54125
66180
55962
53282
54324
53937
53944
53935
54128
53959
53327
54324
53967
54622
53558
53690
53799
53706
53864
52577
54198
80446
57661
54390
54696
54353
53466
54585
53948
54391
53226
65834
59404
54953
53347
53929
53578
53328
53982
53735
53738
69996
57372
54293
53433
53966
54036
53578
54050
52842
53798
62978
58104
54327
53889
54924
54165
54181
53799
53563
53955
53660
58208
53755
54249
69448
53918
53998
53978
53268
49370
55355
54598
54027
54258
54501
54752
53566
53661
53561
54726
67529
54132
53577
54344
54349
53218
53635
53253
53627
53620
64443
56412
54179
54863
53791
54116
54005
54584
54380
54142
73933
55582
55139
53771
53998
54372
53752
53988
54487
53296
347801
270375
54864
54504
54129
54460
54503
50991
55056
54510
54256
55844
54408
54471
54443
53655
54263
53206
53594
53208
54106
61733
54724
53704
53988
53881
54600
53846
54161
54111
64022
55018
54638
54112
53679
54487
53350
54049
53920
54141
76975
61760
60425
54859
53884
53882
53796
54260
53632
53221
65408
58908
54996
53726
53440
54062
54419
53219
54389
53881
54259
59561
54419
50973
53719
54271
53737
53598
54286
54113
59219
54583
54050
54602
53173
54198
53526
54201
53893
53835
87761
57588
54309
53511
54163
54331
54133
53766
53707
53656
90427
59583
54297
53398
54085
53818
54244
53885
53395
53803
70821
58273
53631
53444
54385
53845
53890
55244
53425
53758
107816
55102
53668
53814
54103
53223
54188
53142
54213
53052
94573
57329
54314
53429
54132
53186
53830
54363
53447
55121
85523
57454
54815
59856
53528
68914
53369
55302
53986
54287
71566
53852
54149
53504
54065
53628
54022
54395
53799
54119
71984
57919
54479
54563
54004
52983
53860
53408
53414
54223
69278
62642
54550
53626
53710
53401
54507
53838
53756
54022
72586
54449
54373
54498
54274
53989
51843
54027
53438
53619
64278
58905
54622
54050
53645
53142
54561
53522
54367
53226
56796
54723
53605
54072
54416
67651
53694
53568
53593
54478
90444
54122
53808
53732
54079
54000
53193
53557
54254
53563
85205
61650
54240
54840
53599
53678
53516
53646
52956
53983
94547
54127
54096
53519
54279
54344
53161
54037
54610
54083
94868
59615
175608
175025
173542
175347
174887
174219
176043
225818
174170
176003
174398
175434
173876
175278
175124
181170
175145
175077
247308
175573
175758
175464
175258
174698
173857
175624
174620
173883
250080
175255
174018
175532
174852
173818
175482
174755
174736
175260
208480
175473
175474
175408
174071
175034
173897
175490
175060
174591
213761
175498
173710
175047
181342
175072
181242
202478
191314
188278
180613
180208
174197
176113
175888
197411
175628
53157
53842
53904
62850
54548
54746
53714
54265
53747
54205
53688
54204
54577
58102
58519
53812
54101
53664
54163
53750
53545
53911
54188
54006
54586
54855
53997
53634
54939
54302
54293
53024
53910
68948
58708
54377
53538
54229
54007
53946
54159
53273
177893
199264
182297
176564
194948
174393
53810
54051
53859
78147
52070
67209
57443
54601
53711
176508
175471
174345
175092
174412
175509
181220
176533
175720
175197
173978
181481
175499
173755
175385
175558
285034
179544
175622
173502
175308
175085
174052
174985
175608
174365
181353
177958
174314
175458
176031
174275
175175
175659
173626
175335
280543
179349
175684
174341
175169
175236
174375
54337
53857
53449
54053
56387
54762
53830
53378
54864
53999
53550
53476
54042
53974
56844
54213
53889
54078
53566
53850
54229
53625
53813
53067
56633
55080
53507
54006
54187
54092
54262
54032
53940
72623
59600
54963
54015
54298
53668
53925
54367
53252
54214
81776
57200
54768
53317
53777
53755
54061
53453
54763
54215
87351
56511
54652
54409
53508
54192
53366
54367
53512
54150
63254
58119
52752
53447
53666
53671
53619
54207
54077
54069
53737
60021
54787
54061
53449
53976
54438
54165
54185
53888
115194
58466
54374
54071
54030
53977
53581
53944
53812
53900
56800
57929
55373
53745
53663
53490
53765
53069
53576
74004
67954
62326
53908
53399
53744
53773
53773
53953
53652
53672
89180
57474
55403
181290
54105
53857
54167
53902
53809
77528
53949
59716
54879
53957
53661
54496
54182
54564
53282
53726
54393
59032
55116
54138
54314
54489
52987
53183
54257
53889
105376
55723
54553
53969
53669
53221
53813
53903
53667
53768
64228
59916
53816
53771
53937
68638
54123
53611
53416
53458
60759
57333
53761
54080
53232
54076
54257
54473
53586
53875
84434
