44271
44101
42336
235421
210599
214491
215273
213897
212997
213869
233163
245303
226493
229021
229104
227329
230104
228777
270893
275353
275011
270623
274721
274663
271019
272067
272003
270389
271948
280519
274422
274354
273935
275367
274637
44530
53959
54331
278460
272620
290487
226870
226353
228328
227429
226445
228541
227758
268888
271730
234028
229449
229187
229144
226523
228826
228955
225588
276787
271956
234276
235606
227783
227845
227456
226319
229797
228287
269685
272161
274960
277419
273408
269780
285662
274525
274780
273638
269477
277266
276612
234163
226904
229789
283090
228201
228431
227070
277657
274767
276515
272905
53335
54514
54365
53997
63798
54417
54002
54423
44890
44966
45551
44223
44783
60694
44622
44538
54887
60010
44813
43953
46917
45657
43648
46067
45369
44290
69548
53610
240585
225486
229246
229338
227175
228919
227778
226855
271233
267789
231022
228452
279600
228879
229330
227174
271858
285832
276527
273811
228747
227596
229750
228627
227408
229410
228717
228862
53890
54311
44552
45752
53595
44503
45295
43768
45482
45673
43311
54619
44314
44013
46254
45258
45680
46589
46109
45733
54238
54639
53211
53528
54350
53525
54216
53753
229703
54428
54049
54302
54146
53969
54157
54538
53832
53871
54670
53649
57467
54365
54096
54194
54256
54288
54287
58904
53499
65399
54138
54418
54131
54783
54207
53830
55241
54344
54281
54162
53746
54075
45007
45752
42953
43335
45509
43240
45873
44047
47204
53677
45614
43288
45801
46139
43788
46653
42740
43969
45419
53467
53763
54655
54148
54118
54067
54166
54155
53235
55012
53997
53749
54026
54663
54184
53694
53695
54611
64600
54080
64832
44751
44167
43821
43357
43629
44182
43541
46459
44782
58289
44849
44575
45349
46055
43623
49959
44611
46753
45709
53976
44153
44801
43481
44182
44257
45335
44560
45981
46167
59124
54352
54731
53651
54185
54173
54152
53279
54487
54200
55142
44496
43922
44959
46516
44776
43697
44600
41889
43587
54302
54738
54947
53941
53639
54463
53791
44079
43767
53845
60451
54518
54320
55036
53514
53590
54189
54387
54514
55000
54331
54202
54051
44199
47214
45572
45431
54586
44092
54626
54124
44251
44108
44796
45266
44305
46220
45244
43736
54421
54777
44992
43383
45620
43641
45409
44966
45501
43442
44148
54067
54766
54449
53604
53753
53548
44555
45180
44109
54491
53750
54083
55437
53855
44118
43468
43997
44655
44447
54204
42714
53415
54729
53642
54313
53194
54188
54546
54292
54285
54101
45803
43656
45114
44763
45847
46314
45963
53794
44824
55931
45510
44476
45911
43976
46032
43642
41876
45421
45556
54578
53994
54422
54166
53093
53782
53280
54177
54038
53832
58853
54166
54668
54380
53701
53312
53669
53938
59656
53736
53707
54540
54161
53989
53827
54105
52484
53748
60763
54774
275527
275102
69608
54794
54466
53643
54403
54571
54383
54443
57916
53980
54071
53762
54086
54607
55020
54212
54466
54403
53389
45067
44295
43221
42686
43685
44077
45063
43798
44280
54849
53315
53997
54097
54079
54350
54245
53752
54435
53642
54708
53635
54695
54441
54065
53908
53577
54099
59880
54131
59562
54373
54616
53910
54111
54526
53696
53959
53824
54829
54021
44861
43644
44236
47125
43624
45794
44432
43554
43228
45859
45268
43784
44202
45361
44953
63172
44156
45551
46004
54513
56332
44827
44023
44824
43880
44242
44759
45051
46162
51631
54533
54375
53947
53259
53691
53417
54004
54204
53984
61224
55033
54288
53404
54104
53382
53946
53637
54304
53770
54410
53550
54696
53613
54222
53737
54647
54023
54228
54200
53867
54576
54194
54191
54484
54088
54326
54389
54629
53944
57234
53885
55176
53852
54391
53624
53773
54226
54650
54102
54320
54838
54373
53791
54100
53615
54726
54307
54847
53382
53098
54431
54556
54168
67611
53906
53449
53853
54450
53668
54814
55149
54449
53774
54371
53329
53896
54839
54514
54906
54799
54909
54656
54116
53347
54436
54164
54353
53446
54520
54313
54755
53993
54027
53474
54728
54124
54604
53967
54090
54141
54167
54207
53508
53783
52728
53722
53512
55079
53911
54495
54193
54314
54833
54101
53637
54058
54295
53314
53911
54139
54008
55161
54064
54273
53817
54122
53889
54563
53875
54040
53713
54776
53107
54797
53969
54079
54995
54973
53994
53732
54720
54254
54002
53564
54430
54277
54569
53939
54986
53302
54471
54409
53439
54440
54625
54017
66163
53656
54860
61902
177172
173894
175543
176730
174573
175707
175331
175329
181007
179015
174555
175482
175751
175999
175589
175060
176015
175461
138929
176114
177336
175290
175655
176477
175041
174993
176717
174630
176490
187046
173866
175810
174008
177316
181224
175585
186666
176122
174361
176537
178607
174184
176355
178396
175218
176628
177913
173679
177490
175055
175344
176643
175094
174282
175932
175527
174421
176404
138293
176769
177500
177022
174042
177021
175392
176010
175685
185324
174463
176125
179058
175654
176093
137417
144671
138355
137821
162692
176181
175212
139977
177522
137882
175135
137766
137042
138117
139181
174105
140702
180768
183878
177285
174591
183052
176108
174689
190642
175785
175199
139674
139035
137439
138362
138179
137017
139050
139200
173768
182340
178438
175249
176031
54447
76320
54321
53937
54466
54293
54239
53957
55280
54387
54373
53853
54502
53580
54308
53702
53935
46084
44364
44809
44036
44154
44199
45078
43805
45111
54361
45111
44820
43839
46349
54112
43152
45255
46010
54106
54135
54880
54725
54486
54144
52963
53609
54134
54246
54472
43803
44601
44144
44491
44339
54334
44422
44296
45136
43410
54612
44635
43922
40519
40288
45622
43395
44973
44622
44127
55054
44548
44989
43812
43057
45056
44185
44424
44400
44262
53975
54776
53888
54174
53303
53777
53435
53983
53293
54912
53277
53828
53965
178802
179814
54329
53715
54284
54276
44635
54445
44887
43741
54648
44610
54089
45699
45409
44815
43840
54163
44500
44768
54703
45469
53721
41549
45997
46328
43117
53577
54269
54365
54541
54102
53860
54130
54627
53692
54235
53565
53487
54352
54377
53809
54074
53889
54476
53882
54083
54413
45388
44243
44730
47713
43332
44582
46545
43642
54904
54776
54203
54380
54780
44338
48476
45972
43916
54007
55251
53887
54056
44380
43030
46818
44735
45505
45233
45672
63529
53953
53396
54383
54156
53961
53662
54013
53580
53363
54636
53807
54105
54415
54446
53429
54505
53588
54373
54178
53759
54038
54481
54249
53837
53559
53261
53483
53713
53708
53553
59733
53939
54640
54339
53906
53985
54752
54834
53872
54290
54685
