1749132
1741175
1556848
1539756
1524881
1510663
1501135
1500605
1451320
1465333
1401657
1395013
1386438
1375466
1379814
1371811
1380879
1366278
1374516
1375898
1374685
1383395
1368839
1390654
1372392
1365916
1360245
1358857
1362205
1352058
1231048
1232666
1237603
1243538
1242279
1232228
1228422
1234301
1234973
1230957
1226749
1224137
1225991
1229270
1251055
1225995
1223843
1223978
1236256
1254996
1224955
1225618
1231393
1247031
1232339
1221956
1233500
1254637
1243399
1242236
1224000
1223997
1231450
1234954
1234389
1231092
1225793
1246170
1227934
1228354
1224799
1237293
1241044
1227623
1230208
1224353
1230548
1232776
1223206
1245171
1226061
1222196
1223012
1226375
1233291
1231283
1227903
1223681
1221789
1241678
1237127
1232225
1235383
1225846
1227003
1226845
1232828
1221277
1217617
1247070
1227807
1218820
1228732
1252974
1229082
1224924
1224287
1233377
1235327
1243763
1225894
1222447
1226516
1236486
1222289
1224600
1234173
1246194
1225984
1223608
1230798
1227333
1226596
1231851
1224754
1226511
1225719
1226343
1223173
1221712
1222474
1222742
1229713
1244576
1221884
1224249
1225863
1227498
1230642
1242723
1233538
1223862
1223604
1224600
1223538
1232336
1220079
1221954
1229006
1239930
1224607
1221289
1233316
1240517
1228531
1221865
1225435
1233364
1232486
1246831
1232675
1220811
1221545
1251242
1224347
1230995
1225865
1227053
1221352
1237055
1229215
1223119
1240629
1237724
1223291
1219913
1219747
1259143
1223974
1218157
1220016
1222218
1224202
1239562
1232404
1218336
1224731
1246943
1222814
1236130
1220479
1225922
1224407
1241410
1236515
1215555
1220079
1239550
1221080
1222323
1215922
1224930
1227681
1242136
1222339
1217245
1223971
1224124
1230842
1248414
1220175
1221264
1238329
1237488
1229612
1218306
1219566
1233586
1230758
1254567
1221947
1236309
1223510
1230780
1222689
1221695
1225495
1231952
1221729
1222163
1230065
1222326
1227493
1234363
1238399
1233184
1216605
1222981
1220799
1246724
1221460
1221138
1224496
1235400
1239692
1219255
1226108
1222350
1228958
1227601
1220193
1218281
1232003
1242301
1239890
1221401
1222798
1223512
1221872
1243163
1044225
1044592
1048652
1049712
1044069
1038090
1040622
1042937
1041603
1110391
1221874
1233823
1220313
1227533
1228509
1222855
1232429
1248465
1225516
1220251
1221574
1223630
1222621
1240441
1242424
1219099
1223543
1224312
1227425
1244462
1223228
1220790
1225072
1223199
1235857
1228914
1220042
1226986
1220000
1237846
1222048
1219038
1222020
1240189
1221521
1225001
1221047
1236934
1219555
1235003
1217912
1228112
1231427
1224314
1222193
1223937
1228121
1242180
1227381
1244102
1217295
1230172
1228604
1237872
1223985
1212731
1233423
1239652
1223097
1239867
1228118
1219063
1223293
1225567
1227004
1240087
1229165
1224160
1219816
1239264
1223249
1220835
1220666
1232181
1244931
1218711
1222333
1228769
1222911
1255676
1224509
1218662
1229783
1255023
1224431
1221522
1220692
1232098
1231261
1247954
1221378
1224849
1241817
1238039
1225214
1215543
1216257
1233436
1228803
1240787
1222945
1228551
1227249
1231073
1231724
1217287
1231311
1224723
1222271
1261873
1217869
1222493
1223151
1243672
1227482
1213754
1215803
1226881
1240649
1244188
1222560
1222905
1221672
1229691
1240757
1224413
1220869
1223704
1224418
1252979
1222777
1226482
1225225
1244640
1232946
1218131
1234145
1223629
1217997
1257413
1219728
1220803
1235831
1244079
1237953
1214364
1220533
1237110
1232866
1236190
1222242
1224701
1227847
1227382
1227689
1220016
1225505
1231162
1228188
1235527
1223583
1222844
1228923
1227755
1231599
1220425
1218771
1238318
1228976
1241525
1235633
1231380
1222856
1228584
1227960
1220319
1229311
1222554
1220321
1240728
1221726
1217089
1221968
1237517
1230637
1221596
1220277
1232213
1223087
1246379
1218333
1223479
1231853
1233853
1222168
1220926
1229144
1254756
1221391
1217860
1219057
1226420
1219801
1242563
1225945
1220751
1228882
1223173
1225326
1235913
1220435
1221102
1219516
1231673
1240148
1219144
1225319
1227956
1222520
1232882
1220868
1220354
1222776
1229809
1227079
1224539
1229432
1220373
1228281
1244441
1220060
1230979
1232191
1231558
1231904
1220215
1225036
1237279
1224372
1240690
1221746
1224011
1228352
1237196
1223426
1219892
1223988
1229577
1222204
1243890
1220207
1219984
1217412
1228855
1226172
1216453
1229276
1235526
1221932
1239976
1228569
1223932
1225045
1227464
1227157
1222508
1234492
1218532
1229611
1238042
1225279
1225477
1222027
1242701
1238798
1223750
1216695
1224766
1231348
1254531
1226595
1225833
1222028
1222756
1224858
1231328
1228467
1220468
1220064
1230269
1222145
1227937
1235408
1234591
1226656
1219876
1221716
1245502
1221433
1241524
1225528
1228312
1219843
1241391
1244774
1224224
1223533
1228055
1222623
1245577
1225517
1226041
1223472
1243600
1223437
1217948
1223102
1230919
1227740
1236822
1226716
1222446
1221266
1255753
1225387
1219671
1224994
1225760
1217533
1250672
1222192
1221491
1233716
1243607
1230725
1221641
1221495
1225163
1229240
1225185
1222904
1220278
1221939
1232602
1245417
1230771
1222960
1239593
1220950
1239346
1242061
1228178
1223358
1232103
1226110
1215877
1224759
1229150
1224984
1246025
1229500
1222966
1222361
1232889
1226733
1222626
1216391
1221698
1222827
1215347
1047432
1039239
1042714
1045062
1048840
1033927
1037645
1043383
1043716
1059993
1229999
1235020
1222978
1234289
1224786
1226488
1218418
1230115
1218600
1238365
1230385
1223212
1222072
1226338
1233735
1219585
1221576
1231449
1220185
1243850
1226451
1239836
1224136
1231986
1222151
1219298
1232553
1227454
1227372
1236501
1221890
1222203
1230064
1228160
1226501
1225491
1217874
1231342
1221225
1219167
1221175
1223747
1233575
1246058
1226198
1218139
1225691
1221570
1229912
1243267
1222368
1221312
1224325
1234912
1235431
1218512
1224580
1231083
1233615
1256941
1229057
1225622
1232063
1232237
1224195
1215581
1223147
1235486
1233474
1218862
1229898
1221280
1227204
1231086
1226120
1228148
1222101
1232073
1223781
1243126
1223891
1220918
1225809
1232076
1220452
1224874
1228516
1226921
1222029
1228650
1225376
1228138
1232367
1227996
1232987
1217718
1220376
1233835
1233386
1252218
1224063
1230976
1226100
1240185
1236104
1219765
1224772
1226139
1237579
1230833
1224218
1223892
1221839
1228142
1243485
1230397
1221813
1227942
1224125
1241518
1223988
1227862
1220980
1229856
7204341
1219517
1227103
1226432
1225018
1219388
1221291
1215067
1216928
1239106
1228251
1222372
1240625
1225917
1222983
1240675
1217762
1219159
1220426
1225356
1227996
1219374
1218008
1223557
1216596
1216682
1228507
1220109
1222585
1228264
1237743
1237571
1216720
1223044
1225333
1241903
1220732
1225168
1235290
1229850
1227176
1230511
1216349
1237634
1226259
1244217
1222313
1217455
1220004
1231441
1244852
1227437
1218759
1229153
1221629
1234675
1220489
1227280
1222816
1227612
1232616
1221584
1233013
1242643
1223248
1218894
1225118
1220221
1226304
1245945
1227693
1220994
1223605
1221454
1242521
1224144
1222144
1224314
1223165
1225098
1225581
1229512
1231924
1253818
1222678
1225519
1228324
1235051
1223397
1233929
1223906
1233077
1232158
1228694
1221524
1243826
1222350
1221800
1230538
1232526
1229624
1216616
1228354
1224874
1237983
1249060
1223738
1226465
1221352
1243475
1235546
1221068
1224157
1227737
1224376
1264254
1221783
1221863
1222483
1231558
1242444
1218817
1220496
1227923
1221152
1237380
1219754
1221682
1227504
1233652
1222111
1221945
1221134
1233463
1239036
1246851
1234813
1229871
1221481
1232839
1246244
1231718
1224038
1240734
1220578
1240025
1219180
1226822
1221823
1229407
1237028
1236564
1231610
1243751
1222639
1221550
1219566
1218344
1220856
1244967
1227221
1224294
1222022
1224509
1222266
1249470
1224212
1225482
1218676
1219830
1227026
1224985
1225349
1220189
1214797
1240608
1217990
1221790
1235061
1234185
1226840
1223901
1220134
1231324
1227193
1249063
1223395
1222261
1225599
1247256
1234100
1218975
1220099
1227822
1248445
1246608
1224111
1228828
1231895
1228439
1228433
1219054
1216030
1240885
1236820
1235940
1221780
1226216
1229172
1228071
1229337
1218984
1224102
1229862
1235899
1241274
1221488
1233330
1217713
1227163
1229692
1217514
1224726
1234815
1226423
1243451
