1796172
1832839
1583388
1551837
1553117
1565753
1569214
1572370
1595926
1561349
1542462
1547553
1546446
1547597
1549439
1564755
1555701
1555044
1561279
1553755
1553731
1557326
1560097
1566143
1551007
1560351
1552672
1419216
1230810
1328030
1146864
1129503
1131557
1123953
1107660
1106990
1089867
1095843
1073233
1067406
1247089
1237697
1241307
1230147
1242678
1238366
1244842
1051136
1051934
1211140
1235704
1234274
1238274
1236695
1240308
1238284
1236354
1238763
1061229
1056939
1104497
1054876
1052394
1052485
1053317
1058942
1059349
1061131
1070718
1210764
1061572
1055508
1058384
1053000
1050065
1045077
1047812
1056326
1152360
1050757
1194468
1056853
1160321
1150334
1168854
1172346
1049264
1141150
1054153
1050751
1051844
1045866
1053824
1050158
1054661
1048704
1057029
1051972
1055788
1184891
1050832
1049071
1051603
1052639
1053110
1057736
1052838
1051958
1055686
1128387
1049896
1052025
1048904
1050026
1048393
1050744
1052128
1051257
1226400
1046870
1051614
1046693
1045396
1049959
1046975
1047601
1050845
1048216
1050347
1067027
1049448
1049095
1047214
1048367
1049073
1048407
1050228
1048235
1046391
1048320
1082054
1051479
1054218
1048756
1067783
1046262
1050966
1096722
1053254
1105062
1239974
1236733
1233758
1227886
1231086
1234255
1234504
1236432
1131821
1051837
1232868
1230902
1227881
1232866
1229583
1228607
1234854
1229513
1240414
1231831
1232276
1232648
1224155
1228941
1234599
1233012
1235736
1228488
1230627
1230842
1229556
1234543
1233128
1206693
1217381
1043603
1219461
1060123
1181859
1183490
1235051
1234762
1047000
1047479
1048063
1046102
1047066
1053167
1045682
1085109
1238000
1237050
1232079
1230035
1231917
1239871
1231161
1231509
1229829
1232090
1226526
1234972
1238724
1228411
1230918
1231105
1233770
1241354
1236176
1225350
1049399
1047400
1228309
1054403
1053607
1059173
1052290
1051661
1051828
1080556
1051251
1045204
1050707
1049713
1048082
1050472
1043266
1044811
1050032
1040844
1095480
1040830
1135039
1054390
1167430
1159167
1044795
1258327
1054897
1049060
1070801
1043811
1053383
1049215
1045573
1051240
1039472
1050235
1053295
1148729
1237282
1222532
1226664
1241931
1228909
1232251
1232526
1043492
985137
1004471
1052086
1048039
1052229
1046035
1045461
1047977
1044893
1049864
1054619
1094407
1051722
1045833
1047615
1044966
1046796
1056987
1046923
1054796
1058450
1186678
1057175
1058335
1063940
1051744
1048101
1051659
1046607
1045527
1044299
1189064
1050097
1045656
1046413
1047294
1045023
1048198
1048091
1041446
1040671
1163842
1219254
1248428
1233581
1225963
1231951
1224089
1232514
1230581
1163463
1059376
1048062
1049364
1047581
1044185
1048459
1044909
1046457
1050336
1046232
1046445
1045923
1042933
1051051
1049065
1042076
1046571
1045493
1046760
1044697
1040399
1236639
1253288
1226692
1226782
1225396
1227187
1233718
1231221
1052287
1058264
1229388
1241832
1227521
1233939
1223725
1232530
1239090
1232476
1056564
1048646
1226577
1229059
1238750
1237466
1225276
1223899
1225645
1236304
1069321
1051746
1228209
1228735
1230683
1236643
1236491
1229501
1227718
1230907
1236077
1236844
1232144
1232946
1228103
1227132
1230647
1237256
1228605
1227531
1227237
1234923
1246549
1233773
1232769
1229941
1227870
1234563
1234592
1226088
1233162
1225248
1233046
1230935
1244943
1232423
1227372
1229778
1236465
1235354
1087302
1051305
1231024
1226728
1242998
1228252
1221906
1232707
1231615
1232342
1237902
1229712
1232829
1229211
1231889
1228402
1219956
1222164
1221344
1220258
1227916
1224816
1228548
1226373
1231848
1228813
1236146
1241190
1232471
1227326
1047609
1041371
1047604
1046182
1046526
1049957
1039799
1046475
1051253
1046854
1167657
1050084
1223984
1226996
1234541
1230773
1227082
1226753
1228933
1241958
1235218
1227065
1047348
1045598
1045985
1062573
6213110
1041093
1050273
1044451
1044976
1060467
1044227
1051628
1044638
1045486
1053789
1042235
1052768
1053824
1063903
1059467
1054282
1051324
1058124
1046842
1048127
1046147
1051828
1041870
1051125
1049232
1043977
1051681
1052678
1041761
1049119
1041037
1066474
1060747
1050272
1141676
1046547
1051624
1041259
1045032
1051739
1043308
1045203
1044188
1047135
1177322
1230610
1229961
1233153
1240344
1230539
1228412
1229865
1228228
1243089
1230168
1043848
1056731
1060016
1052362
1053368
1043005
1049042
1045170
1045597
1111281
1052158
1054036
1047189
1043772
1041824
1048425
1046484
1048462
1045744
1046301
1230999
1237380
1224180
1226561
1228174
1224334
1240252
1236455
1227112
1225248
1041170
1050624
1044381
1050460
1048528
1048888
1066532
1064273
1050511
1198777
1054915
1053943
1052408
1056032
1056867
1046424
1053042
1051701
1041127
1213892
1053528
1055692
1050794
1050348
1046627
1042847
1045942
1049718
1048897
1207255
1042735
1048998
1044906
1046182
1047679
1044493
1044355
1045646
1241838
1049506
1045620
1048695
1045973
1047837
1046496
1045206
1052534
1048104
1065671
1209559
1050867
1047276
1046707
1045236
1055718
1045602
1051030
1063002
1057764
1202678
1057305
1051216
1053439
1053927
1055598
1046011
1040595
1049286
1046861
1198556
1227486
1225635
1230978
1228156
1231280
1225087
1224973
1043673
1048520
1046568
1228611
1226824
1223373
1224439
1236894
1239321
1231651
1232874
1044017
1048827
1232060
1221492
1256116
1046011
1055735
1056491
1038626
1046877
1042451
1044244
1050277
1042549
1048099
1047869
1049448
1055050
1047250
1061698
1055766
1044693
1046346
1045740
1049088
1048267
1045141
1048145
1040818
1048762
1048535
1170999
1053098
1055860
1046858
1045705
1044746
1046517
1045912
1047231
1045484
1117759
1046474
1044864
1050778
1043326
1048199
1046243
1043793
1050686
1044939
1106882
1047589
1047085
1051667
1055101
1051089
1053598
1060285
1051091
1108557
1050921
1228213
1230954
1226762
1232916
1237739
1223068
1229859
1225351
1225804
1237562
1226105
1229329
1255156
1237751
1228965
1220733
1224801
1226718
1239411
1222543
1039642
1050717
1046377
1048380
1054717
1052346
1053144
1051158
1046053
1145809
1224708
1231544
1224845
1230947
1237047
1223259
1229691
1228661
1227266
1237833
1043464
1055461
1049420
1055163
1052725
1082039
1054675
1041144
1051551
1202981
1047146
1050318
1047269
1047788
1044439
1042882
1046859
1045621
1050823
1047296
1049575
1058041
1052562
1048255
1047771
1042900
1044818
1044911
1049599
1069255
1046139
1048804
1040735
1048906
1048769
1043546
1042363
1042711
1113768
1051462
1043871
1051472
1042306
1048126
1056848
1049201
1065033
1049657
1044446
1133553
1049115
1052591
6117226
1037868
1054386
1051856
1044638
1050262
1054202
1064153
1059710
1052657
1050045
1047498
1045339
1044251
1048591
1050199
1046263
1048226
1045420
1048108
1043163
1052223
1047032
1047545
1047169
1045675
1046676
1047916
1048510
1050089
1045144
1046041
1054374
1048163
1052196
1063042
1045524
1048532
1045121
1047755
1049695
1045972
1046815
1054446
1056922
1051651
1057462
1185598
1047629
1042810
1048673
1041809
1045603
1048331
1043350
1050726
1043085
1043325
1046255
1044489
1050349
1042037
1051132
1049426
1041181
1051887
1077051
1044987
1055381
1047704
1059087
1044679
1042704
1048781
1044916
1048046
1088594
1045473
1237379
1226221
1242860
1236952
1222402
1230018
1236976
1045204
1054090
1047905
1049547
1044881
1049265
1046835
1044354
1047857
1041139
1050687
1049832
1040402
1059502
1049332
1052451
1055840
1043060
1046644
1045680
1051194
1049334
1044009
1049617
1048277
1047587
1048334
1045072
1169752
1046471
1044913
1047617
1186444
1043520
1048813
1054024
1058599
1054769
1047845
1049895
1050362
1047705
1164245
1221423
1223989
1227659
1229469
1229047
1227798
1229239
1225630
1231034
1236492
1227852
1231020
1231884
1244054
1230205
1226628
1228553
1227085
1252787
1253004
1053187
1057256
1059947
1050279
1047204
1045086
1047337
1046254
1051813
1050114
1232131
1233224
1227456
1230034
1231121
1227564
1236930
1225856
1234085
1232280
1229215
1238744
1231451
1229038
1225659
1225881
1227844
1241080
1236766
1228854
1232365
1231241
1227489
1237129
1238556
1224605
1228855
1229722
1047848
1049244
1236976
1232609
1226042
1228571
1232453
1238513
1239692
1230784
1232946
1228170
1232641
1230928
1228084
1223528
1237705
1227312
1234183
1233462
1223930
1049873
