54491
44589
55490
54347
95752
282914
290728
239371
279408
239767
285831
281774
285622
286226
280049
281707
281662
279413
281691
322752
283688
282610
285364
280782
284096
282049
278944
281339
280599
342610
284209
283334
283085
282617
277383
54535
54434
54042
53732
304786
275789
274246
270083
272021
270754
269861
271880
272036
276814
291421
274563
273017
273279
284403
270167
272535
272294
268987
279710
318941
286444
274308
273807
270835
270706
270339
269685
271633
283311
340855
271920
274055
274679
269973
273380
271683
269617
272871
280018
325329
275592
275897
270736
271341
272337
270820
270872
271421
267926
292911
275554
272578
59583
53659
56745
53270
53833
54329
57150
50624
54009
54110
54597
54015
54337
54499
54659
53086
54444
53816
54693
54948
53704
54268
53809
54341
53789
54040
53955
53921
54421
274671
272281
270098
271786
270628
269237
271240
278950
287465
275755
273032
271139
273514
271392
267067
270939
274850
276221
347594
278562
270638
272641
272785
270326
271547
269841
269613
53733
55831
53222
54154
53739
54573
53372
54139
53320
54182
54462
54092
55010
54050
54227
54409
50934
52682
54597
54358
54429
73335
56095
54752
54328
54485
53778
52874
54468
285825
54201
55788
54915
53557
54876
54019
53370
54254
54026
54372
54653
53911
53601
54634
53980
55168
53961
54075
53394
54491
54559
59705
69965
54590
53213
54027
54072
53476
54728
52755
54668
54014
54898
54071
54160
53722
55136
53484
54424
53952
53212
54171
54823
54701
53831
54539
54549
55050
53950
54393
54683
54237
53587
54309
54677
54124
54557
54116
53934
54157
54103
53647
54311
54066
53846
54413
42809
44550
47052
45263
53951
54584
54594
54596
54361
53870
54597
54346
54416
54181
54372
53945
54384
54427
54394
54686
53546
52760
53493
53709
54738
54283
55139
53694
53896
53603
54551
54683
54120
53739
54120
59059
53824
54751
54245
54565
54342
54548
53931
54204
53583
58648
53913
55129
54100
54160
54394
54323
54246
53617
54353
55824
54528
54262
53941
54178
54554
53522
54017
54005
53357
53903
54956
54280
54222
53591
53391
54634
54144
54464
54402
66167
54265
53572
54106
54541
54076
54345
54410
54267
53330
54134
55966
54215
54690
54410
53662
54209
53848
54472
53868
58634
54159
54523
54220
53992
53767
53794
53372
54598
54496
56961
56131
55333
58203
53654
66871
53265
54305
53693
53677
54120
54156
53046
54556
53256
54510
54238
54302
53121
54108
53611
54699
55006
54014
54649
54987
54156
54770
53891
54155
53150
55019
66271
54150
53499
54100
54521
53917
54771
54136
54334
54492
54481
54741
54375
54431
53592
54151
54072
53721
64181
54280
54058
54477
54040
54509
54229
53391
53843
53820
56545
53891
54332
53570
53917
44125
44453
46471
42851
53791
57463
54909
54124
53445
53463
53487
54552
53751
54372
53693
337934
272918
54242
54327
53933
54703
53592
54207
53900
54248
57472
54339
55279
66989
54321
54293
54002
55081
53563
58102
60067
54912
54267
54291
54460
54510
53911
53966
53289
54068
60415
55060
54229
53585
53660
53999
53945
53414
52365
53941
77794
54652
54827
54197
54171
54156
53693
53833
59296
53385
54441
54851
54689
54971
54189
54222
54720
54699
54807
54125
54176
54250
55074
54533
54275
54024
53786
53509
54074
59578
54443
54500
54132
53489
54556
53926
54165
53532
54421
53903
56875
53964
54092
54428
53364
54252
53571
53877
53394
53978
53977
54499
54288
53664
53275
54025
53652
53767
54056
54355
54565
54304
54372
54098
54457
53946
53650
53551
54165
54058
54357
54246
53544
55214
54618
54083
54140
53893
53671
53654
54475
55476
55132
53555
54186
54489
54374
54224
54605
53315
54435
53993
54641
53604
54187
53543
54293
53597
54419
53490
76643
55402
54483
54392
54241
53885
54108
53492
54247
54239
76644
54867
54827
53953
54496
52577
54223
54250
53648
53761
53354
55198
54589
54225
54432
53923
54307
53553
54483
54115
58445
54514
53547
54020
54531
53947
54217
54148
53914
54021
54526
55650
54171
53152
54280
60892
54100
54056
54092
54525
54213
54859
54991
54818
52780
54545
53878
53500
53862
54272
53889
55617
54138
53932
54429
53820
54261
53607
54154
53919
54332
55640
54127
53879
55201
53570
54859
53561
54150
53820
63727
55596
53421
54463
53950
53946
53646
54855
54147
54140
54350
56031
54545
54216
52904
54301
54548
54831
53575
53929
53596
54949
54680
54273
54630
53223
54057
54480
54244
53856
54288
54337
54689
54677
54722
53341
54278
53646
54468
54055
64539
54132
54274
54167
53146
53924
54186
53948
54108
54289
54472
55667
54237
53787
53539
54208
53410
54109
54575
54086
67159
55759
54834
54052
54686
54402
53984
53937
53094
53698
54113
54193
54279
54200
53983
54330
53830
54221
53049
53877
53628
54155
53306
55049
53872
54074
53735
54413
54443
54202
53995
55083
54880
53878
53903
52822
54004
54012
54299
53635
53441
54835
53850
54321
53981
54640
53404
54028
53475
53992
53949
55123
54213
54490
54601
53461
55028
54286
54421
54060
54286
66692
55095
54133
53613
54048
53545
54212
52719
54612
54475
55049
53958
54018
54213
53873
54048
53138
54683
53932
54487
68151
54662
53863
54544
54473
53700
54107
53619
54698
67624
54669
53899
54547
54080
54695
53629
53449
53548
54045
73027
54483
54158
54059
54390
53678
54415
53461
54046
54039
61181
55691
54860
54298
60746
54139
54737
54370
54459
53951
53893
55930
53232
54406
53885
53456
53300
54451
53868
54347
54177
54358
54844
54224
53478
53621
53731
54447
54148
54772
53829
54618
53996
54443
54229
53496
54273
53179
53769
54986
64408
54381
53999
53712
53367
53859
53979
59577
53551
54394
68591
54700
54816
53661
54919
53534
54685
53844
54621
53792
77785
55014
54757
54160
54313
53916
53145
54302
52957
53907
71703
55358
54052
54485
54182
54352
53576
54439
53519
54316
54784
54290
54474
54366
54589
54002
54289
53854
54232
53675
64181
54994
54977
53359
54154
54203
54449
53738
53841
54568
69706
54601
55141
53554
53426
53638
54210
53977
53738
54137
60746
54417
55137
54664
54148
53530
54584
54725
54275
54153
54207
55912
54081
53659
54649
54787
54299
54414
53847
59126
54533
55073
55230
54035
54508
53940
54271
53917
54358
53988
54183
54159
54309
54649
54151
54724
53868
54051
53740
54465
62843
55124
55265
53837
54391
53755
53754
53080
54385
53773
59009
54724
54311
54294
54048
53292
54345
54448
54481
53959
55677
54826
54580
53853
53576
54124
53844
54839
54333
54632
70040
