1954830
1577640
1574531
1547781
1521924
1516432
1505149
1518095
1497724
1446520
1385332
1373324
1383331
1374542
1390545
1388341
1374131
1370882
1363624
1366845
1382081
1387721
1365876
1367089
1237469
1230763
1227822
1225776
1241768
1230827
1252387
1251173
1250583
1249687
1260259
1252762
1246517
1237740
1245718
1253324
1254335
1269661
1260250
1248458
1246370
1242136
1248749
1242873
1241550
1248547
1236833
1233220
1241692
1237364
1246108
1227720
1244178
1229505
1229700
1248834
1235176
1258069
1262747
1231483
1234830
1233472
1243480
1251508
1233604
1252665
1253249
1253302
1233149
1232380
1236245
1234107
1244252
1229132
1235133
1260453
1235570
1244223
1249231
1229807
1239691
1230930
1237556
1246977
1237776
1244046
1242238
1244049
1253341
1250667
1233854
1234196
1245898
1238280
1250980
1253940
1239855
1238431
1250776
1230888
1237703
1234955
1233104
1233255
1251204
1251400
1229700
1239637
1256066
1254968
1235573
1232961
1239913
1240669
1246087
1245208
1240146
1238943
1232331
1241530
1245007
1251204
1234554
1226329
1231327
1270988
1254282
1245081
1245681
1230673
1243918
1241786
1251090
1228796
1237437
1255826
1558705
1540907
1367110
1350928
1374529
1358000
1359425
1359820
1347102
1359152
1356628
1343774
1353430
1353390
1360438
1355477
1363856
1346146
1376870
1346939
1353335
1363411
1354538
1355702
1339698
1371005
1343453
1341754
1353355
1336956
1345734
1347312
1355825
1343117
1366997
1352792
1355404
1357383
1343522
1338613
1347813
1346314
1362131
1021977
1023364
1022650
1028662
1031742
1025066
1024133
1052257
1038591
1038852
1057709
1038924
1093069
1088783
1072747
1037592
1112235
1229394
1229498
1228478
1235130
1226758
1228006
1226675
1222642
1238314
1250453
1084147
1104699
1045490
1037715
1043409
1044384
1045126
1039644
1041189
1036871
1138982
1042946
1178642
1040002
1237489
1051918
1195123
1198408
1051495
1153212
1044379
1210358
1202954
1052810
1215797
1050065
1179913
1046137
1130356
1137214
1062321
1041540
1106505
1065103
1031539
1061007
1111064
1017790
978744
979860
1039469
1039727
1034169
1034199
1221342
1035189
1044317
1062451
1074698
1081966
1224955
1222338
1229160
1230420
1224899
1221105
1217688
1228829
1228230
1242878
1219433
1215364
1217122
1225742
1228664
1220123
1215227
1215426
1225767
1244167
1220725
1225773
1232413
1217433
1081948
1056692
1035293
1037218
1030625
1037851
1226581
1213144
1224958
1223938
1227619
1220119
1217506
1224453
1228086
1251291
1234315
1225277
1222348
1221481
1225911
1232518
1221989
1221457
1219482
1240074
1225905
1232359
1224813
1225773
1237471
1224656
1219908
1222018
1216927
1247888
1227432
1230900
1220599
1229355
1227690
1227091
1226213
1220216
1232298
1240507
1220862
1224119
1228781
1231943
1227382
1221668
1223637
1218108
1222779
1247296
1228064
1240731
1227455
1223477
1224550
1226402
1213627
1211277
1213231
1134083
1232540
1227055
1224713
1222305
1220532
1232907
1221017
1220925
1223563
1245275
1225001
1221373
1220616
1221238
1236892
1234353
1222267
1219884
1231513
1249034
1235792
1222952
1221560
1223895
1227179
1227196
1221447
1217727
1224044
1243187
1227994
1230459
1224646
1227778
1223894
1229748
1228495
1225668
1222986
1235425
1225555
1224448
1228840
1079525
1085050
1102554
1107002
1108616
1126337
1149824
1170607
1172047
1170252
1039475
1133730
1142899
1041542
1102094
1036605
1061190
1226020
1222160
1217585
1234136
1235982
1220440
1224411
1217544
1218608
1246802
1039355
1068115
1062748
1039960
1111023
1046195
1134798
1132784
1127019
1034869
1045738
1232651
1228548
1245075
1245783
1238227
1233377
1233763
1232538
1233761
1178483
1181925
1181905
1039547
1144486
1147519
1045199
1098593
1039163
1069002
1234089
1232650
1225935
1222275
1221809
1226712
1232154
1216654
1218602
1237457
1221213
1224835
1229087
1219903
1226863
1222152
1223757
1226918
1231259
1240041
1225865
1225527
1219405
1221904
1236257
1225307
1219476
1221255
1215200
1243591
1039744
1035356
1036617
1038126
1043984
1037943
1037533
1041411
1036513
1036397
1227444
1195836
1215771
1229894
1046345
1197948
1046136
1145459
1168156
1046876
1233481
1221732
1214702
1227733
1224991
1221743
1220473
1220081
1220251
1224644
1223644
1225467
1217715
1231196
1241988
1227744
1222096
1224598
1229792
1220379
1229412
1226334
1039449
1037496
1043302
1039692
1032082
1033948
1034005
1075174
1226814
1221108
1227347
1230084
1225880
1225274
1217903
1218235
1229420
1239738
1224627
1224626
1239856
1227083
1228930
1220412
1216235
1234778
1224413
1242258
1231155
1220882
1222974
1221049
1227341
1234040
1225389
1215627
1220492
1236609
1226949
1220814
1218488
1225137
1226414
1231352
1222239
1226111
1223401
1252170
1227300
1156528
1160158
1164513
1180137
1175403
1182757
1187565
1194486
1209312
1225259
1039942
1040773
1069178
1093305
1096599
1107502
1122338
1123078
1134111
1225420
1230064
1201547
1201814
1209921
1206994
1201921
1211525
1208634
1213982
1042624
1039317
1037420
1035565
1046498
1038662
1035331
1039043
1036954
1035450
1225711
1224796
1229002
1240551
1226293
1223831
1216062
1219620
1228902
1145729
1228072
1039221
1040181
1038931
1041308
1038194
1031874
1043048
1036013
1036771
1125623
1119003
1105432
1096204
1097642
1084923
1063569
1056007
1035512
1032169
1229929
1222053
1106181
1104865
1087611
1071987
1057657
1032732
1032479
1037236
1043381
1223577
1226292
1144298
1149692
1166437
1163689
1161023
1174177
1185545
1042213
1035573
1038094
1036877
1045488
1035163
1038258
1035093
1033936
1036490
1236419
1220242
1224110
1221171
1223088
1232587
1213934
1217618
1220866
1212505
1040354
1036573
1035329
1039695
1040079
1038417
1032244
1032578
1036926
1035044
1112670
1222334
1219498
1037040
1038187
1037107
1033392
1035353
1031891
1036466
1042690
1039717
1035582
1038693
1038180
1037446
1040982
1040525
1061953
1075422
1126267
1224667
1139308
1141045
1141398
1125094
1216330
1217293
1034601
1036715
1224750
1228508
1165287
1167623
1167790
1179441
1186594
1186399
1188096
1196681
1042474
1036000
1066234
1072181
1095494
1104878
1107830
1125660
1135243
1137354
1219001
1231121
1234625
1222496
1225669
1224522
1230625
1221235
1218374
1240134
1223205
1231354
1231772
1225970
1226454
1220503
1218437
1045331
1037751
1080839
1224841
1226474
1096888
1118586
1128049
1135899
1141543
1141184
1159501
1164813
1081558
1055183
1216673
1216039
1225597
1222846
1213907
1215373
1215989
1216655
1153262
1153236
1158367
1037450
1122744
1118944
1122661
1044130
1080120
1039458
1039798
1033563
1034196
1035721
1042824
1039926
1040452
1034621
1028671
1034271
1046182
1037021
1037216
1039967
1038644
1042567
1056320
1019298
1021298
1016077
1097681
1127366
1104504
1077193
1037598
1117385
1119371
1107392
1033346
1151540
1225403
1231052
1221682
1214797
1221375
1215068
1220682
1227135
1211519
1243885
1196919
1204804
1166994
1169850
1162904
1156734
1158056
1144911
1140102
1138206
1096271
1035334
1135893
1039586
1207061
1165534
1036802
1235559
1031504
1191570
1238709
1237125
1223187
1220689
1224262
1219190
1237541
1218723
1225594
1231489
1044267
1226687
1228205
1219749
1212175
1223758
1222300
1214320
1226934
1223894
1044317
1039003
1035121
1040673
1040184
1038451
1040710
1037896
1034024
1033363
1219861
1220239
1220967
1222003
1239935
1224629
1221528
1215201
1220997
1254103
1227509
1229953
1219081
1230489
1227202
1224540
1223125
1221564
1225100
1234914
1222680
1226543
1224597
1243923
1231898
1228007
1219671
1220511
1219662
1241935
1225111
1227437
1225883
1227169
1229759
1222447
1221178
1232035
1221521
1238480
1223490
1220482
1221667
1223673
1232273
1227993
1217343
1217542
1221260
1248381
1225395
1228315
1240714
1223083
1226091
1223282
1216002
1221672
1220192
1239911
1241737
1235606
1221857
1229466
1224907
1224105
1227052
1230045
1222052
1236084
1226011
1225575
1226953
1225476
1225167
1225670
1198177
1195078
1197811
1013650
1236557
1226306
1220098
1222940
1225748
1233346
1223938
1218583
1219661
1245940
1225013
1235495
1222063
1220937
1104823
1083408
1071201
1051568
1033137
1036960
1224244
1222418
1038243
1038539
1040439
1036157
1039173
1033244
1036890
1040314
1221109
1216676
1205248
1204717
1220026
1215670
1123084
1032617
1042996
1041936
