146516
178171
184396
180308
179126
192365
84797
72260
181446
150536
98588
119220
99996
67183
153279
147661
70463
70372
165323
128673
81280
79205
190225
67998
105818
70841
89943
99067
162313
71876
77076
104603
75937
144858
161119
175488
71793
95585
97734
76234
72958
83117
126681
106402
71540
77079
82713
84099
95426
71338
75605
81577
88030
79342
141332
76308
85945
118590
72960
68083
73021
80070
77232
81875
69228
95763
100186
72892
91700
91821
86446
129335
77395
75881
65954
67924
66052
77535
81502
76713
72170
140058
175283
82120
68493
92549
68144
82113
92718
91469
108728
70703
143176
76251
151493
211765
139894
81094
216558
134821
135682
91519
121602
75514
96904
65772
73241
143411
163923
155204
