123430
200053
248232
237961
249872
212939
214139
235774
229248
144706
149633
148221
141549
151908
222242
162235
149882
145815
131030
145618
163146
143406
226991
149110
153526
162734
190176
115144
212505
108896
127133
119841
185882
114466
201403
202469
137977
121262
118069
119701
116299
122059
120254
113046
114271
115680
115404
114838
121239
116825
120655
113706
117202
115639
116986
111322
116452
113481
205369
117983
204628
199129
128453
116497
117054
109155
116821
117167
119322
122013
127695
127218
120165
213304
121126
222942
210778
120342
125030
120676
121448
138485
212451
121442
127441
117639
117454
116733
118311
120678
118462
141810
123106
117635
118164
146552
122703
120528
139025
109600
142846
112037
116749
116666
114588
116174
112850
112277
234087
131797
