3807093
3653260
3458663
3463803
2990586
3371372
3535099
3286298
3263570
2208638
2177031
2207293
2152926
2604766
2533146
2445543
2394276
3617820
2383356
2577374
2344594
3459245
2368526
2257444
2351735
2203051
4682246
1914029
2816335
1751297
1497997
1889721
2972521
2669344
2516168
1845254
1479610
1472842
1471384
1441293
1449647
1662059
1421257
1508923
1456574
1438244
1427797
1979969
3870458
1454683
1462130
1465339
1475132
1457557
1477181
1469422
1446114
1802038
2559358
2319811
2785617
1774862
1422816
1497028
1382948
1694396
1450679
1430620
1435587
1805561
2188231
1518009
1929517
3021844
2692568
2796192
1987827
1855417
1987762
2060008
1915879
2774153
2032855
1711097
1669874
1644023
1675901
1590349
1883403
1628900
1892491
1837535
20502215
1923024
2607121
1974496
2259680
2014176
2573539
3063093
2731295
1718722
1988879
1616868
2028519
2256684
3043004
2993092
2256957
1924689
