163733
60249
53116
60850
59738
68550
53590
61131
81068
59668
36018
64667
61535
40870
38218
34206
138973
125778
34290
144878
38011
34572
49095
141285
34982
53861
31638
34768
48523
31289
34581
66178
57222
31481
31268
34710
31670
54453
49842
32960
68021
55602
47446
33311
35084
54681
31747
31904
32336
32232
48729
46148
32055
46354
54210
29124
31769
33348
44233
45714
49367
50514
43581
29358
64281
51485
44276
43935
43763
52310
29680
43472
43387
46104
43489
29196
44266
63925
45928
43486
48602
47109
43529
43781
43330
64077
51917
43563
43481
43906
46679
39550
43972
64227
48461
43838
43420
43518
43812
43433
64079
52190
46569
43754
28887
43832
46281
29129
63851
51428
29280
43169
44299
45984
29453
44475
46682
64149
48019
