44992
43949
39576
39343
137763
142663
38950
43300
42326
43072
42770
39546
43123
43439
40768
42411
39085
41277
38627
37812
42119
46954
42126
40157
40853
41382
44699
41151
38076
36347
43591
37159
42000
136679
37738
42774
37968
44826
38917
40597
37432
37465
38568
41708
35306
36815
38562
38356
38732
91595
42127
36930
51190
37269
35916
41501
35295
38694
35163
37779
42073
44715
36783
42954
40765
41092
74332
47676
40169
38358
38498
36964
40990
40751
42573
42329
57830
40521
41559
42796
38370
41690
40670
40808
37355
36648
59864
36195
42032
71468
41661
38994
42233
38182
43624
128325
87654
41593
115199
147568
108574
75067
41720
75722
40005
46071
43223
41859
37613
41692
