57634
57140
48326
63534
56229
66260
49364
50269
54345
47950
54824
39412
54922
37878
34970
38116
31456
51489
34482
132495
38158
34811
48042
126875
35403
50605
34819
48011
34391
51037
34290
91986
54532
34180
31946
34206
57080
35440
49904
47092
67759
51635
34952
34770
34366
47502
31932
29249
50558
31797
32119
29229
32011
29176
51583
32008
29229
29262
28880
29493
51781
45764
29442
51335
62044
51291
43986
29188
28943
51154
29463
29116
29276
28849
29489
32067
29528
64131
51451
43334
29365
43815
29491
43762
43779
64579
31938
29435
43565
29045
29153
43497
29013
64109
51530
28943
31694
41509
29283
29099
64098
51703
43368
29390
29183
45891
28910
29807
63968
51621
29229
29129
29091
29223
28968
29784
32506
64539
49709
