150789
182889
174013
188219
177601
188448
175653
187138
192166
155787
107727
97866
115424
115663
195132
147871
107083
158643
184918
156521
147699
149073
181847
151049
107386
109180
102959
100918
185842
141851
147848
106669
186753
144765
180346
182708
147068
104235
103465
114274
90383
90671
150238
101254
101767
99722
108998
96983
103851
96339
81096
109107
106256
86930
153581
106780
109140
105135
180844
149271
191518
202072
146388
102762
107430
105501
102342
109024
103266
100041
107845
151524
102194
172807
144505
188935
189163
161662
156738
144911
110799
155382
188402
122280
100940
105701
102527
103564
100195
98072
153849
101743
144779
155345
158267
218136
158377
145677
216662
154945
207929
103566
102229
89732
141130
113523
155683
142417
189282
149053
