177929
175266
81855
79496
82406
78419
126888
85216
79657
145729
48747
66686
46100
66044
49833
45780
42976
136044
46428
45408
45465
78680
43018
45980
45910
50103
45280
66423
46405
43480
45792
77383
65637
47204
45293
46921
66399
45403
42500
67152
85188
66982
44888
44229
41627
42269
41695
38539
39100
39373
50940
38678
38759
38927
61766
38739
38658
38861
36170
36280
61609
38845
39344
58664
74652
58517
38346
38988
39222
58205
40280
39217
38656
38877
39181
38557
39012
70721
61727
35727
36795
36014
36315
35427
38759
71807
39699
38971
37877
39230
37073
38818
35943
70811
58782
38742
39600
38845
38713
36887
70800
61951
39186
39028
39220
39019
61118
39188
71957
59149
39014
39067
38799
36248
36093
36332
39360
71136
60906
