58539
66034
48280
57900
57386
61010
64094
58778
57587
49461
40649
37386
35602
42322
41958
39514
34727
38770
38498
35759
35551
35032
34717
34853
35241
34908
37986
58278
34847
37914
34958
69846
58081
34571
35009
38504
55083
33539
36025
33086
70478
58152
35312
34713
35004
54957
35037
32417
33068
32354
32511
32625
30160
29421
54617
32054
32279
32203
29330
29448
51624
29841
29653
52242
64260
51370
29724
32410
32103
51834
29155
32531
29520
32009
32084
31746
29599
63934
30091
32390
29236
29559
32683
29430
29713
64896
29505
29283
32481
29322
29186
32283
30087
65097
52081
31957
32275
29604
29528
29556
64874
54636
29572
29315
30162
29302
30153
29748
64765
54886
29333
32920
29740
29668
29256
29413
32636
65008
51902
