1273064
1231790
1261138
1173965
761974
740458
728409
741822
963949
794451
1042462
885208
724311
923125
737720
744165
740687
714092
736172
744545
747452
718089
742239
747279
712652
739397
737042
746703
744240
749557
737024
658206
692654
689410
649528
646153
622065
665159
634119
627390
609937
529435
581640
523021
530010
558101
642045
542521
524697
536843
507346
514809
511135
516072
551006
576661
509421
503714
499224
500833
530359
504752
511233
508602
498809
590971
509314
499663
502378
573072
497240
526138
495159
497944
505717
503256
505976
492959
515673
497904
518017
526995
494469
487535
619817
500993
507152
675994
519459
499522
498952
505428
493353
504184
508756
508791
500704
498635
512321
496872
500228
529487
501854
514390
496194
484500
571286
573528
502409
501501
523516
543817
494526
