2678890
2655375
2648382
2663000
2550417
3664002
3327895
3650600
3526065
3671169
2550334
2581752
2682342
3616773
2583461
2541644
2436468
2482728
2394448
2378333
2531840
2667455
2492332
2364749
2399973
2471801
2497500
2351595
2207651
2339753
2482321
2211959
2272451
2236911
2263000
2134165
2188750
2012676
1984381
1847806
1878854
1989652
2157929
1839087
1872484
1806521
1895649
1815994
1822121
1813559
1789657
1860735
1778922
1812269
2207456
1746004
1701040
1721087
1780867
1816049
1838297
1845189
1847339
1798064
1812675
1803130
1850542
2123750
1847124
1799014
1733426
1835842
1739961
1763506
1763414
2120600
1749225
1757766
1799480
1790771
1905131
1770513
1780321
1995522
1832457
1803823
1772806
1780801
1766841
1766910
1992993
1760124
1757637
1761210
1797970
1735795
1748307
1810266
2094317
1771000
1784497
1833805
1775276
1807766
1755290
1781594
1776032
1926071
1740108
1811014
