153328
184088
192467
172710
177300
182410
165448
181868
185277
155471
104546
110518
97306
95887
166238
153771
97611
152151
178179
139529
147864
143329
185334
143170
120351
110443
112731
112341
180598
69970
146551
114987
178634
158361
168250
186544
143204
87145
97008
83881
73790
78020
130067
108372
89956
97302
94539
97171
86299
88524
87672
96860
86774
85050
150793
112496
90813
106572
176894
129446
170740
178215
139513
78463
107251
89220
90357
78796
89394
78460
104781
154487
96865
123202
69960
175113
176603
141171
132826
130635
110183
145634
188112
153283
99100
88330
97366
74606
92792
81930
101331
99462
150060
143194
73285
214242
154324
141669
222053
150636
139250
79819
110301
82660
96604
97417
136772
124303
158369
149550
