129859
40701
43406
51637
37668
43432
37274
45722
43377
36856
44747
37763
43290
41522
40456
34965
41251
35382
39037
39136
37921
34400
36775
37526
36664
41198
40825
34983
41670
39985
39060
36970
38426
32959
36756
36343
37098
38283
38232
35854
35661
39729
35305
38976
40734
38084
36635
41115
37763
89696
38973
37987
40528
34980
34972
35119
36739
34321
34760
33359
35203
38779
40649
34373
34261
32490
68345
37771
34754
36871
40742
41763
38058
42338
38532
41320
36500
34834
39186
37888
103814
34942
129529
39089
38415
41637
34520
38103
35107
70935
40563
38907
41145
42095
40687
110551
131690
39413
69696
41018
108432
119276
37930
74118
37950
40019
38207
41563
33897
39435
