157164
59475
48414
72159
51360
56127
62620
60760
50863
49326
37849
40172
35164
54182
35458
34576
34909
36153
38359
38446
38474
41777
35295
34931
34855
40711
37896
58173
31935
34556
40901
66574
57222
34963
34952
51823
58515
33645
34225
32540
87490
57885
35471
35816
34910
54868
32172
32263
33293
31955
32130
32032
32425
32083
54232
32726
29159
31581
32111
32336
51807
29564
29456
51923
61949
52164
29383
29217
29112
51629
29307
29513
29527
29586
29448
32223
32530
64643
55334
29661
29413
29768
31677
29199
32310
64691
29609
30253
32289
29874
32136
29236
29421
64023
51820
29560
33004
29612
29689
29184
64205
52134
29021
29670
29564
32115
29773
32246
64441
51995
32167
30253
32488
29372
29900
32425
29573
64216
51973
