56925
49775
54239
56592
56869
53809
56624
55925
55470
48040
36267
35948
35419
34923
34713
37847
35181
34826
38369
51429
34927
34740
34736
47716
34353
34950
38148
54659
34787
31115
31660
66482
54596
31259
34896
34902
57518
35807
33032
44991
68011
54962
32002
34609
32136
55361
31371
31700
48675
32600
31780
32186
29217
29916
54194
28905
31806
29164
29105
29138
51604
31989
29088
51896
64258
51829
29147
28974
29379
54279
29097
29446
29165
29483
29448
29353
29698
64273
52161
29210
29916
29591
29258
29286
29660
64566
29221
31543
28857
29680
29233
29265
29388
64022
51225
29630
29191
29387
29365
30274
61939
51445
28989
32087
29371
26882
29027
29096
61815
52298
29653
29546
31972
29272
29743
29320
28919
61541
51507
