1617233
2233710
2125737
1531334
1395735
1486501
1347359
1278569
1814819
1410684
1871312
1860517
1365460
1324536
1291503
1272345
1658763
1287472
1321049
1305957
1283510
1282392
1319972
1332119
1258609
1294209
1262951
1337302
1268993
1326301
1331398
1190027
1169813
1188185
1222626
1170387
1125331
1122186
1181993
1154317
998668
1042514
1095354
960350
970857
1014196
1161519
942776
989526
909567
935406
913133
930065
900633
936661
1189508
893070
906334
915857
928784
899854
907055
903933
925598
989382
1180791
952838
966334
903023
1127382
939199
902440
896886
931027
924281
897714
911649
912328
937690
1002926
876705
929200
901527
898916
1100180
912992
935912
914460
913949
935337
921646
887855
930368
924180
930551
924713
913387
899051
911147
931862
947511
936519
902163
919491
890071
918609
1158593
952622
886433
907406
921837
901251
919227
