603107
694500
668947
697621
714939
712892
795409
792234
630280
694257
38062
44805
38593
37734
39441
36291
39955
40542
39019
42261
37048
39627
39115
38801
39375
39832
36131
37220
39336
36747
32763
97001
38556
33107
32723
36339
33385
36852
54043
33445
96100
48371
49012
34532
34348
46618
45117
30766
33103
43575
46507
45632
33179
47665
50014
33585
31040
48245
46647
45222
44832
45742
45442
46488
75615
45223
45126
46220
45092
41621
44176
47761
45257
47769
47093
42708
46122
80650
45792
45881
45944
45526
45877
44951
45817
78741
52501
46134
47271
45385
45713
45314
45934
86468
45850
45813
45702
47748
45178
46329
77881
53459
46643
45550
43823
45540
45558
44704
77688
47953
46590
45973
45914
47302
43254
47626
47980
90633
46009
