41369
46554
39478
37275
39178
36859
39287
43636
44263
39104
41901
44300
38991
39949
35002
41749
38772
38816
39830
38323
40999
46579
34373
38586
38062
40173
40337
40153
41492
40353
40372
38823
35056
34791
38346
39647
37863
39618
32590
39828
37435
34599
38869
34772
40578
38703
34917
37875
34554
90553
38606
41028
35335
37026
34291
40906
36553
40176
36609
33794
116556
38897
37551
35707
36856
33435
71789
36674
40116
38236
37542
34459
51973
100837
48210
40582
40118
40882
34640
35567
88362
34572
51896
39782
42290
37976
34158
39048
35235
81778
34782
38208
39401
35117
37376
177500
68086
40356
165754
143908
176198
90277
37398
73451
38182
40530
47696
37733
34840
39287
