60508
58725
49906
59467
57824
56570
53635
52227
52345
89042
45210
37176
44237
55712
38679
35348
35442
47358
37998
57183
34914
35045
37611
46742
34666
43647
34851
50257
31492
40825
34848
75964
58757
35107
36019
35846
38212
33337
43229
38418
71581
58277
40505
33115
32555
57936
34774
41111
38663
31886
30374
41575
29268
32492
51911
31732
31868
29390
29592
32248
51747
37055
29549
40101
65259
51933
36510
29407
34504
63103
32131
32670
32033
29612
29830
32138
29769
64208
52160
38961
29372
36742
32124
34330
36743
63933
29340
29862
36893
29717
29507
37130
32561
61874
55289
26967
31833
44435
29467
29122
64424
52183
36675
31288
30132
36701
31868
29562
61895
54568
35872
30284
29481
29449
32205
29759
29621
64286
51265
